0.0463514253497124,0.048629030585289,0.0511186271905899,0.053611945360899,0.0560568645596504,0.0584642216563225,0.0608414895832539,0.0632075816392899,0.0655643194913864,0.0679117739200592,0.0702464506030083,0.0725709721446037,0.0745473727583885,0.0748932734131813,0.0733647644519806,0.0708988532423973,0.0681234449148178,0.0653036385774612,0.0625308454036713,0.059801023453474,0.0570995882153511,0.0544112622737885,0.0517467856407166,0.049078818410635,0.0464133843779564,0.0437784530222416,0.0415762104094028,0.0410861521959305,0.0424079746007919,0.0446003377437592,0.0470770262181759,0.0495858117938042,0.0518405884504318,0.0526093095541,0.0514026470482349,0.0491147898137569,0.0464629903435707,0.0437405370175838,0.041055079549551,0.0384055115282536,0.0357846841216087,0.0331853330135345,0.0308698937296867,0.0300980489701033,0.0312490835785866,0.033398624509573,0.0358927100896835,0.0384531468153,0.0409715175628662,0.0434349104762077,0.0458791106939316,0.0483004562556744,0.0505936145782471,0.0516423434019089,0.0506839640438557,0.0484928265213966,0.0458537377417088,0.0431152433156967,0.0404132008552551,0.0377665907144547,0.0351452007889748,0.0325456261634827,0.029949314892292,0.0273606032133102,0.0247970186173916,0.0222369339317083,0.0198449417948723,0.018797118216753,0.0197285301983356,0.0218208599835634,0.0243269167840481,0.0269209798425436,0.0294214393943548,0.030852822586894,0.0302553176879883,0.0282658133655787,0.0257481504231691,0.0230927299708128,0.0204630736261606,0.0178813189268112,0.0154010877013206,0.0139451362192631,0.0144865550100803,0.0164132136851549,0.0188786312937737,0.0214838273823261,0.0240781679749489,0.0266198124736547,0.0291118379682302,0.0315904840826988,0.0340556502342224,0.0365158393979073,0.0389421321451664,0.0405699238181114,0.040232889354229,0.0383559428155422,0.0358405858278275,0.03315419703722,0.0304597243666649,0.0278250016272068,0.0252319686114788,0.0226610004901886,0.0200949423015118,0.0175329651683569,0.0149824433028698,0.0124481720849872,0.0099201910197734,0.0074048545211553,0.0049234014004468,0.0032348614186048,0.0035013107117265,0.0053140586242079,0.0077614979818463,0.0097758648917079,0.0099314525723457,0.0083736330270767,0.0060407174751162,0.0034671085886657,0.0008798856288194,-0.0016506911488249,-0.004131912253797,-0.006013891659677,-0.006039272993803,-0.0043703881092369,-0.0019440546166151,0.000701637007296,0.0033610390964895,0.0059779207222163,0.0085469586774706,0.0110910134389997,0.0136232562363148,0.0161445029079914,0.0186460614204407,0.0207291711121798,0.0210958756506443,0.0196397230029106,0.0173010006546974,0.0147002618759871,0.0120551995933056,0.0094513902440667,0.0069042574614286,0.0043793963268399,0.0018650681013241,-0.0006327231531031,-0.0031255618669092,-0.0056049283593893,-0.0080685606226325,-0.0105353333055973,-0.0129954032599926,-0.0150355314835906,-0.0153516866266727,-0.0138500882312655,-0.0114704435691237,-0.0090876528993248,-0.0082128597423434,-0.0093008261173963,-0.0114218164235353,-0.0138959819450974,-0.0164318978786469,-0.0189213789999485,-0.0213672816753387,-0.0237851664423943,-0.0261870976537466,-0.028580330312252,-0.0309616290032864,-0.0330752991139889,-0.0336602851748466,-0.0323094092309475,-0.0299343224614859,-0.0272321216762066,-0.0244825333356857,-0.0217724479734898,-0.0191063228994608,-0.0166413355618715,-0.0155360884964466,-0.0164320282638073,-0.0184809155762196,-0.0209144819527864,-0.0234416984021664,-0.025919059291482,-0.0283519551157951,-0.0307637434452772,-0.0331542007625103,-0.0355366133153439,-0.0379185415804386,-0.0402889139950275,-0.0426420643925667,-0.0447790026664734,-0.0454694703221321,-0.0442142710089684,-0.0418746583163738,-0.0391528531908989,-0.0363624021410942,-0.0337113030254841,-0.0322285667061806,-0.0327907465398312,-0.0346594378352165,-0.0370191894471645,-0.0394862107932568,-0.0419336780905724,-0.0443252585828304,-0.0466846413910389,-0.0490366816520691,-0.0513735488057137,-0.0537105910480022,-0.0560361444950104,-0.0583539828658104,-0.0606659241020679,-0.0629679411649704,-0.065174825489521,-0.0662526562809944,-0.0653272420167923,-0.0630955398082733,-0.0604037903249264,-0.0585004165768623,-0.0586353056132793,-0.060267549008131,-0.062499925494194,-0.0648756623268127,-0.0672390908002853,-0.0695622116327286,-0.0718144029378891,-0.073172390460968,-0.0725114420056343,-0.0703914389014244,-0.0676923543214798,-0.0648497492074966,-0.0620158240199089,-0.0592316947877407,-0.0564806237816811,-0.0537552461028099,-0.051044125109911,-0.0483447052538395,-0.0456521809101105,-0.0429814606904984,-0.0403127446770668,-0.0376515090465546,-0.0349994897842407,-0.03235899284482,-0.0297397002577782,-0.0271380096673965,-0.0245423391461372,-0.0219582766294479,-0.0193775650113821,-0.0168069526553154,-0.0142663633450866,-0.012414513155818,-0.0125195197761059,-0.0142292119562626,-0.0166191235184669,-0.019202059134841,-0.0217966344207525,-0.0243357699364424,-0.0268357656896114,-0.0288311969488859,-0.0289948750287294,-0.0274166353046894,-0.0250253267586231,-0.0229016989469528,-0.0225442126393318,-0.0239649694412947,-0.0262335762381554,-0.0287533849477768,-0.0312953740358353,-0.0338013805449009,-0.036256454885006,-0.0386875048279762,-0.0411024838685989,-0.0435109585523605,-0.0458990521728992,-0.0482864454388618,-0.0506602674722672,-0.0530245006084442,-0.0553859695792198,-0.0573966577649117,-0.0577753260731697,-0.0562872290611267,-0.0538487285375595,-0.0514396876096725,-0.050637811422348,-0.0517330132424831,-0.0538017749786377,-0.0561792813241482,-0.0586076080799103,-0.0609972849488258,-0.0633321329951286,-0.0656493529677391,-0.0679577142000198,-0.0702512562274933,-0.0725293755531311,-0.0748105421662331,-0.0770806670188904,-0.0793377384543419,-0.0815884098410606,-0.0836297869682312,-0.084221750497818,-0.082852765917778,-0.0804162472486496,-0.0775987356901169,-0.0747107118368149,-0.0718595162034035,-0.0690614134073257,-0.0662874802947044,-0.0635218992829323,-0.0607786327600479,-0.0580478794872761,-0.0553319901227951,-0.0526193492114544,-0.0499179512262344,-0.0472270138561726,-0.0447699055075645,-0.0437795259058475,-0.0447468869388103,-0.0467875450849533,-0.0490647181868553,-0.0501950271427631,-0.0493058599531651,-0.0471526123583317,-0.0445119887590408,-0.0417707115411758,-0.0392249897122383,-0.0380752459168434,-0.0389356762170792,-0.0409619808197021,-0.0434044748544693,-0.0459135659039021,-0.0483909472823143,-0.0508147701621056,-0.0532130748033524,-0.0555791929364204,-0.0579436793923378,-0.0602979436516762,-0.062642976641655,-0.064985416829586,-0.0672551840543747,-0.0685173273086548,-0.0677694082260132,-0.0656415149569511,-0.0629638805985451,-0.0601568445563316,-0.0573732852935791,-0.0546347908675671,-0.0519269220530987,-0.0492383167147636,-0.046562921255827,-0.0438953824341297,-0.0412362739443779,-0.0385916829109192,-0.0359622538089752,-0.0333459302783012,-0.0308035407215357,-0.0292872339487076,-0.0297776870429516,-0.0316445603966713,-0.0340209417045116,-0.0357532948255539,-0.0355102643370628,-0.0336901322007179,-0.0312015190720558,-0.0285302717238665,-0.0258592218160629,-0.0232455432415009,-0.0207027960568666,-0.0189802795648575,-0.0192153230309486,-0.0209908336400986,-0.0233949348330498,-0.0259637758135796,-0.0285337939858437,-0.0310495868325233,-0.0335225835442543,-0.0359787344932556,-0.0384232550859451,-0.0408582761883736,-0.0432711727917194,-0.0450883321464062,-0.0450399294495583,-0.0433059707283974,-0.0408146381378174,-0.0381046682596207,-0.0353883355855942,-0.032713208347559,-0.0300800018012524,-0.0274643525481224,-0.0248858779668808,-0.0230211261659861,-0.0230678766965866,-0.0247228145599365,-0.0270616374909878,-0.029605507850647,-0.0321468785405159,-0.0346359014511108,-0.0370841883122921,-0.0395147874951363,-0.0419309474527836,-0.0439243391156197,-0.0442063957452774,-0.0426657199859619,-0.040241613984108,-0.0379889011383057,-0.0374167561531067,-0.0386823862791061,-0.0408545359969139,-0.0433040745556355,-0.0457922704517841,-0.04823949187994,-0.0506443716585636,-0.0530293695628643,-0.0553950294852257,-0.0577458813786507,-0.0600942671298981,-0.0624245181679726,-0.0647468641400337,-0.0670548751950264,-0.0693586692214012,-0.0713874474167824,-0.0718659311532974,-0.0704300105571747,-0.0679884105920792,-0.065483883023262,-0.0644583851099014,-0.0653879195451736,-0.0673740580677986,-0.0697027295827866,-0.0720887780189514,-0.0744361877441406,-0.0767299830913544,-0.0790108889341354,-0.0812790244817734,-0.0835416093468666,-0.0857902616262436,-0.0880351811647415,-0.0902761071920395,-0.0925060212612152,-0.0947248786687851,-0.0967738032341003,-0.0974943265318871,-0.0962082520127296,-0.0937697514891624,-0.0909191817045212,-0.0879926085472107,-0.0851076543331146,-0.0822714045643806,-0.0794509574770927,-0.0766568705439568,-0.0740838795900345,-0.0729933381080627,-0.0738643631339073,-0.0758044049143791,-0.0781151950359344,-0.0804842635989189,-0.0828186422586441,-0.0851148068904877,-0.0873759388923645,-0.0896268337965012,-0.0917807519435883,-0.0928025618195534,-0.0918307900428772,-0.089554138481617,-0.0867827087640762,-0.0838914066553116,-0.0810250043869019,-0.0782153680920601,-0.0754366591572762,-0.0726729780435562,-0.069929301738739,-0.0671927779912949,-0.0644638910889626,-0.061744187027216,-0.0591654442250729,-0.0578389763832092,-0.0585208982229233,-0.0604370161890984,-0.0627866685390472,-0.0652298182249069,-0.0676167011260986,-0.0690732896327972,-0.0684899240732193,-0.0664418190717697,-0.0638165771961212,-0.0610468238592148,-0.0582864992320538,-0.0555708631873131,-0.0528861843049526,-0.0502215884625912,-0.0475732684135437,-0.0449311286211014,-0.0423429906368256,-0.0406743288040161,-0.0409991480410099,-0.0427726432681084,-0.045136172324419,-0.0476417727768421,-0.0501366034150124,-0.0525833368301392,-0.0549857541918755,-0.0566809959709644,-0.0564542002975941,-0.054614394903183,-0.0520935170352459,-0.0500686690211296,-0.0499756522476673,-0.051523607224226,-0.053784504532814,-0.0562498047947884,-0.058713261038065,-0.0611269176006317,-0.0635043159127235,-0.0658563375473022,-0.0681952759623528,-0.0705361664295197,-0.0728575438261032,-0.0751700550317764,-0.0774692893028259,-0.0797513350844383,-0.0820291712880135,-0.083810068666935,-0.0837809965014458,-0.0820007920265198,-0.0794102400541306,-0.0765693336725235,-0.073706641793251,-0.0708998888731003,-0.068131759762764,-0.0653913393616676,-0.0626691877841949,-0.0599571019411087,-0.0572598055005074,-0.0545698180794716,-0.0518968030810356,-0.0498292297124863,-0.0496314689517021,-0.0511283650994301,-0.0533700510859489,-0.0558177791535854,-0.0582849755883217,-0.0603602603077888,-0.0607686415314674,-0.0592936277389526,-0.0568828321993351,-0.0541615299880505,-0.0514044798910618,-0.048689492046833,-0.0460160374641418,-0.0433617383241653,-0.040722668170929,-0.0380935706198215,-0.0354827754199505,-0.0328832156956196,-0.0302903465926647,-0.0277063921093941,-0.0251266825944185,-0.0229195356369019,-0.0223512314260006,-0.0236450415104628,-0.0258796419948339,-0.0282177310436964,-0.0291453432291746,-0.0280826091766357,-0.0259043984115124,-0.0233372300863266,-0.0206943172961473,-0.0180861167609692,-0.0155179938301444,-0.0129869263619184,-0.0104774301871657,-0.0079763811081647,-0.0054742293432354,-0.0029889252036809,-0.0005005223210901,0.0019765794277191,0.0044400580227375,0.0066840033978223,0.0074633825570344,0.0062911007553339,0.0040489272214472,0.0015695040347054,0.0002349302667425,0.0009391606436111,0.0029158359393477,0.0053580910898745,0.0079084187746048,0.010431632399559,0.0129050817340612,0.0153483804315329,0.0177760906517506,0.020183801651001,0.0225933734327555,0.0249976236373186,0.0273781586438417,0.0295859593898058,0.0304391011595726,0.0293177850544453,0.0270510502159595,0.0243709124624729,0.0216218624264002,0.0189623385667801,0.017361406236887,0.0177921243011951,0.019621517509222,0.0219842474907637,0.0244787558913231,0.0269606113433838,0.0293942764401436,0.0317933298647404,0.0341786444187164,0.0365507230162621,0.0389206483960152,0.041280847042799,0.0436349995434284,0.0459748134016991,0.0483113899827003,0.0505853183567524,0.0518256686627865,0.0510651022195816,0.0489174872636795,0.0462680123746395,0.0442721880972385,0.0442399606108665,0.0458039343357086,0.0480067133903503,0.0495828241109848,0.0492075830698013,0.0472697727382183,0.0446761213243008,0.0419006943702698,0.039126455783844,0.0364023074507713,0.0337174646556377,0.0310553982853889,0.0284136310219765,0.025778416544199,0.0231685563921928,0.0205648504197598,0.0179638620465994,0.0153701668605208,0.0128032844513655,0.0108341267332435,0.0107333613559604,0.0123143773525953,0.0146382767707109,0.0171912014484406,0.0197607222944498,0.0222823247313499,0.0247671268880367,0.0272304322570562,0.0296555906534195,0.0313630849123001,0.0311538353562355,0.0293442122638226,0.0268481373786926,0.0241571310907602,0.0214652474969625,0.0188266672194004,0.0162267703562975,0.0136388428509235,0.0110727772116661,0.0089321434497833,0.0085102664306759,0.0099194943904876,0.0121909081935883,0.0147435646504164,0.0173245072364807,0.0198720917105675,0.022367175668478,0.0248428955674171,0.0272933971136808,0.029231695458293,0.029340697452426,0.0277146156877279,0.0252922736108303,0.0226217079907656,0.0199290458112955,0.0172899607568979,0.014692741446197,0.0121137490496039,0.0095500890165567,0.0072737308219075,0.0065394043922424,0.0077107478864491,0.0099032260477542,0.0121648171916604,0.0129349930211902,0.0117413271218538,0.009510894306004,0.0069292718544602,0.0042857793159782,0.0016973589081317,-0.0008405081462115,-0.0033437362872064,-0.0058293854817748,-0.0083175832405686,-0.0108032878488302,-0.013267220929265,-0.0157209224998951,-0.0181732904165983,-0.0206124801188707,-0.0228868965059519,-0.023829685524106,-0.0227396413683891,-0.0205160863697529,-0.0178914964199066,-0.0151896541938186,-0.0125174624845386,-0.0098920473828911,-0.0072947195731103,-0.004708623047918,-0.0021419890690594,0.0004159129748586,0.0029666253831237,0.0055104997009038,0.0078168166801333,0.0086683994159102,0.0075561869889497,0.0053636501543223,0.0028154491446912,0.0001901773794088,-0.0023088781163096,-0.0036423164419829,-0.002954427851364,-0.0009533342672511,0.0015482326271012,0.0041658282279968,0.0067574651911854,0.0093105714768171,0.0117219034582376,0.0129787586629391,0.0122306868433952,0.0101757720112801,0.0076433513313531,0.0049971914850175,0.0023736972361803,-0.0001864080404629,-0.0027252594009041,-0.0052491882815957,-0.0077513409778475,-0.0102475807070732,-0.0126987639814615,-0.0142466574907303,-0.0137785980477929,-0.0118526834994555,-0.0093522649258375,-0.0066941697150468,-0.0040437662974,-0.0014468266163021,0.0011080825934186,0.0036432305350899,0.0061727040447294,0.0086844097822904,0.0111857382580638,0.0136756440624595,0.0161642804741859,0.0186424478888512,0.0210686475038528,0.0225807130336761,0.022083917632699,0.0201352462172508,0.0176267754286528,0.0156541578471661,0.0155957341194153,0.0171896331012249,0.0194987189024687,0.0213161576539278,0.0211982689797878,0.019442230463028,0.016988530755043,0.014322318136692,0.0116492584347725,0.0090256286785006,0.0064519345760345,0.0039055491797626,0.0013675546506419,-0.0011597776319831,-0.0036758312489837,-0.006179969292134,-0.0086774276569485,-0.0111624673008919,-0.0136407278478146,-0.0156151670962572,-0.0157810710370541,-0.014184401370585,-0.0117908027023077,-0.0091451033949852,-0.0064665186218917,-0.0038457624614238,-0.001276750001125,0.0012803169665858,0.0038196952082216,0.0063617569394409,0.008877620100975,0.0113895181566477,0.0138906994834542,0.0163918789476156,0.0188701767474413,0.0208259057253599,0.0209666844457388,0.0193666759878397,0.0169677026569843,0.0146590508520603,0.0139522850513458,0.0151568101719022,0.0173433683812618,0.0198567546904087,0.0223960131406784,0.0249094776809216,0.0273739844560623,0.0294473059475422,0.0298701710999012,0.0284346528351307,0.0260660275816917,0.0233975108712912,0.0206892788410187,0.018022708594799,0.0153983943164349,0.0128108151257038,0.0102390069514513,0.0076728393323719,0.0051165530458092,0.0027838177047669,0.0019104981329292,0.0029848576523363,0.005145126953721,0.0074402866885066,0.0083586191758513,0.0073086316697299,0.005146016832441,0.0025944928638637,-2.71234748652205e-05,-0.002601949730888,-0.0051359273493289,-0.0076447697356343,-0.0101295430213213,-0.0126060685142875,-0.0150729771703482,-0.017529396340251,-0.0199796296656132,-0.0224216505885124,-0.024857223033905,-0.0271482281386852,-0.0282143503427505,-0.0272810216993093,-0.0251017604023218,-0.0224761888384819,-0.019756717607379,-0.0170596893876791,-0.0144187062978745,-0.0118167549371719,-0.0092189479619264,-0.0068010594695806,-0.0057479180395603,-0.0066997725516557,-0.0087986513972282,-0.0112813357263803,-0.0138537622988224,-0.0163855738937855,-0.0188771933317184,-0.0213295221328735,-0.0237727090716362,-0.0261409170925617,-0.0274869743734598,-0.0268243551254272,-0.0247880015522242,-0.0222244802862406,-0.0195247307419777,-0.0168310403823853,-0.0141810001805425,-0.0115694459527731,-0.0089837526902556,-0.0065113706514239,-0.0051873056218028,-0.0058686770498752,-0.0078529277816414,-0.0103141563013196,-0.0128921950235963,-0.0154393389821053,-0.0179469808936119,-0.0204246193170547,-0.0228690281510353,-0.0252887960523367,-0.026906605809927,-0.0265687946230173,-0.0246751084923744,-0.0221544504165649,-0.0194613859057426,-0.0167675204575062,-0.0141229219734669,-0.0115505298599601,-0.0098004695028066,-0.0100169591605663,-0.0117713892832398,-0.0141569450497627,-0.0167095735669136,-0.0192632768303156,-0.0217608399689198,-0.024221146479249,-0.0266688726842403,-0.0290981717407703,-0.0315163470804691,-0.0339272208511829,-0.0357373878359795,-0.0356777310371399,-0.0339395329356194,-0.0314580798149109,-0.0293619707226753,-0.0291101597249508,-0.0305828973650932,-0.0328316353261471,-0.0353040955960751,-0.037785891443491,-0.0402150191366673,-0.042607743293047,-0.0449730940163136,-0.0473262555897236,-0.0496673062443733,-0.0519975684583187,-0.0543186813592911,-0.0566409230232239,-0.0589578896760941,-0.0612588971853256,-0.0631498470902443,-0.0633220821619034,-0.0616557486355305,-0.0591266490519047,-0.0563337728381157,-0.0535145252943039,-0.0507374703884125,-0.0480046793818474,-0.0457302331924438,-0.0451884344220161,-0.0464824214577675,-0.0486301407217979,-0.0510412976145744,-0.0534743741154671,-0.0558729991316795,-0.0582190379500389,-0.0605508014559746,-0.0628689080476761,-0.0651710703969002,-0.0674723759293556,-0.069487489759922,-0.0699577033519745,-0.068522222340107,-0.0660831481218338,-0.0635789930820465,-0.0625656992197037,-0.0635139718651772,-0.0654920488595963,-0.0678223073482513,-0.0702079311013222,-0.0725553780794144,-0.0748607218265533,-0.0771398395299911,-0.0793956369161606,-0.0816478654742241,-0.0839011445641518,-0.0861480534076691,-0.0883916020393372,-0.0906294137239456,-0.0928527340292931,-0.0949155688285828,-0.0956280454993248,-0.094325453042984,-0.0918935835361481,-0.0890498012304306,-0.086125835776329,-0.0832322239875793,-0.0803874805569649,-0.0775841996073723,-0.0747921094298363,-0.0722455307841301,-0.071161724627018,-0.0720343366265297,-0.0739862993359566,-0.0762969255447388,-0.0786664038896561,-0.0810020640492439,-0.0832934156060219,-0.0855632573366165,-0.0878241211175919,-0.0899755954742432,-0.0909948348999023,-0.0899999812245369,-0.0877084881067276,-0.0849320888519287,-0.0820372328162193,-0.0791682675480843,-0.0763532891869545,-0.0735785961151123,-0.070823460817337,-0.0680823773145676,-0.0653495863080025,-0.0626253560185432,-0.0599123686552048,-0.0572090931236744,-0.0545219741761684,-0.0519478321075439,-0.0505064725875854,-0.0510797128081322,-0.0529538579285145,-0.0552729181945324,-0.0568145923316479,-0.0563255995512009,-0.0543508753180504,-0.0517713986337185,-0.0490371622145176,-0.0463745966553688,-0.0447848960757256,-0.0452292449772358,-0.0470795705914497,-0.0494504012167454,-0.0519420728087425,-0.0544122382998466,-0.0568287186324596,-0.0592123419046402,-0.0615776367485523,-0.0639301016926765,-0.0662708953022957,-0.068604364991188,-0.0709381923079491,-0.0732449740171432,-0.074846476316452,-0.07452392578125,-0.0725985765457153,-0.0699859037995338,-0.0671801343560219,-0.0643588379025459,-0.0615902319550514,-0.058862742036581,-0.056158758699894,-0.053469106554985,-0.050789088010788,-0.0481206737458706,-0.0454626865684986,-0.0428429655730724,-0.0410501882433891,-0.0412178561091423,-0.0429068803787231,-0.0452382154762745,-0.0477409809827805,-0.0502355173230171,-0.0521849431097507,-0.0522884428501129,-0.050638385117054,-0.0481759272515774,-0.0454654730856419,-0.0427383296191692,-0.0400494411587715,-0.0374128110706806,-0.0347981378436089,-0.0322070270776749,-0.0302414298057556,-0.0301547087728977,-0.0317390337586403,-0.0340588577091694,-0.0365852788090706,-0.039131511002779,-0.04162672534585,-0.044068556278944,-0.046492051333189,-0.0489045083522797,-0.050964679569006,-0.0513868182897568,-0.049938578158617,-0.0475531257688999,-0.0448706038296223,-0.0421398356556892,-0.0394502989947796,-0.0367986150085926,-0.0341878123581409,-0.0315915644168854,-0.0289967991411686,-0.0264136381447315,-0.0238444041460752,-0.0212778523564339,-0.0191570930182934,-0.0187758468091488,-0.0202019270509481,-0.0224870052188635,-0.0250307898968458,-0.02761235460639,-0.029940415173769,-0.0307607296854258,-0.0296259000897408,-0.0274143069982529,-0.0248212851583958,-0.0221625864505768,-0.0195368807762861,-0.016964003443718,-0.0146369813010097,-0.0137961516156793,-0.0148968677967787,-0.0170633681118488,-0.019598513841629,-0.0221995785832405,-0.0247595831751823,-0.027280243113637,-0.0297608263790607,-0.0322177931666374,-0.0346738621592522,-0.0371212810277939,-0.0394376181066036,-0.0405170582234859,-0.0395761951804161,-0.0374075807631016,-0.0347961708903313,-0.032074648886919,-0.0293911211192608,-0.0267490707337856,-0.0241482388228178,-0.0215565897524357,-0.018990870565176,-0.0164271704852581,-0.0138805340975523,-0.0113430796191096,-0.0088147772476077,-0.0062933769077062,-0.0039152665995061,-0.0027885120362043,-0.0036627578083425,-0.0057574855163693,-0.0082351835444569,-0.0097966063767671,-0.0093375230208039,-0.0074611250311136,-0.0050233514048159,-0.0024370541796088,0.0001332301762886,0.0026539685204625,0.0050732754170894,0.0064310510642826,0.0057996697723865,0.0037977807223796,0.0012666971888393,-0.0013988969149068,-0.0040433183312416,-0.0066398875787854,-0.0091976262629032,-0.0117343151941895,-0.0142601476982236,-0.0167772751301527,-0.0192650929093361,-0.020946441218257,-0.020654771476984,-0.0188154447823763,-0.0163433961570263,-0.0136969080194831,-0.0110578760504723,-0.0084845181554555,-0.0059408987872302,-0.0034190241713076,-0.0009125856449827,0.0015887175686657,0.0040857009589672,0.0065750572830438,0.0090578459203243,0.0115237180143595,0.0139433350414038,0.0155568197369576,0.0152091905474663,0.0133258868008852,0.0108239892870188,0.0087517295032739,0.008529232814908,0.0100347539409995,0.0123117379844189,0.0148279257118702,0.0173562150448561,0.0198385044932365,0.022290512919426,0.0247081927955151,0.0271027702838182,0.029508488252759,0.0318944230675697,0.0336738638579845,0.0335828550159931,0.0317955017089844,0.0292842127382755,0.0265535712242126,0.0238097365945578,0.0211150199174881,0.0184660535305738,0.0162626076489687,0.0157830957323313,0.0171356871724129,0.0193532034754753,0.0218462981283665,0.0243704952299595,0.0268494766205549,0.0292848274111748,0.0317006409168243,0.0340940020978451,0.0364863350987434,0.0388697981834412,0.0412454791367054,0.0435921885073185,0.0454174727201462,0.0454366952180862,0.0437193363904953,0.0412071272730827,0.0384393893182278,0.0356680750846863,0.0332230813801289,0.0323562398552895,0.0334250703454018,0.0355132557451725,0.0379288457334042,0.0403998345136642,0.0428387969732285,0.0452188178896904,0.0475746802985668,0.0499270111322403,0.0522689484059811,0.0546067245304585,0.0569236874580383,0.0592384040355682,0.0615455769002438,0.0638495460152626,0.0658561512827873,0.0663027241826057,0.0648478791117668,0.0623926520347595,0.059768084436655,0.0584158860146999,0.0591198913753033,0.0610052347183228,0.0633095353841782,0.0657035559415817,0.0680699571967125,0.0703835710883141,0.0724992677569389,0.0732465833425522,0.0719843655824661,0.0695949196815491,0.0668162703514099,0.0639529377222061,0.0611415132880211,0.0583746917545795,0.0556404292583466,0.0529146529734135,0.0501965843141079,0.0475024990737438,0.0448155552148819,0.0421391725540161,0.0394766554236412,0.0368237197399139,0.0341834798455238,0.0315530300140381,0.0289447549730539,0.0263476260006428,0.0237604323774576,0.0211853161454201,0.0186219327151775,0.016063965857029,0.0136016514152288,0.0122729726135731,0.0129753369837999,0.0149812148883939,0.0174628049135208,0.0200724601745605,0.0226538050919771,0.0251869484782219,0.0276461001485586,0.0291652474552393,0.0286731962114573,0.0267299599945545,0.0242618899792433,0.0225512087345123,0.0228220857679844,0.0245969761162996,0.0269795320928097,0.0295362640172243,0.0320877432823181,0.0345771238207817,0.0370251536369324,0.039458654820919,0.0418755933642387,0.0442893542349339,0.0466892756521702,0.0490800067782402,0.051461860537529,0.0538365617394447,0.0561671778559685,0.0577924437820911,0.0575014017522335,0.0556051135063171,0.053029540926218,0.0509538389742374,0.0508069880306721,0.052295483648777,0.0545072332024574,0.0569228827953339,0.0593488663434982,0.0617298223078251,0.0640781074762344,0.0664027780294418,0.0686994791030884,0.0709974691271782,0.0732810869812965,0.0755625814199448,0.0778338462114334,0.0801003351807594,0.0823531001806259,0.0840879380702972,0.084005668759346,0.0821861773729324,0.0795646756887436,0.0767016932368279,0.0738168507814407,0.0709851384162903,0.0681961104273796,0.0654332637786865,0.0626854673027992,0.0599528849124908,0.0572334118187428,0.0545297265052795,0.0518284253776073,0.0491398088634014,0.0464648902416229,0.0443208739161491,0.0439932122826576,0.0453986041247845,0.0476165637373924,0.0497184917330742,0.050194539129734,0.0487766824662685,0.0463988445699215,0.0437131486833096,0.0409742221236229,0.0387097634375095,0.0382067896425724,0.039531484246254,0.0417330749332905,0.0442087054252625,0.0467163622379303,0.0491756349802017,0.0515954233705997,0.053993608802557,0.0563765242695808,0.0587465651333332,0.0611074976623058,0.0634620115160942,0.0658043771982193,0.0679092481732368,0.0685431733727455,0.0672352835536003,0.0648653581738472,0.0621220208704472,0.0593166723847389,0.0565429031848907,0.0538237020373344,0.051121611148119,0.0484408214688301,0.0457732938230038,0.0431127473711967,0.0404707528650761,0.0378399305045605,0.0352211184799671,0.0326018035411835,0.0302177779376507,0.0293001383543015,0.0303380601108074,0.0324493013322353,0.034789152443409,0.0359549000859261,0.035082221031189,0.03296172991395,0.0303781200200319,0.0276940129697323,0.0250400640070438,0.0224366262555122,0.0200031958520412,0.018810112029314,0.0196258947253227,0.0216794479638338,0.0241724476218224,0.0267640389502048,0.0293175168335438,0.0318316668272018,0.034300159662962,0.0367527827620506,0.0391928851604462,0.0416299439966679,0.0439883545041084,0.0453035905957222,0.0446177497506142,0.0425645485520363,0.0399779751896858,0.0372576676309109,0.034551452845335,0.0318908505141735,0.0292746275663376,0.0266790594905615,0.0241896770894527,0.0228362996131182,0.0234863441437483,0.0254380032420158,0.0278753396123648,0.0304301157593727,0.0329670198261738,0.0354554541409016,0.0379012301564217,0.0403413847088814,0.0427392981946468,0.044315692037344,0.043919250369072,0.0419821180403233,0.0394539497792721,0.0375613123178482,0.0376325622200966,0.0392758660018444,0.0415785238146782,0.0440625138580799,0.0465506389737129,0.0489873476326466,0.0513800121843815,0.0537552312016487,0.0561143383383751,0.0584709532558918,0.0608200505375862,0.0631494298577309,0.065465047955513,0.0677861645817757,0.0700843930244446,0.0717619508504868,0.0715615898370743,0.0697024539113045,0.0671111792325974,0.0648849382996559,0.0645173862576485,0.0658838525414467,0.068028412759304,0.070398360490799,0.0727744400501251,0.0751090720295906,0.0774050205945969,0.0796728208661079,0.0819273665547371,0.0841804146766663,0.0864293351769447,0.0886678546667099,0.0908918380737305,0.0931141525506973,0.0953240841627121,0.0971160158514977,0.0971712991595268,0.0953968167304993,0.0927698984742165,0.0898855552077293,0.0869732052087784,0.0841074883937836,0.0812834799289703,0.0784892141819,0.0757085159420967,0.0734495893120766,0.0730164796113968,0.0743197426199913,0.0764278322458267,0.0787844285368919,0.0811620727181435,0.0834926590323448,0.085775300860405,0.0880371183156967,0.0902820974588394,0.0922337770462036,0.0926292240619659,0.0911117717623711,0.0886016190052032,0.0857613086700439,0.0828653872013092,0.0800142139196396,0.0772176533937454,0.0744486898183823,0.0716983526945114,0.0689622834324837,0.0662284642457962,0.0634994208812714,0.0607886128127575,0.0584404766559601,0.0577576458454132,0.0589366219937801,0.0610483139753342,0.0634589120745659,0.0659092366695404,0.0681507363915443,0.0689740180969238,0.0677925646305084,0.0654822066426277,0.0627724826335907,0.0599815137684345,0.0572292283177376,0.0545214712619781,0.0518462099134922,0.0491917170584202,0.0465580523014069,0.0439268201589584,0.0414755716919899,0.0403765439987183,0.0412555672228336,0.0432881377637386,0.0457231774926186,0.0482403784990311,0.0507346615195274,0.0531743094325066,0.0554802678525448,0.0566335655748844,0.0557733401656151,0.0536228604614735,0.0510763674974442,0.0495423749089241,0.0500553138554096,0.0519063025712967,0.0542672760784626,0.0567467585206032,0.0592009723186493,0.0616059824824333,0.0639811605215073,0.066331684589386,0.0686704367399216,0.0710004046559334,0.073323130607605,0.0756338909268379,0.0779264569282532,0.0802122056484222,0.0824546664953232,0.0837632417678833,0.0830764621496201,0.0809361040592194,0.0782334804534912,0.0753780528903008,0.0725408643484116,0.0697500631213188,0.0669955313205719,0.0642599388957024,0.061542883515358,0.0588415823876858,0.0561439581215382,0.0534526221454144,0.0508396215736866,0.0492605678737164,0.0496978648006916,0.0515197739005089,0.0538655407726765,0.0563421621918678,0.0587830320000648,0.060465682297945,0.0601889751851559,0.0583107843995094,0.0557537935674191,0.0529966801404953,0.0502393022179604,0.0475450605154037,0.0448880754411221,0.0422494523227215,0.0396277718245983,0.0370174534618855,0.0344078056514263,0.0318180359899998,0.0292352195829153,0.0266546569764614,0.0241077356040478,0.0222773291170597,0.0223629791289568,0.0240574218332767,0.0264321602880955,0.0284744221717119,0.0287075266242027,0.0271715745329857,0.0248144268989563,0.0221989080309868,0.0195739008486271,0.0169904660433531,0.0144502241164446,0.0119291506707668,0.009426568634808,0.0069336574524641,0.0044526108540594,0.0019712690263986,-0.0005046063452027,-0.0029627624899148,-0.0054217875003814,-0.0073473318479955,-0.0074631171301007,-0.0058376062661409,-0.0034111104905605,-0.0011106780730187,-0.0004430277622304,-0.001662355614826,-0.0038536670617759,-0.006352006457746,-0.0088963378220796,-0.0113996807485819,-0.0138528198003769,-0.0162755101919174,-0.0186891593039036,-0.0210924986749887,-0.0234874822199345,-0.0258827656507492,-0.0282658524811268,-0.0302140153944492,-0.0304288119077682,-0.0288432575762272,-0.0263899154961109,-0.0236718878149986,-0.0209201592952013,-0.0184496268630028,-0.0174835287034512,-0.0184820126742125,-0.0205460973083973,-0.0229800567030907,-0.0254783984273672,-0.0279449243098497,-0.0303633082658052,-0.0327506847679615,-0.0351126380264759,-0.0374694392085075,-0.0398270189762115,-0.0421776361763477,-0.0445202328264713,-0.0468472614884377,-0.0491690598428249,-0.0512715131044388,-0.0519061200320721,-0.0505874454975128,-0.0482109375298023,-0.0455976463854313,-0.0441653877496719,-0.0447688177227974,-0.0466311015188694,-0.048829447478056,-0.0498848259449005,-0.0489323846995831,-0.046710416674614,-0.0440181419253349,-0.0412252247333527,-0.0384639054536819,-0.035753209143877,-0.033068411052227,-0.030405530706048,-0.0277528986334801,-0.0251179747283459,-0.0224897377192974,-0.0198753401637077,-0.0172735881060362,-0.0146802011877298,-0.0121743269264698,-0.0107017289847136,-0.0112303681671619,-0.0131397536024451,-0.0155731281265616,-0.0181338079273701,-0.0206861291080713,-0.0231874007731676,-0.0256495140492916,-0.0281058885157108,-0.0304331723600626,-0.0316337198019028,-0.0308291371911764,-0.0287191737443209,-0.0261237751692533,-0.0234173256903887,-0.0207390673458576,-0.0181031841784716,-0.0155022786930203,-0.0129314381629229,-0.0103986030444503,-0.0086755808442831,-0.0089300544932484,-0.0107207717373967,-0.0131293525919318,-0.0157003365457058,-0.0182553008198738,-0.0207612719386816,-0.0232363063842058,-0.025700842961669,-0.0281108003109694,-0.0295915510505438,-0.0290727969259024,-0.0271025002002716,-0.024550087749958,-0.0218529310077429,-0.0191688053309917,-0.0165319293737411,-0.013934719376266,-0.0113593507558107,-0.0088036451488733,-0.0068822922185063,-0.0068344487808644,-0.0084568755701184,-0.0108050014823675,-0.0127776237204671,-0.0128804622218013,-0.011262116022408,-0.0088789016008377,-0.0062701944261789,-0.0036473171785473,-0.001061083516106,0.0014821866061538,0.0040030591189861,0.0065092598088085,0.0089973341673612,0.0114675080403686,0.0139390816912055,0.0164007134735584,0.01885143853724,0.0212935842573643,0.0232996735721827,0.0235550664365292,0.0219901297241449,0.0195833072066307,0.0169117990881205,0.0142120737582445,0.0115566607564688,0.0089523820206522,0.0063633578829467,0.0037950687110424,0.0012376992963254,-0.0013128897408023,-0.0038523338735103,-0.0063818199560046,-0.00837885402143,-0.00856614112854,-0.0070089194923639,-0.0046505127102136,-0.0020517269149422,0.0005745057133026,0.002851172350347,0.0035268715582788,0.0022866229992359,5.62694185646251e-05,-0.0025047191884368,-0.0051175919361412,-0.0076876408420503,-0.0102100288495421,-0.0124167855829,-0.0130621138960123,-0.011808579787612,-0.0095429997891187,-0.0069422996602952,-0.0042946664616465,-0.0016857436858117,0.0008818897185847,0.0034115999005734,0.0059318165294826,0.0084452396258711,0.0109437508508563,0.0132601791992784,0.0142092732712626,0.0131578035652637,0.0109784826636314,0.0083971135318279,0.0057407352142036,0.0031219534575939,0.0005489749019034,-0.0019972119480371,-0.0045265424996614,-0.0070478608831763,-0.009552214294672,-0.0120445601642132,-0.0145360734313726,-0.0170116517692804,-0.0194761417806149,-0.0217678770422935,-0.0226942300796509,-0.0216286033391953,-0.0194251909852028,-0.0169129781424999,-0.0154617410153151,-0.0160447359085083,-0.0179618038237095,-0.0202972609549761,-0.0216158740222454,-0.0209004059433937,-0.0188429541885853,-0.0162745490670204,-0.0135775171220303,-0.0109144151210785,-0.008295708335936,-0.0057155163958668,-0.0031559888739138,-0.0006126152002252,0.0019190208986401,0.0044463719241321,0.0069613456726074,0.0094825662672519,0.0119790975004435,0.0144244376569986,0.015929102897644,0.0154382288455963,0.0134923104196787,0.0109791960567236,0.0083112306892871,0.0056593520566821,0.0030572414398193,0.0004931209259666,-0.0020499771926552,-0.0045734089799225,-0.0070927864871919,-0.0096015650779008,-0.0121022257953882,-0.0145814968273044,-0.01706288382411,-0.0194953642785549,-0.0209914371371269,-0.0204911194741726,-0.0185384396463633,-0.0160414986312389,-0.0141110401600599,-0.0141059625893831,-0.015733877196908,-0.018068915233016,-0.0206061955541372,-0.0231299195438623,-0.0256106927990913,-0.0280355699360371,-0.0297352839261293,-0.0295188836753368,-0.0276930257678032,-0.0251786895096302,-0.0224742125719786,-0.0197755414992571,-0.0171233713626862,-0.014512550085783,-0.0119171906262636,-0.0093249212950468,-0.0067470460198819,-0.0041874051094055,-0.0021583654452115,-0.0019540712237358,-0.0034873024560511,-0.0058114426210522,-0.0078748194500803,-0.0081543764099478,-0.0066509963944554,-0.0043110758997499,-0.0017201557056978,0.0008986769826151,0.0034790523350238,0.0059990151785314,0.0085049243643879,0.0109951114282012,0.0134736597537994,0.0159453209489584,0.0184044148772955,0.0208522453904152,0.0232956148684025,0.0257211066782475,0.0277823563665152,0.0281982664018869,0.0267483163625002,0.0243659373372793,0.0216903164982796,0.0189819391816854,0.0163106620311737,0.0136848203837872,0.0110863447189331,0.00850042514503,0.0063414052128791,0.0059402137994766,0.0073499749414622,0.0096148233860731,0.0121526550501585,0.014729667454958,0.0172612052410841,0.0197419859468937,0.0221927035599947,0.0246275030076504,0.0268303565680981,0.0275637395679951,0.0263510048389435,0.0240734461694956,0.0214382279664278,0.0187338497489691,0.0160665065050125,0.0134455412626266,0.0108595713973045,0.0082835620269179,0.0060069053433835,0.0052966317161917,0.0064955512061715,0.0086991963908076,0.0112286936491728,0.0138124562799931,0.0163533259183168,0.0188532900065184,0.0213212482631207,0.0237716510891914,0.0260868743062019,0.0271475296467543,0.0261992029845715,0.0240303594619036,0.0214267987757921,0.01872986741364,0.0160623900592327,0.0134394178166986,0.0109796542674303,0.0097755203023552,0.0105793196707964,0.0126197542995214,0.0150923803448677,0.0176505986601114,0.0201844498515129,0.0226677898317575,0.0251291375607252,0.0275692045688629,0.0300007443875074,0.0324233695864677,0.0347683615982533,0.0360660403966904,0.0353630557656288,0.0332947187125683,0.0307644288986921,0.0291027277708054,0.0294817481189966,0.0312846638262272,0.0336347967386246,0.0361311137676239,0.0386048406362534,0.0410315990447998,0.043425377458334,0.0457958690822124,0.0481578893959522,0.0505090318620205,0.0528499260544777,0.0551801845431328,0.0575063452124596,0.0598253384232521,0.0621148198843002,0.0635883286595345,0.0630861446261406,0.0610535964369774,0.0584025420248508,0.0555765330791473,0.0527653768658638,0.0500085279345512,0.0473181009292603,0.0454403534531593,0.0455521382391453,0.0471929535269737,0.0494570359587669,0.0518871806561947,0.0543204098939896,0.0567125864326954,0.0590679198503494,0.0613921545445919,0.0637118369340897,0.0660252124071121,0.06830994784832,0.0699780508875847,0.0697741732001305,0.067905068397522,0.0653080344200134,0.0630878582596779,0.062743291258812,0.0641083940863609,0.0662460550665855,0.0686156004667282,0.0709904208779335,0.0733285322785378,0.0756195262074471,0.0778912752866745,0.080151692032814,0.0824067816138268,0.0846544206142426,0.0868909731507301,0.089134082198143,0.0913567692041397,0.0935743451118469,0.0953611359000206,0.0953922122716904,0.0936126112937927,0.0909931212663651,0.0881096199154854,0.0851983651518822,0.0823355317115784,0.0795198157429695,0.076723501086235,0.0739417523145676,0.0716875866055489,0.0712651833891869,0.0725729092955589,0.0746882259845734,0.0770503282546997,0.0794284865260124,0.0817651301622391,0.0840560272336006,0.0863187611103058,0.0885691866278648,0.09052574634552,0.0909113138914108,0.0893965139985085,0.0868910849094391,0.0840529948472977,0.0811711624264717,0.0783302932977676,0.0755426436662674,0.0727794021368027,0.070025235414505,0.0672910138964653,0.0645649507641792,0.0618446469306946,0.0591370314359665,0.056447084993124,0.0537646189332008,0.0513834431767464,0.0505744889378548,0.0516698770225048,0.0537668578326702,0.0560280941426754,0.0569559149444103,0.0558769926428795,0.0536355301737785,0.0509812235832214,0.0482426509261131,0.0457517169415951,0.0447617396712303,0.0457497388124466
0.0954986438155174,0.0980304256081581,0.100562199950218,0.103074572980404,0.105569921433926,0.108049444854259,0.109949521720409,0.109810888767242,0.107714258134365,0.104717873036861,0.101456522941589,0.0981806218624115,0.0949581861495972,0.0917907133698463,0.0886451601982117,0.0855223909020424,0.0830905437469482,0.0828117728233337,0.0843986496329308,0.0868065357208252,0.0894596129655838,0.0921282470226288,0.0947587192058563,0.0973475128412247,0.0999003648757935,0.102435693144798,0.104561939835548,0.10481470823288,0.102992758154869,0.100132368505001,0.0969241112470627,0.0936780795454979,0.0904704406857491,0.0873209536075592,0.0842107310891151,0.0811304748058319,0.0780567154288292,0.0749891027808189,0.0719335302710533,0.0688948333263397,0.0663430988788605,0.0657657310366631,0.0672245919704437,0.0696414485573769,0.0723746418952942,0.0751374736428261,0.07758729159832,0.0783520340919495,0.076888732612133,0.0742334872484207,0.0711680501699448,0.0680320858955383,0.0649397373199463,0.0619058236479759,0.0589064583182335,0.05592230707407,0.052947822958231,0.0499846376478672,0.0473043620586395,0.046265110373497,0.0474060736596584,0.049759179353714,0.052520677447319,0.0553606525063515,0.0581544376909733,0.0609088093042374,0.0634613186120987,0.0645691677927971,0.0634425580501556,0.0609614513814449,0.0581331327557564,0.0565774366259575,0.0573173128068447,0.0594685263931751,0.0621463693678379,0.0649390071630478,0.0677060857415199,0.0704178363084793,0.0730909109115601,0.0757493898272514,0.0783960744738579,0.0810162052512169,0.0836410671472549,0.0862495452165604,0.0888459980487823,0.0914390906691551,0.0939401686191559,0.095283642411232,0.0943390429019928,0.0918614119291306,0.0887897238135338,0.085573635995388,0.0823891758918762,0.0792611017823219,0.0761620923876762,0.0730841383337975,0.070025734603405,0.0669793486595154,0.0639419704675674,0.0609157308936119,0.0580206736922264,0.0564317665994167,0.0570984371006489,0.0592132061719894,0.0618792995810509,0.0646763294935226,0.0674064010381699,0.0691479593515396,0.0686512887477875,0.0664451271295547,0.0635385289788246,0.06043990701437,0.0573493912816048,0.0543122366070747,0.0513147339224815,0.0483526065945625,0.0454050712287426,0.0424705669283867,0.0395525582134724,0.0366399474442005,0.0337397903203964,0.0308507848531008,0.0279937945306301,0.0260819457471371,0.0263700932264328,0.0283742640167475,0.0310842730104923,0.0332898199558258,0.0333376191556454,0.0314820781350136,0.0287719126790762,0.0258151646703482,0.0228552594780922,0.0199448708444834,0.0170934293419123,0.0142601057887077,0.011440908536315,0.0086351577192544,0.0058351946063339,0.003043744713068,0.0002585034526418,-0.0025130668655037,-0.0052742892876267,-0.0073481951840221,-0.0072809718549251,-0.0053483890369534,-0.0025894418358802,-9.8982869531028e-05,0.0004616695805452,-0.0010465936502441,-0.0035515849012881,-0.0063728354871273,-0.0092323441058397,-0.0120444362983108,-0.014807278290391,-0.0175442658364773,-0.020270824432373,-0.0229857973754406,-0.0256951171904802,-0.0283973421901464,-0.0310845077037811,-0.033167902380228,-0.0332106724381447,-0.031313095241785,-0.0285208448767662,-0.0254444628953934,-0.0223482958972454,-0.0196441262960434,-0.0187607072293758,-0.020046092569828,-0.0224320590496063,-0.025183979421854,-0.0280022397637367,-0.0307792536914349,-0.0335061401128769,-0.0362072438001633,-0.0388884171843529,-0.0415500290691853,-0.0442106500267982,-0.0468632839620113,-0.0495004802942276,-0.0521207824349403,-0.0547484904527664,-0.0570519715547562,-0.0575798489153385,-0.0559650287032127,-0.0532300993800163,-0.0503385439515114,-0.0489206947386265,-0.049761950969696,-0.0519267730414867,-0.0543756596744061,-0.0553816556930542,-0.0541272573173046,-0.0515722148120403,-0.0485290996730328,-0.0453812777996063,-0.0422735624015331,-0.0392205566167831,-0.0362126901745796,-0.0332272835075855,-0.0302493590861559,-0.0272830687463284,-0.0243393890559673,-0.0214057061821222,-0.0184754617512226,-0.0155653255060315,-0.0127726085484028,-0.0112930228933692,-0.0120730167254806,-0.0143071739003062,-0.017086960375309,-0.0199846662580967,-0.0228522010147572,-0.0256618466228247,-0.0284461323171854,-0.0312048606574535,-0.0337976105511189,-0.0349745936691761,-0.0339028164744377,-0.0314708277583122,-0.02853281237185,-0.0254972521215677,-0.0224962159991264,-0.0195440221577883,-0.0166294761002064,-0.0137354079633951,-0.0108997579663992,-0.0091193728148937,-0.0095850303769111,-0.0116791818290949,-0.0144204339012504,-0.0173150524497032,-0.0201998576521873,-0.0230301469564438,-0.0258154179900885,-0.0285837035626173,-0.0312708653509617,-0.032796461135149,-0.0320190526545048,-0.0297231413424015,-0.0268429033458233,-0.0238125342875719,-0.0207979381084442,-0.0178433582186699,-0.0149414604529738,-0.0120447333902121,-0.0091696921736002,-0.0071416613645851,-0.0072784638032317,-0.00920395180583,-0.0118705201894045,-0.0139593547210097,-0.0138966729864478,-0.0119837671518326,-0.0092638339847326,-0.006315694656223,-0.0033521302975714,-0.0004547176649793,0.0023933998309075,0.0052138664759695,0.0080228401347994,0.0108235878869891,0.0136136310175061,0.0163897424936295,0.0191593505442142,0.0219220947474241,0.0246715620160103,0.0268214903771877,0.02692786231637,0.0250649452209473,0.0223130397498608,0.0192865263670683,0.0162481442093849,0.0132595403119922,0.0103255547583103,0.0074169384315609,0.0045260074548423,0.0016453394200652,-0.0012195570161566,-0.0040742279961705,-0.0069069773890078,-0.0090314960107207,-0.0090487794950604,-0.0071895965375006,-0.0045031649060547,-0.0015664072707295,0.0013835786376148,0.0038654725067317,0.0044310516677796,0.0029032111633569,0.0003409009077586,-0.0025625538546592,-0.0055054663680493,-0.0083981603384017,-0.0112332189455628,-0.0136417225003242,-0.0141802839934826,-0.0126399639993906,-0.0100554283708334,-0.0071344524621963,-0.0041608773171901,-0.0012309839949011,0.0016426312504336,0.0044875452294945,0.0073177712038159,0.0101287327706814,0.0129319550469518,0.0154684139415622,0.0163433142006397,0.0150068243965507,0.0124951479956508,0.0095842676237225,0.0065845479257404,0.0036264639347791,0.0007246340392157,-0.0021335752680897,-0.0049707377329468,-0.0078015681356191,-0.0106295049190521,-0.0134414164349437,-0.0162381082773209,-0.0190341770648956,-0.0218185391277075,-0.0243351384997368,-0.0252112466841936,-0.0238678064197302,-0.0213396940380335,-0.018561277538538,-0.0171206258237362,-0.0179561041295528,-0.0201845206320286,-0.0227924827486277,-0.0241242088377476,-0.0231453813612461,-0.0207630824297667,-0.017862843349576,-0.0148435272276402,-0.0118498951196671,-0.0089131388813257,-0.0060123335570097,-0.0031421354506164,-0.0002763181109912,0.0025784347672015,0.005421339534223,0.0082549024373292,0.0110781192779541,0.0138954091817141,0.0166117046028376,0.018165348097682,0.0174148138612509,0.0151481619104743,0.0122797274962068,0.0092719681560993,0.0062864189967513,0.0033631399273872,0.0004828269011341,-0.0023934717755764,-0.0052490951493382,-0.0080934725701808,-0.0109179709106684,-0.0137282619252801,-0.0165307074785233,-0.0193222723901272,-0.0220338702201843,-0.0235881917178631,-0.0228424798697233,-0.0205725412815809,-0.017747338861227,-0.0157069489359856,-0.0158835928887129,-0.0178101006895304,-0.0204681418836117,-0.0233294293284416,-0.0261801220476627,-0.0289717875421047,-0.0316871218383312,-0.0334569290280342,-0.0330244116485119,-0.0308919176459312,-0.0280402936041355,-0.0249895192682743,-0.0219407994300127,-0.0189566724002361,-0.0160209648311138,-0.0131050394847989,-0.0102001382037997,-0.0073084970936179,-0.0044374070130288,-0.0022695614024996,-0.0022492064163088,-0.0040814150124788,-0.0067334701307117,-0.0089376587420702,-0.0090612918138504,-0.0072650769725441,-0.0045981383882463,-0.00166470289696,0.0012852356303483,0.0041869808919727,0.0070321257226169,0.009841707535088,0.0126450806856155,0.0154248233884573,0.0181934684514999,0.020955266430974,0.023706529289484,0.0264537706971169,0.0291921086609364,0.0314178802073002,0.0316845253109932,0.029937606304884,0.0272128079086542,0.0241827797144651,0.0211216453462839,0.0181193966418505,0.0151662435382605,0.0122385965660214,0.0093360571190714,0.0070391553454101,0.0067691258154809,0.0084678828716278,0.0110570536926389,0.013919323682785,0.0168041028082371,0.0196400918066502,0.0224264822900295,0.0251855719834566,0.0279223695397377,0.0303358733654022,0.0309646502137184,0.0294506549835205,0.0268424414098263,0.0238533467054367,0.0208025835454464,0.0178029090166092,0.0148540465161204,0.011944891884923,0.0090495282784104,0.0065708039328455,0.0059694028459489,0.0074449880048632,0.0099618788808584,0.0128146838396788,0.0157175362110138,0.0185704119503498,0.0213793460279703,0.0241651516407728,0.0269311927258968,0.0294720120728016,0.0304730348289013,0.0292492434382439,0.0267462432384491,0.0237843487411737,0.0207385718822479,0.017740435898304,0.0147964619100094,0.0120884515345097,0.0109159685671329,0.0119730066508055,0.0143199218437076,0.0171313304454088,0.0200317092239857,0.0228841975331306,0.0256858468055725,0.0284495521336794,0.0311866216361523,0.0339234694838524,0.0366499423980713,0.0392520092427731,0.0405485406517982,0.0395818874239922,0.0371831320226192,0.034355103969574,0.0326671153306961,0.0332584381103516,0.0353550836443901,0.0380309447646141,0.0408352240920067,0.0436204075813293,0.0463570617139339,0.0490513443946838,0.0517253130674362,0.0543861910700798,0.057037215679884,0.0596832372248173,0.0623154602944851,0.0649394243955612,0.0675564035773277,0.07011479139328,0.0716120824217796,0.0708645656704903,0.0684972554445267,0.0654768347740173,0.0623064450919628,0.0591506212949753,0.0560493431985378,0.0530454330146313,0.0510907210409641,0.0513942465186119,0.0533303692936897,0.0559164136648178,0.0586720257997513,0.0614117905497551,0.0640999898314476,0.0667508766055107,0.0693767592310905,0.0719894617795944,0.0745914801955223,0.0771672949194908,0.0789112076163292,0.0784958302974701,0.0762985572218895,0.073351576924324,0.0709850415587425,0.0707768425345421,0.0724210813641548,0.0748651772737503,0.0775441452860832,0.0802339613437653,0.0828752368688583,0.085463210940361,0.0880300402641296,0.0905838310718536,0.0931207090616226,0.0956546068191528,0.0981815680861473,0.100686974823475,0.103189930319786,0.105682723224163,0.107581093907356,0.107428804039955,0.105314418673515,0.102330036461353,0.0990749374032021,0.0957991927862167,0.092580147087574,0.0894143134355545,0.0862766951322556,0.0831602066755295,0.0807474404573441,0.0804829001426697,0.082081027328968,0.0845087990164757,0.0871758013963699,0.0898552536964417,0.0924847573041916,0.0950666069984436,0.0976242572069168,0.100167535245419,0.102283723652363,0.102528363466263,0.100698195397854,0.0978245586156845,0.0946216583251953,0.0913831740617752,0.0881966724991798,0.0850525200366974,0.0819473415613174,0.078850120306015,0.0757702142000198,0.0727106183767319,0.0696638524532318,0.0666316598653793,0.0636054053902626,0.0606002733111382,0.0580142959952354,0.0573098510503769,0.058680210262537,0.0610883459448814,0.0635741874575615,0.0644508004188538,0.0630814731121063,0.0604979060590267,0.0574821680784225,0.054403442889452,0.051693432033062,0.0507866069674492,0.052053302526474,0.054445032030344,0.057218249887228,0.060038086026907,0.0628168806433678,0.0655438229441643,0.0682340636849403,0.0709108710289001,0.0735882967710495,0.0762531161308289,0.0788931027054787,0.0815363302826881,0.0840061902999878,0.0850427895784378,0.0838394463062286,0.0812707245349884,0.0782096832990646,0.0750440359115601,0.0719046145677567,0.068823054432869,0.0657844096422195,0.062762126326561,0.0597444288432598,0.0567406378686428,0.0537489391863346,0.0507724210619926,0.0480042099952698,0.0467990003526211,0.0478079169988632,0.0500912517309189,0.0528327003121376,0.0556620433926582,0.0583825595676899,0.0598804652690887,0.0590663813054562,0.0567224249243736,0.0537979230284691,0.0507282614707947,0.04768355935812,0.0446897111833096,0.0417376048862934,0.0388080924749374,0.0360064394772053,0.0345133431255817,0.0352813079953194,0.0374934673309326,0.0402428768575191,0.0431174114346504,0.0459629818797112,0.0487585328519344,0.0515096038579941,0.0542413741350174,0.0569260008633137,0.058655608445406,0.0581764727830887,0.0560080334544182,0.0531291179358959,0.0500669591128826,0.0470107570290565,0.0440131835639477,0.0410553067922592,0.0381224676966667,0.0351952537894249,0.0322934351861477,0.0294069219380617,0.0265352539718151,0.023716252297163,0.0219533294439316,0.0224453546106815,0.0245517566800117,0.0272944606840611,0.0302104018628597,0.0331100709736347,0.0352406091988087,0.0351853035390377,0.0332684442400932,0.0305349566042423,0.0275668948888779,0.0245879888534546,0.0216673091053963,0.0188034940510988,0.0166549310088158,0.0166319869458675,0.0184778831899166,0.0211518928408623,0.0240677148103714,0.0269949268549681,0.0298620499670506,0.0326931774616241,0.0354856699705124,0.0382581055164337,0.0410214252769947,0.0437774732708931,0.0460197627544403,0.0462912619113922,0.0445507392287254,0.0418500676751137,0.0388409271836281,0.0358207747340202,0.0328363217413425,0.0298954360187054,0.026987299323082,0.0240903310477734,0.0212081056088209,0.0183388069272041,0.0154761290177703,0.0126241696998477,0.009781721048057,0.0069488380104303,0.0046367929317057,0.0042826849967241,0.0059419083409011,0.0085668107494711,0.0111665511503816,0.0120160114020109,0.010691617615521,0.0082303145900368,0.0053768632933497,0.0024631838314235,-0.0004064359818585,-0.0032233030069619,-0.0056926691904664,-0.0063773319125175,-0.0049062715843319,-0.0023269515950232,0.0006184258963912,0.0036208275705575,0.0065714544616639,0.0094775203615427,0.012349696829915,0.0152077935636044,0.0180420130491257,0.0208696648478508,0.0234712064266205,0.0245265122503042,0.0233658291399479,0.0209309328347445,0.0180400367826223,0.0150699056684971,0.0121399033814669,0.0092547554522752,0.006408997811377,0.0035814163275063,0.0007697573746554,-0.0020371216814965,-0.0048434413038194,-0.0076390691101551,-0.0104233995079994,-0.0131848566234112,-0.0157376751303673,-0.0167573783546686,-0.0155474627390504,-0.0130541762337089,-0.0102305011823773,-0.008630677126348,-0.0093083139508962,-0.0114678647369146,-0.0141933774575591,-0.0170365199446678,-0.0198538303375244,-0.0226258169859648,-0.025368545204401,-0.0280790254473686,-0.0307827293872833,-0.0334788337349892,-0.0360532738268375,-0.0373290702700615,-0.0363433249294758,-0.0339218303561211,-0.0309433955699205,-0.0278511196374893,-0.0247804559767246,-0.0217615403234959,-0.0188440848141909,-0.0170087963342667,-0.0174187142401934,-0.0194512903690338,-0.0221241023391485,-0.024963915348053,-0.0277803540229797,-0.0305370092391968,-0.0332506597042084,-0.0359528511762619,-0.0386505126953125,-0.0413319170475006,-0.0440080612897873,-0.0466764941811562,-0.0492508336901665,-0.0506353490054607,-0.0497704036533833,-0.0473777279257774,-0.0443985164165497,-0.0412778258323669,-0.0381972566246986,-0.0360012017190456,-0.0360112376511097,-0.0378150418400764,-0.0403793230652809,-0.0431453287601471,-0.0459165498614311,-0.0486365333199501,-0.0513100549578667,-0.0539565905928612,-0.0565999783575535,-0.0592366084456444,-0.0618598498404026,-0.0644708871841431,-0.067070871591568,-0.069665290415287,-0.0722369030117989,-0.073989599943161,-0.0735699236392975,-0.0713661462068558,-0.0684075057506561,-0.0658369213342667,-0.0653099566698074,-0.0667823255062103,-0.0691698491573334,-0.071827620267868,-0.0745116397738457,-0.0771406292915344,-0.0797339975833893,-0.0817079395055771,-0.0816383957862854,-0.0796037018299103,-0.0766929090023041,-0.0735093951225281,-0.0703075304627419,-0.0671514347195625,-0.0640388131141663,-0.0609778016805649,-0.0579273328185081,-0.0548832640051842,-0.0518486499786377,-0.0488324537873268,-0.0458327382802963,-0.0428514406085014,-0.0398739650845528,-0.0369080752134323,-0.0339594185352325,-0.0310203321278095,-0.0280997287482023,-0.0251851491630077,-0.0222874749451876,-0.0194013081490993,-0.0165252108126879,-0.0140693988651037,-0.0134979365393519,-0.0150342583656311,-0.017593327909708,-0.0204733163118362,-0.0233954750001431,-0.0262707024812698,-0.0290869623422623,-0.03162956610322,-0.0325139351189137,-0.0311737321317196,-0.0286542437970638,-0.0260122865438461,-0.0249463506042957,-0.0260864794254303,-0.0284570287913084,-0.0312534868717194,-0.0341283194720745,-0.0369751192629337,-0.0397574305534363,-0.0425010100007057,-0.0452299490571022,-0.047954086214304,-0.0506584234535694,-0.0533551797270775,-0.0560417957603931,-0.0587083287537098,-0.0613749176263809,-0.0638619512319565,-0.0649288073182106,-0.0637570172548294,-0.0612201616168022,-0.0583378560841084,-0.0567770563066006,-0.0575054511427879,-0.0596218779683113,-0.062245424836874,-0.0649859458208084,-0.0676942989230156,-0.0703503265976906,-0.0729690715670586,-0.0755736455321312,-0.0781669095158577,-0.0807469338178635,-0.0833230465650558,-0.0858864933252335,-0.0884336158633232,-0.0909725427627563,-0.093428447842598,-0.0947177708148956,-0.093721516430378,-0.0912060737609863,-0.0881003066897392,-0.0848574787378311,-0.0816327184438705,-0.0784663408994675,-0.0753337219357491,-0.0722306296229362,-0.0691590532660484,-0.0660937950015068,-0.0630397349596024,-0.0599970258772373,-0.0569607019424438,-0.0539369471371174,-0.0510018728673458,-0.0492648892104626,-0.0498099029064178,-0.0518774501979351,-0.0544899180531502,-0.0563261583447456,-0.055951651185751,-0.0538265071809292,-0.0509563758969307,-0.0478852018713951,-0.044874295592308,-0.0429945252835751,-0.0433933027088642,-0.0454141348600388,-0.0480695366859436,-0.0508945286273956,-0.0537062659859657,-0.0564534179866314,-0.0591699108481407,-0.0618672072887421,-0.0645501166582108,-0.0672175288200378,-0.0698741897940636,-0.0725148543715477,-0.0751430541276932,-0.0770695358514786,-0.0768616870045662,-0.0747849345207214,-0.071881964802742,-0.0687488615512848,-0.0655996948480606,-0.0625066384673119,-0.0594674274325371,-0.0564422532916069,-0.0534369125962257,-0.0504308827221394,-0.0474431477487087,-0.0444704219698906,-0.0415084436535835,-0.0385478362441063,-0.0356109440326691,-0.0334004499018192,-0.0333271697163582,-0.0351119861006737,-0.0377157181501389,-0.0400610715150833,-0.0404709242284298,-0.0388226546347141,-0.0361658856272697,-0.0331792868673801,-0.030169541016221,-0.027207262814045,-0.0242964029312134,-0.0219310931861401,-0.0215336456894875,-0.0231557264924049,-0.0257259011268616,-0.0286000240594149,-0.0315008237957954,-0.034349512308836,-0.0371502116322517,-0.0399190634489059,-0.042676467448473,-0.045424647629261,-0.048154354095459,-0.0505531579256058,-0.0511708185076714,-0.0496466085314751,-0.0470170378684998,-0.0440192483365536,-0.040958859026432,-0.0379376150667667,-0.0349623523652554,-0.0320261716842651,-0.0291078239679337,-0.0266287848353386,-0.0260331463068724,-0.0275066625326872,-0.0300016421824694,-0.0328344777226448,-0.0357186943292618,-0.0385412611067295,-0.0413254462182522,-0.0440798476338387,-0.0468133985996246,-0.0493303425610065,-0.05031368881464,-0.0490686595439911,-0.0465415716171265,-0.0437619127333164,-0.0424622930586338,-0.0434112437069416,-0.0456558056175709,-0.0483718737959862,-0.0511878430843353,-0.0539638698101044,-0.0566892437636852,-0.0593808963894844,-0.0620491802692413,-0.0647067576646805,-0.067354328930378,-0.0699864774942398,-0.0726016014814377,-0.075216643512249,-0.0778223946690559,-0.0803137123584747,-0.0814899355173111,-0.0804089605808258,-0.0778832584619522,-0.0749371945858002,-0.0731654167175293,-0.0736720934510231,-0.075668565928936,-0.0782323256134987,-0.0809227749705315,-0.0835846066474915,-0.0861830562353134,-0.0887541174888611,-0.0913053750991821,-0.093840092420578,-0.0963649675250053,-0.0988913327455521,-0.101398847997189,-0.103906147181988,-0.106401145458221,-0.108819767832756,-0.110198721289635,-0.109331883490086,-0.106837742030621,-0.10370822250843,-0.100426532328129,-0.0971638411283493,-0.0939572751522064,-0.0907882153987885,-0.0876417383551598,-0.0845951065421104,-0.0827574729919434,-0.0831946581602097,-0.0851490572094917,-0.0876859202980995,-0.0903593078255653,-0.0930089950561523,-0.0956083759665489,-0.0981702134013176,-0.100704148411751,-0.103203721344471,-0.1048813611269,-0.104394227266312,-0.10213553160429,-0.0991018265485764,-0.0958583354949951,-0.092619314789772,-0.089434988796711,-0.0862950533628464,-0.0831872001290321,-0.080088272690773,-0.0770117193460464,-0.0739382058382034,-0.0708814263343811,-0.0678769126534462,-0.065834678709507,-0.0660155192017555,-0.0678882300853729,-0.0704446583986282,-0.0731940045952797,-0.0759309977293015,-0.078035905957222,-0.0780515149235725,-0.0760880187153816,-0.0732464492321014,-0.0701364874839783,-0.0670077800750732,-0.0639317557215691,-0.0609013251960278,-0.0579046979546547,-0.0549175888299942,-0.0519380755722523,-0.0489854030311108,-0.0466537438333035,-0.0463626012206078,-0.048002578318119,-0.0505449324846268,-0.0533515177667141,-0.0561708435416222,-0.0589522197842598,-0.0616773813962936,-0.063961997628212,-0.0643788427114487,-0.0627129897475243,-0.0600049942731857,-0.0573834255337715,-0.056578878313303,-0.0579300262033939,-0.0603271201252937,-0.0630755722522736,-0.0658633708953857,-0.0686015784740448,-0.0712984502315521,-0.0739615708589554,-0.0766024738550186,-0.0792350471019745,-0.0818616971373558,-0.0844746679067612,-0.0870713740587234,-0.0896650850772858,-0.0922462344169617,-0.0945515930652618,-0.0952006876468658,-0.0936332419514656,-0.0908929705619812,-0.0877416282892227,-0.0845241546630859,-0.0813423469662666,-0.0782196819782257,-0.0751272439956665,-0.0720536932349205,-0.0690055936574936,-0.0659598410129547,-0.0629252791404724,-0.0598959140479565,-0.0572375953197479,-0.0563599616289139,-0.0576164573431015,-0.0599766075611115,-0.0627077743411064,-0.0654955953359604,-0.068085253238678,-0.0692133978009224,-0.0680717527866364,-0.0655563175678253,-0.0625428184866905,-0.0594324730336666,-0.0563577711582184,-0.053343690931797,-0.0503662154078484,-0.0474053062498569,-0.0444483458995819,-0.0415138192474842,-0.0385886020958424,-0.0356782339513302,-0.032777477055788,-0.0298893358558416,-0.0271727554500103,-0.025891475379467,-0.0268530361354351,-0.0291669871658087,-0.0318988934159279,-0.0335591584444046,-0.0329097360372543,-0.0306979604065418,-0.0278843678534031,-0.0249071009457111,-0.0219470504671335,-0.0190445277839899,-0.0161817707121372,-0.0133409341797233,-0.0105248056352139,-0.0077105686068534,-0.0049001649022102,-0.0021033445373177,0.0006785141886211,0.0034553576260805,0.0061483476310968,0.0076381559483707,0.0068375896662473,0.0045455959625542,0.0017096762312576,-0.00033314540633,-0.0001623254065634,0.0017636308912187,0.0044132592156529,0.0072756269946694,0.0101282829418778,0.0129307582974434,0.0156894847750664,0.0184203702956438,0.0211440268903971,0.0238552130758762,0.0265627279877663,0.0292613804340363,0.0318887121975422,0.0334317237138748,0.0327377282083035,0.0304392762482166,0.0275123417377472,0.0244298130273819,0.0213610269129276,0.0190497990697622,0.0189141891896725,0.0206433683633804,0.0232033189386129,0.0259985886514187,0.028812063857913,0.0315719433128834,0.0342858359217644,0.0369764938950539,0.0396545417606831,0.042319543659687,0.0449804067611694,0.0476289913058281,0.0502651296555996,0.052896574139595,0.0555248595774174,0.0574220791459084,0.0571894347667694,0.0551051944494247,0.0522053241729736,0.0495616644620895,0.0488686747848988,0.0502295680344105,0.0526079088449478,0.0547899529337883,0.0550376437604427,0.0532369315624237,0.0504526868462563,0.047351997345686,0.0442166700959206,0.0411390922963619,0.0381160713732243,0.0351151376962662,0.0321388468146324,0.0291730500757694,0.0262125879526138,0.0232797879725695,0.020349133759737,0.0174391362816095,0.0145378652960062,0.0119698597118258,0.0111827095970511,0.0125424927100539,0.0150160994380713,0.0178578104823828,0.0207605436444283,0.0236123651266098,0.0264151077717543,0.0291878208518028,0.0319507829844952,0.0342709757387638,0.0346974581480026,0.0330552533268929,0.0304017309099436,0.0274050831794739,0.0243748798966408,0.0213919747620821,0.0184611473232508,0.0155582251027226,0.0126751493662596,0.010014247149229,0.0088870758190751,0.0099893379956483,0.0123783340677619,0.0152102671563625,0.0181314237415791,0.0210139937698841,0.0238335840404034,0.0266271382570267,0.029399124905467,0.0318973585963249,0.0327028147876263,0.0313095226883888,0.0287564657628536,0.0258057340979576,0.022782426327467,0.0197919979691505,0.0168560165911913,0.0139428190886974,0.0110685415565968,0.0083112446591258,0.006859493907541,0.0076670665293932,0.0099186785519123,0.0125850643962622,0.0140778115019202,0.0132895801216364,0.0110200261697173,0.0082005467265844,0.0052467035129666,0.0023182327859103,-0.0005498538957908,-0.0033852630294859,-0.0062044356018304,-0.0089993886649608,-0.0117936758324504,-0.0145768262445927,-0.0173432100564241,-0.0201095193624496,-0.0228617414832115,-0.0255446042865515,-0.0271677561104298,-0.026545649394393,-0.0242925938218832,-0.021407712250948,-0.0183569826185703,-0.0153252752497792,-0.0123511729761958,-0.0094196293503046,-0.0065135541372001,-0.0036204485222697,-0.0007331278175115,0.0021361247636377,0.0049926219508051,0.0077527384273707,0.0093129742890596,0.0086183985695242,0.006394968368113,0.0035811434499919,0.0006299064261838,-0.0022719993721693,-0.0043031563982367,-0.004140184726566,-0.0021875898819416,0.0005294809234328,0.0034618726931512,0.0063941399566829,0.0092735197395086,0.0120716514065862,0.014018626883626,0.013790532015264,0.0117906033992767,0.0090407989919185,0.006082353182137,0.0031162935774773,0.0002117961121257,-0.0026419840287417,-0.0054777553305029,-0.0082947183400392,-0.0110991382971406,-0.0138957211747766,-0.0160879250615835,-0.0162299443036318,-0.0144074819982052,-0.0117049226537347,-0.0087368739768862,-0.0057495096698403,-0.0028166938573122,7.44465651223436e-05,0.0029421052895486,0.0057859201915562,0.0086183873936533,0.0114421397447586,0.0142624005675316,0.0170655958354473,0.0198609977960587,0.0226348750293255,0.0247957371175289,0.0249040052294731,0.023039860650897,0.0203140750527382,0.0177417378872633,0.0170115828514099,0.0183955673128366,0.0208570081740618,0.0232540518045425,0.0238184295594692,0.0222403146326542,0.0196198541671038,0.0166539177298546,0.0136426463723183,0.0106730638071895,0.0077623557299375,0.0048821624368429,0.002022041240707,-0.0008252079132944,-0.0036720163188874,-0.0065060593187809,-0.0093136373907327,-0.01211803779006,-0.0149120846763253,-0.0174400731921196,-0.0182947739958763,-0.0169419683516026,-0.0144043611362576,-0.0114656733348966,-0.0084536233916878,-0.0054779099300503,-0.0025646956637501,0.000322588806739,0.0031834137625992,0.0060453629121184,0.0088835954666137,0.0117122447118163,0.0145263774320483,0.0173316821455956,0.0201228503137827,0.022650009021163,0.0234842505306005,0.0221180096268654,0.0195769350975752,0.0167896151542664,0.0153524242341518,0.0161895304918289,0.0184223726391792,0.0211770553141832,0.0240468494594097,0.0268810000270605,0.0296656340360641,0.0322458669543266,0.0333757251501083,0.0322636738419533,0.0297958068549633,0.0268413573503494,0.0237831529229879,0.0207685455679893,0.0178110934793949,0.0148917278274894,0.0119933877140284,0.0090966410934925,0.0062207290902733,0.0034218055661767,0.0018182912608608,0.0024897563271224,0.0046860231086611,0.0073739932850003,0.0090157566592097,0.0083957193419337,0.0062201116234064,0.0034229750744998,0.0004831387195736,-0.002442808356136,-0.0053110960870981,-0.0081332204863429,-0.0109327584505081,-0.0137240048497915,-0.0165036991238594,-0.0192668326199055,-0.0220250934362411,-0.0247762855142355,-0.0275127403438091,-0.0302009433507919,-0.0319438390433788,-0.0314778834581375,-0.029310017824173,-0.0264535844326019,-0.02340367436409,-0.0203479900956154,-0.0173440203070641,-0.0143976453691721,-0.0114859584718943,-0.0086365193128585,-0.0068665854632854,-0.0073530348017811,-0.0094542987644672,-0.0121785420924425,-0.0150566380470991,-0.0179212838411331,-0.0207375697791576,-0.0235138889402151,-0.02626883238554,-0.0290053971111774,-0.0310218129307032,-0.0309052243828773,-0.0289258155971766,-0.026135727763176,-0.0230955071747303,-0.0200530271977186,-0.0170634221285582,-0.0141276177018881,-0.0112117575481534,-0.0083287637680769,-0.0063118441030383,-0.0064686629921197,-0.0084028579294681,-0.0110852820798755,-0.0139632634818554,-0.0168459862470627,-0.0196725092828274,-0.0224600173532963,-0.0252245739102364,-0.0279743187129498,-0.0302055384963751,-0.0304867178201675,-0.0287502743303776,-0.0260354913771152,-0.0230290144681931,-0.0199978910386562,-0.0170132536441088,-0.0140725579112768,-0.0116868289187551,-0.0112737063318491,-0.0128798838704824,-0.0154359871521592,-0.0182884894311428,-0.0211710799485445,-0.0239993669092655,-0.0267887450754642,-0.0295459665358067,-0.0322827622294426,-0.0350010320544243,-0.0377175658941269,-0.0400879010558128,-0.040683813393116,-0.0391425564885139,-0.0364922285079956,-0.0338328331708908,-0.0328686833381653,-0.0340794399380684,-0.0364481657743454,-0.0391895286738873,-0.0419971086084843,-0.0447558499872684,-0.0474638268351555,-0.0501416586339474,-0.0528020970523357,-0.0554454363882542,-0.0580857843160629,-0.0607131011784077,-0.0633307695388794,-0.0659324377775192,-0.0685293301939964,-0.0709145367145538,-0.0717551484704018,-0.0703835859894753,-0.0677335932850838,-0.0646281689405441,-0.0614440031349659,-0.058298759162426,-0.0552027896046638,-0.0523687601089478,-0.0510969869792461,-0.0520602613687515,-0.0542861633002758,-0.0569601692259312,-0.0597157776355743,-0.062435619533062,-0.0651087462902069,-0.0677370205521584,-0.0703472271561623,-0.0729450881481171,-0.0755353793501854,-0.0780065655708313,-0.0791640058159828,-0.0780683755874634,-0.0755434855818748,-0.0725991800427437,-0.070846751332283,-0.0713712871074677,-0.0733754113316536,-0.0759279951453209,-0.0786201059818268,-0.0812833830714226,-0.0838872194290161,-0.0864507257938385,-0.0889952480792999,-0.0915362387895584,-0.0940678268671036,-0.0965884402394295,-0.0991067439317703,-0.10160743445158,-0.104104056954384,-0.106529250741005,-0.107899956405163,-0.107033304870129,-0.104544118046761,-0.101418420672417,-0.0981348752975464,-0.0948794335126877,-0.091669000685215,-0.0885034948587418,-0.0853583365678787,-0.0823022946715355,-0.0804784297943115,-0.0809310078620911,-0.0828862935304642,-0.0854200124740601,-0.0880905613303185,-0.0907411649823189,-0.0933414697647095,-0.0958999991416931,-0.0984496101737022,-0.100955255329609,-0.102639496326447,-0.10214738547802,-0.0998838022351265,-0.096873976290226,-0.0936351418495178,-0.0903924480080605,-0.0872176438570023,-0.0840881243348122,-0.0809846967458725,-0.0778964012861252,-0.0748243778944016,-0.0717644020915031,-0.0687174275517464,-0.0656758546829224,-0.0626392215490341,-0.0596438534557819,-0.0575047582387924,-0.0575310438871384,-0.0593337714672089,-0.0618933588266373,-0.0640791803598404,-0.0642274394631386,-0.06236732006073,-0.0595935508608818,-0.0565277226269245,-0.0534611940383911,-0.0511698424816132,-0.0510459244251251,-0.0528008304536343,-0.0553699508309364,-0.058172419667244,-0.0609788745641708,-0.0637270957231522,-0.0664325058460236,-0.0691198706626892,-0.0717738941311836,-0.0744213536381721,-0.0770603939890862,-0.0796883106231689,-0.0823045670986176,-0.0844912976026535,-0.0847882628440857,-0.0830196291208267,-0.0802236944437027,-0.0770830437541008,-0.0739063695073128,-0.070776142179966,-0.067707747220993,-0.0646644458174706,-0.0616337507963181,-0.0586179830133915,-0.055618904531002,-0.0526204779744148,-0.0496387220919132,-0.0471875630319118,-0.0467258393764496,-0.0482736453413963,-0.0507670119404793,-0.0535559728741646,-0.0563745945692062,-0.0588928237557411,-0.0596964061260223,-0.0582864098250866,-0.0556901916861534,-0.0526800379157066,-0.0496071316301823,-0.0465698763728142,-0.0435869656503201,-0.0406473986804485,-0.0377235673367977,-0.0351568348705769,-0.0343786999583244,-0.0357289612293243,-0.0381742753088474,-0.0409868322312832,-0.0438531562685966,-0.0466790869832039,-0.0494570061564445,-0.05219591781497,-0.0549171343445778,-0.0574652217328548,-0.058591715991497,-0.0574798546731472,-0.0550083108246326,-0.0520283207297325,-0.0489522218704224,-0.0459100976586342,-0.0429298020899296,-0.0399780534207821,-0.0370504707098007,-0.0341316312551498,-0.031221766024828,-0.0283269938081503,-0.0254340991377831,-0.0227720644325018,-0.0216934829950333,-0.0228215716779232,-0.025209579616785,-0.0280426777899265,-0.0309472419321537,-0.03374258056283,-0.0353042557835579,-0.0345738157629967,-0.0323106423020363,-0.0294536910951138,-0.0264570470899343,-0.0234892554581165,-0.0205673631280661,-0.0177618768066168,-0.0161936841905117,-0.0168930981308222,-0.0191079787909985,-0.0218925476074219,-0.0248128958046436,-0.0277201477438211,-0.0305655207484961,-0.0333789996802807,-0.0361633487045765,-0.0389413945376873,-0.041711937636137,-0.044422335922718,-0.0461944043636322,-0.0457398109138012,-0.0435914508998394,-0.0407494008541107,-0.037711963057518,-0.0346787609159946,-0.0317042768001556,-0.0287760682404041,-0.0258687660098076,-0.0229700673371553,-0.0200916454195976,-0.0172216687351465,-0.0143597694113851,-0.0115112774074078,-0.0086761675775051,-0.0058919405564665,-0.0040656547062099,-0.0044469689019024,-0.0065287873148918,-0.0092969723045826,-0.0115375574678183,-0.0116588147357106,-0.0098760398104786,-0.0072306431829929,-0.004342483356595,-0.0014377109473571,0.001417466555722,0.0042140982113778,0.0062624281272292,0.0061666648834943,0.0042300950735807,0.0014778936747461,-0.0015092038083821,-0.0044982661493122,-0.0074284970760345,-0.0103170610964298,-0.013172447681427,-0.0160089153796434,-0.018840454518795,-0.0216515511274338,-0.0239539016038179,-0.0242863018065691,-0.0226088333874941,-0.0199616495519876,-0.0170128159224987,-0.0140284039080143,-0.011103792116046,-0.0082248812541365,-0.0053737666457891,-0.0025428817607462,0.0002796046901494,0.0030947495251894,0.005895652808249,0.0086908377707004,0.0114684086292982,0.0142302252352238,0.016472727060318,0.016744451597333,0.0149984713643789,0.0123084494844079,0.0096633564680814,0.0087519511580467,0.0100216213613749,0.0124310776591301,0.0152261201292276,0.0180925838649273,0.02091408893466,0.0236716158688068,0.0263960119336843,0.0291100516915321,0.0318119563162327,0.0345140770077705,0.0368588231503963,0.0374197140336037,0.0358434431254864,0.0331584140658379,0.0301208551973104,0.0270260907709599,0.0239848010241985,0.0209919214248657,0.018241822719574,0.0170514993369579,0.0180902015417814,0.0204041972756386,0.0231599416583776,0.0260053984820843,0.0288177989423275,0.0315734185278416,0.0342895016074181,0.0369947887957096,0.0396875962615013,0.0423748046159744,0.045058760792017,0.0477344542741776,0.0501074381172657,0.0508076250553131,0.0493263863027096,0.0466735027730465,0.0436133854091167,0.0404888167977333,0.0375235825777054,0.0359152853488922,0.0365924872457981,0.0387253277003765,0.0413817912340164,0.0441684573888779,0.0469328016042709,0.0496391505002975,0.052308976650238,0.0549547672271729,0.0575911998748779,0.0602228567004204,0.0628438070416451,0.0654655322432518,0.0680819898843765,0.0706850439310074,0.0731523334980011,0.0743000730872154,0.0731940418481827,0.0706572830677032,0.0676480159163475,0.0655559822916985,0.0657474994659424,0.0676082968711853,0.0701300352811813,0.0728199854493141,0.0754996836185455,0.0781280398368835,0.0806586518883705,0.082099474966526,0.0812705978751183,0.0788340717554092,0.0757832005620003,0.0725789070129395,0.0693945288658142,0.0662645176053047,0.0631810128688812,0.0601244047284126,0.0570831745862961,0.054055031388998,0.0510331243276596,0.0480266436934471,0.0450428500771523,0.0420711189508438,0.0391032546758652,0.0361566990613937,0.033224806189537,0.0303089264780283,0.0274011567234993,0.0244972165673971,0.021599818021059,0.0187212061136961,0.0158723574131727,0.0138493357226253,0.0140262767672539,0.0159864202141762,0.0186938680708408,0.021612886339426,0.0245366636663675,0.0274051427841187,0.0302230548113585,0.032400231808424,0.0324985235929489,0.0306603126227856,0.0279584378004074,0.0256025139242411,0.0252607893198729,0.0269045699387789,0.0294657964259386,0.0323254093527794,0.0352071449160576,0.0380315482616425,0.040803786367178,0.0435459055006504,0.0462706014513969,0.0489738322794437,0.0516747422516346,0.054370854049921,0.0570495687425137,0.059716310352087,0.0623788461089134,0.064602442085743,0.0649297162890434,0.063193067908287,0.0604326389729977,0.0577375814318657,0.0568929016590118,0.0581710189580917,0.0605151429772377,0.0632093548774719,0.0659570544958115,0.0686574429273605,0.0713042393326759,0.0739273279905319,0.0765350982546806,0.0791318863630295,0.0817247778177261,0.0843008905649185,0.0868685021996498,0.0894179493188858,0.0919557511806488,0.0942297205328941,0.094804011285305,0.0931901261210442,0.0904167518019676,0.0872251838445663,0.0839797705411911,0.080780528485775,0.0776387304067612,0.0745376199483871,0.0714515969157219,0.0683820173144341,0.0653121620416641,0.0622652471065521,0.0592316091060638,0.0562050715088844,0.0531919300556183,0.0504524447023869,0.0494110248982906,0.0505608692765236,0.0528916567564011,0.0554499253630638,0.0566250458359718,0.055534690618515,0.0530689544975758,0.0501035898923874,0.0470298379659653,0.0441957674920559,0.0429767370223999,0.0440025627613068,0.0463014468550682,0.0490436665713787,0.051878809928894,0.0546754822134972,0.0574185252189636,0.0601189248263836,0.0628047958016396,0.0654807165265083,0.068139836192131,0.0707951411604881,0.0734357461333275,0.0759889706969261,0.0773358941078186,0.0764121115207672,0.0739800184965134,0.0709582939743996,0.067803218960762,0.0646753758192062,0.0615922063589096,0.0585598647594452,0.05555110424757,0.0525418147444725,0.0495572611689568,0.0465792715549469,0.0436205565929413,0.0406707748770714,0.0377355888485909,0.0348893776535988,0.0332490354776382,0.0338686257600784,0.0360041335225105,0.0386840477585793,0.0405469685792923,0.0401772037148476,0.0380822010338306,0.0352750867605209,0.0322849377989769,0.0292902160435915,0.0263466816395521,0.0234873481094837,0.0215897150337696,0.0219140835106373,0.0239244550466537,0.026644641533494,0.0295560527592897,0.0324460864067078,0.03528992831707,0.0380874574184418,0.0408583842217922,0.0436202883720398,0.0463679730892181,0.0490950420498848,0.0510888434946537,0.0509500168263912,0.0489572137594223,0.0461450889706612,0.0430984050035477,0.040049321949482,0.0370595268905163,0.0341030955314636,0.0311767607927322,0.0282962135970592,0.0262595936655998,0.026385597884655,0.0282897911965847,0.0309396833181381,0.0338139049708843,0.0366806238889694,0.0395032241940498,0.0422818250954151,0.0450254455208778,0.0477540157735348,0.0499518215656281,0.0501730367541313,0.0483875945210457,0.045651625841856,0.0431229472160339,0.0425423011183739,0.0440130904316902,0.0464658588171005,0.0492355823516846,0.0520461797714233,0.0548096783459187,0.0575186833739281,0.0602009519934654,0.0628640800714493,0.0655267909169197,0.0681822746992111,0.0708142444491386,0.0734451189637184,0.0760685950517654,0.0786743983626366,0.0809241905808449,0.0813831090927124,0.0797048658132553,0.0769418179988861,0.0741544514894485,0.0730760470032692,0.0741764381527901,0.0764393135905266,0.0790751725435257,0.081762783229351,0.0844105929136276,0.0870125517249107,0.0895859748125076,0.0921452194452286,0.0946861952543259
-0.0248232688754797,-0.028007822111249,-0.0311632454395294,-0.0342556945979595,-0.0362132228910923,-0.0356520563364029,-0.0331924222409725,-0.0299479365348816,-0.0265126526355743,-0.0230893939733505,-0.0197304654866457,-0.0164311919361353,-0.0131426528096199,-0.0098945349454879,-0.0073862769640982,-0.0072082411497831,-0.0092270355671644,-0.0122404703870416,-0.0148287201300263,-0.0151001587510109,-0.0131531953811646,-0.0101411119103432,-0.0068160304799675,-0.0034654361661523,-0.0001799220335669,0.0030484769959002,0.0062440265901386,0.0094157038256526,0.012581598944962,0.0157432071864605,0.018884340301156,0.0220273975282907,0.0251520145684481,0.0282611511647701,0.030852273106575,0.0312849208712578,0.0293777734041214,0.026299960911274,0.0228637233376503,0.0193933770060539,0.0159896537661552,0.0126530788838863,0.0093446541577577,0.006065260618925,0.0027938096318393,-0.0004672791110351,-0.0037070820108056,-0.0069410256110131,-0.0095602702349424,-0.0098905228078365,-0.0079390993341803,-0.0049241948872804,-0.001587615464814,0.001778352772817,0.0047573400661349,0.0057631097733974,0.0042545078322291,0.0014209585497155,-0.0018734557088464,-0.0052176886238157,-0.0085154734551906,-0.0117591638118029,-0.0146357677876949,-0.01558867841959,-0.0140386987477541,-0.0111676026135683,-0.0078375460579991,-0.0044449474662542,-0.00110968737863,0.0021736160852015,0.0054050725884735,0.0086148288100957,0.0118209272623062,0.0149982841685414,0.0179750323295593,0.0192817375063896,0.0180641002953053,0.0153186749666929,0.0120077971369028,0.0085912784561514,0.0052264672704041,0.0019150220323354,-0.001349282101728,-0.004580239765346,-0.007804250344634,-0.0110196201130748,-0.0142255481332541,-0.0174114275723696,-0.0205756649374962,-0.023721806704998,-0.0266628377139568,-0.0279289744794369,-0.0266710612922907,-0.0238825511187315,-0.0206364300101995,-0.0186755117028952,-0.0193264223635197,-0.0217333845794201,-0.0247223749756813,-0.0264796651899815,-0.0256764590740204,-0.0231120977550745,-0.0198442451655865,-0.0164089109748602,-0.0130100827664137,-0.0096718855202198,-0.0063906284049153,-0.0031341607682406,0.0001025764649966,0.0033308025449514,0.0065534617751836,0.0097539918497204,0.0129250483587384,0.0160949639976025,0.0192129015922546,0.0211909282952547,0.0206618383526802,0.0182321798056364,0.0150025794282556,0.0115705849602818,0.0081599811092019,0.00481923436746,0.0015346372965723,-0.0017193739768117,-0.0049524675123393,-0.0081783607602119,-0.0113965310156345,-0.0146048394963145,-0.0177894160151482,-0.020951297134161,-0.024056663736701,-0.0260540209710598,-0.0255318768322468,-0.0231041498482227,-0.0199011918157339,-0.0173136778175831,-0.0172026418149471,-0.0192040577530861,-0.0221662893891335,-0.0254096575081348,-0.0286556668579578,-0.0318293385207653,-0.0349485017359257,-0.0372003838419914,-0.0369926132261753,-0.0346946567296982,-0.0314864590764046,-0.0280141551047564,-0.0245248805731535,-0.0211260877549648,-0.0177775155752897,-0.0144611205905676,-0.0111696729436517,-0.00789793767035,-0.0046404232271015,-0.001999863423407,-0.0016280717682093,-0.0035172519274056,-0.0064903330057859,-0.0092075476422905,-0.0096814455464482,-0.0078359320759773,-0.0048767160624265,-0.0015534368576481,0.0017904075793921,0.0050781136378645,0.008302959613502,0.011498142965138,0.014673100784421,0.0178236272186041,0.0209721960127354,0.0241132248193026,0.0272197872400284,0.0303256493061781,0.0334221012890339,0.0361044891178608,0.0367084927856922,0.0349105000495911,0.0318861678242683,0.0284515805542469,0.0249615833163261,0.0215358771383762,0.0181733723729849,0.0148581648245454,0.0115566905587912,0.0087634334340691,0.0081427004188299,0.0098660234361887,0.0127600599080324,0.0160076841711998,0.0193009208887815,0.0225394368171692,0.0257269851863384,0.0288720056414604,0.0319886356592178,0.0348389409482479,0.0358800515532494,0.0344224907457829,0.0315303914248943,0.0281382016837597,0.0246662609279156,0.0212419256567955,0.0178786218166351,0.0145740685984492,0.0112889297306538,0.0083229904994368,0.0072978641837835,0.0087641226127743,0.0115533834323287,0.0147914197295904,0.0181009620428085,0.0213664229959249,0.0245817732065916,0.0277348589152098,0.030866926535964,0.0338434353470802,0.0352625846862793,0.0341258868575096,0.0313934832811356,0.028061106801033,0.0245907716453075,0.0211715903133154,0.0178105998784304,0.0146428709849715,0.013032135553658,0.0139634059742093,0.0165166109800339,0.0196899231523275,0.0229732170701027,0.0262217447161674,0.0294126383960247,0.0325702652335167,0.0356795378029346,0.0387746430933475,0.0418633073568344,0.0448718667030334,0.0466094166040421,0.0458043739199638,0.0431886799633503,0.0399068519473076,0.037717554718256,0.0380784086883068,0.0403147004544735,0.0433124825358391,0.0464954003691673,0.0496664717793465,0.0527628660202026,0.0558126047253609,0.0588359609246254,0.0618277788162231,0.0648211911320686,0.0678060203790665,0.0707772374153137,0.0737423822283745,0.0767026245594025,0.0796259418129921,0.0815492123365402,0.0809981748461723,0.0784499943256378,0.0750534012913704,0.0714381411671638,0.0678361430764198,0.0643083825707436,0.0608736909925938,0.058426707983017,0.0584694519639015,0.0605044513940811,0.0634082481265068,0.0665333792567253,0.0696577355265617,0.072727270424366,0.0757222399115562,0.0786977559328079,0.0816522389650345,0.0845998525619507,0.0875234976410866,0.0897211357951164,0.089575782418251,0.0872385874390602,0.0838966593146324,0.0809897854924202,0.0804198607802391,0.0820818841457367,0.0847910046577454,0.0878262594342232,0.0908874571323395,0.093887098133564,0.0968306213617325,0.099733904004097,0.102617025375366,0.105486832559109,0.108341567218304,0.111195057630539,0.114036299288273,0.116878516972065,0.119699209928513,0.122010424733162,0.122175522148609,0.120002053678036,0.116666093468666,0.112963199615479,0.109233058989048,0.105555973947048,0.101940721273422,0.0983769446611404,0.0948356091976166,0.0919235646724701,0.0912832766771317,0.0928873121738434,0.0955769196152687,0.0985982269048691,0.101662419736385,0.104657575488091,0.107593640685081,0.110494650900364,0.11339196562767,0.115952327847481,0.116576544940472,0.114706628024578,0.111522942781448,0.107904896140099,0.104206778109074,0.100571386516094,0.097000777721405,0.0934817269444466,0.0899896174669266,0.0865141302347183,0.0830597132444382,0.079618901014328,0.0761959850788116,0.072785772383213,0.0693859457969666,0.0663290321826935,0.0651769712567329,0.0665398985147476,0.0692145824432373,0.0721526965498924,0.0734656229615211,0.0722368434071541,0.0694150924682617,0.0660382136702538,0.0625414475798607,0.059328481554985,0.0579792521893978,0.0591751411557198,0.061802301555872,0.06492680311203,0.0681492164731026,0.0713361576199532,0.0744472816586494,0.0775179266929626,0.0805594474077225,0.0835861414670944,0.0866006389260292,0.089598648250103,0.0925826206803322,0.0954586938023567,0.096954308450222,0.0958424434065819,0.0930207967758179,0.0895739048719406,0.085962675511837,0.0823981612920761,0.0788926258683205,0.075442336499691,0.0720174983143806,0.0685911849141121,0.0651942938566208,0.0618249289691448,0.0584676265716553,0.0552656501531601,0.0535875596106052,0.0544777475297451,0.0569932870566845,0.0601105019450188,0.0633481740951538,0.0665053129196167,0.0684593021869659,0.0678649470210075,0.0653664320707321,0.0620800815522671,0.0585933923721313,0.0551450215280056,0.0517557412385941,0.0484047345817089,0.0450994968414307,0.0418731309473515,0.0398871675133705,0.0404480881989002,0.042836245149374,0.0459516905248165,0.0492412783205509,0.0525015816092491,0.0556959956884384,0.0588253811001778,0.061939500272274,0.065034881234169,0.067256011068821,0.0670274123549461,0.0647176131606102,0.061496440321207,0.0580212883651257,0.0545392520725727,0.051138624548912,0.0477811358869076,0.0444579273462296,0.0411623120307922,0.0378738418221474,0.0345963463187218,0.0313392579555511,0.0281292479485273,0.0258905626833439,0.0261334143579006,0.0283821262419224,0.0314866006374359,0.0348065905272961,0.0381215065717697,0.0407353825867176,0.0410519205033779,0.0390937477350235,0.0360452085733414,0.0326746180653572,0.0292890854179859,0.025973167270422,0.0227222815155983,0.0201181583106518,0.0197662953287363,0.021686939522624,0.024682592600584,0.027994517236948,0.0313301831483841,0.0345988273620605,0.0377992056310177,0.0409730337560177,0.0441351719200611,0.0472853146493435,0.0504153594374657,0.0531233623623848,0.0537668615579605,0.0520050153136253,0.0490040332078934,0.045589055866003,0.0421282835304737,0.0387260913848877,0.0353948064148426,0.0320929549634457,0.0288137756288052,0.0255402214825153,0.0222946815192699,0.0190568771213293,0.0158269666135311,0.0126118930056691,0.0093995630741119,0.0065968274138867,0.0058695608749985,0.0075630787760019,0.010488810017705,0.0135564533993602,0.0148826669901609,0.0136471185833216,0.0109582487493753,0.0077467299997806,0.0044470229186117,0.0011768394615501,-0.0020181955769658,-0.0049134478904306,-0.0060049570165574,-0.0045839250087738,-0.0017402984667569,0.0016041975468397,0.0050207865424454,0.0083956588059663,0.0117084830999374,0.0149790560826659,0.0182216856628656,0.0214459151029587,0.0246584713459015,0.0277242958545685,0.0292194243520498,0.028156191110611,0.0254960879683495,0.0222438909113407,0.0188605692237616,0.0155054265633225,0.012207368388772,0.0089513836428523,0.0057315174490213,0.0025205633137375,-0.0006774371722713,-0.0038553262129426,-0.007017801515758,-0.0101620834320784,-0.013304709456861,-0.0162810292094946,-0.0177267864346504,-0.0166046041995287,-0.0138768330216408,-0.0106215830892324,-0.0085003655403852,-0.0089464820921421,-0.0112617397680879,-0.0143151711672544,-0.0175501499325037,-0.0207585208117962,-0.0239115208387375,-0.0270118825137615,-0.0300896987318993,-0.0331525541841984,-0.0362071059644222,-0.039172001183033,-0.0408809259533882,-0.0400506630539894,-0.0374234803020954,-0.0340766310691833,-0.0305624157190323,-0.0270581152290106,-0.023636007681489,-0.0202794708311558,-0.0179471150040627,-0.0181061569601297,-0.0202467609196901,-0.0232405588030815,-0.0264660883694887,-0.0296931751072407,-0.0328495688736439,-0.035946536809206,-0.0390078723430634,-0.0420584604144096,-0.0451007634401321,-0.0481284931302071,-0.0511422082781792,-0.0541110895574093,-0.0559465810656548,-0.0552424564957619,-0.0526477172970772,-0.0492920838296413,-0.0457399785518646,-0.0422044917941093,-0.0394573919475079,-0.0391192696988583,-0.0409853048622608,-0.0438456460833549,-0.0469916649162769,-0.0501503199338913,-0.0532500632107258,-0.0562923327088356,-0.0593066439032555,-0.0623066648840904,-0.0653000697493553,-0.0682636871933937,-0.0712208896875381,-0.0741665959358215,-0.0771051645278931,-0.0800215303897858,-0.0822193399071693,-0.0820751488208771,-0.0797308087348938,-0.0764027982950211,-0.0732937157154083,-0.0723489001393318,-0.0737816318869591,-0.0764143466949463,-0.0794270634651184,-0.0824920013546944,-0.0854895561933517,-0.0884299799799919,-0.0908373519778252,-0.0910761654376984,-0.0889858454465866,-0.0857464224100113,-0.0821395292878151,-0.0784918367862701,-0.0749011561274529,-0.0713808983564377,-0.0678947269916534,-0.0644419565796852,-0.0610137432813644,-0.057601235806942,-0.0541938692331314,-0.0508190430700779,-0.0474457070231438,-0.0440811663866043,-0.0407365635037422,-0.0374138988554478,-0.0341084152460098,-0.0308181643486023,-0.027530362829566,-0.0242590215057135,-0.0210039578378201,-0.017765749245882,-0.0148652428761125,-0.0139187993481755,-0.0154165662825108,-0.0182433258742094,-0.0215268954634666,-0.0248680207878351,-0.0281534288078547,-0.0313785262405872,-0.0343584828078747,-0.0356659628450871,-0.0344371534883976,-0.0316966027021408,-0.0285959783941507,-0.0270497612655163,-0.0280993655323982,-0.0306976661086082,-0.0338696837425232,-0.0371590778231621,-0.040394838899374,-0.0435675941407681,-0.0466839410364628,-0.0497811064124107,-0.05286730453372,-0.055945135653019,-0.0590138882398605,-0.0620486810803413,-0.0650669485330582,-0.0680757910013199,-0.0709836557507515,-0.0725092664361,-0.0714435428380966,-0.0686723440885544,-0.065360963344574,-0.06330606341362,-0.0638042092323303,-0.0660631209611893,-0.0690085738897324,-0.0721307173371315,-0.0752303004264832,-0.0782508999109268,-0.0812146887183189,-0.0841628760099411,-0.0870980843901634,-0.0900191143155098,-0.0929072424769402,-0.0957913771271706,-0.0986684560775757,-0.101543396711349,-0.104374751448631,-0.106073632836342,-0.105270370841026,-0.102560289204121,-0.0990600734949112,-0.0953609049320221,-0.0916901230812073,-0.0881024599075317,-0.0845592468976974,-0.0810423642396927,-0.0775488466024399,-0.0740677714347839,-0.070620097219944,-0.0671866536140442,-0.0637606605887413,-0.060347855091095,-0.0570128783583641,-0.0548065751791,-0.0551175102591515,-0.0573243834078312,-0.0603136457502842,-0.0626703053712845,-0.0625821128487587,-0.0603459626436234,-0.0571511685848236,-0.0536748543381691,-0.0502344518899918,-0.0478414967656136,-0.0479772388935089,-0.0501484423875809,-0.0531468763947487,-0.0563731715083122,-0.0595926493406296,-0.0627378299832344,-0.0658249408006668,-0.0688889250159264,-0.0719124302268028,-0.0749296247959137,-0.0779414474964142,-0.0809453055262566,-0.083909809589386,-0.0862701237201691,-0.08636474609375,-0.0842049568891525,-0.0809618756175041,-0.077398844063282,-0.0737985596060753,-0.0702759250998497,-0.0668269991874695,-0.0634010881185532,-0.0600083880126476,-0.0566231235861778,-0.0532550066709518,-0.0499007739126682,-0.0465746484696865,-0.0432527214288712,-0.0399517826735973,-0.0372764617204666,-0.0368652157485485,-0.0387025773525238,-0.0416193008422852,-0.044478427618742,-0.0452896133065224,-0.0436465926468372,-0.0407320410013199,-0.0373849645256996,-0.0339703261852264,-0.0306274518370628,-0.0273451413959265,-0.0244924277067184,-0.0237460266798735,-0.0253837909549475,-0.0282426811754704,-0.031507782638073,-0.0348215363919735,-0.0380836389958858,-0.041288573294878,-0.0444526299834251,-0.0475900061428547,-0.0507168769836426,-0.0538203567266464,-0.056657999753952,-0.0576893948018551,-0.0562165081501007,-0.0533169098198414,-0.049919355660677,-0.0464383363723755,-0.0430078618228436,-0.0396465584635735,-0.036335252225399,-0.0330340526998043,-0.0300745777785778,-0.0290534421801567,-0.0305225662887096,-0.0332890078425407,-0.0365075841546059,-0.0397843942046165,-0.0430152304470539,-0.0461991876363754,-0.0493252761662006,-0.0524324588477612,-0.0553909353911877,-0.0567969158291817,-0.0556513890624046,-0.0528921522200108,-0.0496692843735218,-0.0478759035468102,-0.0486605502665043,-0.0510959513485432,-0.0541692040860653,-0.0573692321777344,-0.0605387762188911,-0.0636405274271965,-0.066690132021904,-0.0697105973958969,-0.072724387049675,-0.0757177099585533,-0.0786940976977348,-0.0816622748970985,-0.0846090316772461,-0.0875548720359802,-0.0904159471392632,-0.0920173227787018,-0.0910823792219162,-0.0883357599377632,-0.0849406942725182,-0.0826479122042656,-0.0829114615917206,-0.0850214660167694,-0.0878773927688599,-0.090927429497242,-0.0939655900001526,-0.0969323292374611,-0.0998499020934105,-0.102733820676804,-0.105600491166115,-0.108455821871758,-0.111314907670021,-0.114151157438755,-0.116974398493767,-0.119784384965897,-0.122562937438488,-0.124360762536526,-0.123691521584988,-0.121011942625046,-0.117501989006996,-0.11377190053463,-0.110039606690407,-0.106387414038181,-0.102778628468513,-0.0992063879966736,-0.0957262739539146,-0.0933805853128433,-0.0935603156685829,-0.0956364274024963,-0.0984924286603928,-0.101551339030266,-0.10458155721426,-0.107543408870697,-0.110444009304047,-0.113319717347622,-0.116176426410675,-0.118308365345001,-0.118094637989998,-0.115665778517723,-0.112275764346123,-0.108602210879326,-0.104906246066093,-0.101285107433796,-0.0977257862687111,-0.0942209661006927,-0.0907291322946548,-0.0872415453195572,-0.0837744176387787,-0.080329492688179,-0.0769092664122581,-0.0743721351027489,-0.0742596089839935,-0.0762230455875397,-0.079100638628006,-0.0822368115186691,-0.085380032658577,-0.0879559814929962,-0.0883230492472649,-0.0863351449370384,-0.0831950679421425,-0.0796742588281631,-0.0761187449097633,-0.0726445317268372,-0.0692151486873627,-0.0658289566636086,-0.0624678134918213,-0.059108879417181,-0.0557610616087914,-0.0529327504336834,-0.0522824488580227,-0.0539879985153675,-0.0568349324166775,-0.0600394830107689,-0.0632804855704308,-0.0664634928107262,-0.0695731118321419,-0.0723323747515678,-0.0731587186455727,-0.0714854374527931,-0.0684888884425163,-0.0654013082385063,-0.0641849711537361,-0.0654411166906357,-0.068064957857132,-0.0711700990796089,-0.0743596032261848,-0.0774757713079453,-0.0805415436625481,-0.0835719853639603,-0.0865834653377533,-0.089574471116066,-0.0925432592630386,-0.0954948365688324,-0.098437525331974,-0.101364508271217,-0.104272738099098,-0.106972381472588,-0.107993468642235,-0.106500044465065,-0.103481248021126,-0.0999126583337784,-0.096253365278244,-0.0926315262913704,-0.0890838354825974,-0.0855776742100716,-0.0820906534790993,-0.0786371976137161,-0.0751956328749657,-0.0717661827802658,-0.0683725476264954,-0.065241314470768,-0.0639419853687286,-0.0651421248912811,-0.067746140062809,-0.0708459466695786,-0.0740295872092247,-0.0770759060978889,-0.0786621198058128,-0.0776321217417717,-0.0748959258198738,-0.0715170279145241,-0.0679939538240433,-0.0645093470811844,-0.0610807314515114,-0.0577076487243176,-0.054341234266758,-0.0510171130299568,-0.0477090775966644,-0.0444083623588085,-0.0411156453192234,-0.0378264188766479,-0.0345480926334858,-0.0313869677484035,-0.0296533070504665,-0.0305092632770538,-0.0330465584993362,-0.0361750274896622,-0.0383385308086872,-0.0379773825407028,-0.0356453731656075,-0.0325031764805317,-0.0291486382484436,-0.025791447609663,-0.0225151870399714,-0.0192780904471874,-0.0160782281309366,-0.012894693762064,-0.009719599969685,-0.006550274323672,-0.0033851554617285,-0.0002399049553787,0.0028987221885472,0.0059764739125967,0.00791288446635,0.0073314988985657,0.0048547890037298,0.0016157289501279,-0.0009652242879383,-0.0010936395265162,0.0008924702415242,0.0038501052185893,0.007072546519339,0.0103062391281128,0.0134798288345337,0.016602149233222,0.0196985621005297,0.0227883160114288,0.0258628465235233,0.0289316158741713,0.0319767333567142,0.0349825285375118,0.0369917154312134,0.0365226864814758,0.0340463668107986,0.0307544395327568,0.0272422544658184,0.0237443707883358,0.0209173765033484,0.0203949064016342,0.0221587792038918,0.0250107385218143,0.0281955301761627,0.0314027294516563,0.034558579325676,0.0376378446817398,0.040688406676054,0.0437216721475124,0.0467495024204254,0.0497672893106937,0.0527780316770077,0.0557741783559322,0.0587442293763161,0.061704408377409,0.0640408620238304,0.0641110986471176,0.061924684792757,0.0586763396859169,0.0555158853530884,0.0543892569839954,0.0557019785046577,0.0583068653941154,0.0609154179692268,0.0615397915244102,0.0597374103963375,0.0566576682031155,0.0531463027000427,0.049594946205616,0.0460970029234886,0.0426575317978859,0.0392610765993595,0.0358979478478432,0.0325421839952469,0.0292023308575153,0.0258822534233332,0.0225723404437304,0.0192790143191814,0.0159915816038847,0.012969165109098,0.0117766074836254,0.013094344176352,0.0158377923071384,0.0190703514963388,0.0223906580358744,0.0256664957851171,0.0288847107440233,0.0320512503385544,0.0352038741111755,0.0379976816475391,0.038830641657114,0.0371926613152027,0.0342508144676685,0.0308707114309072,0.027426190674305,0.0240435767918825,0.0207109022885561,0.0174171552062035,0.0141398068517447,0.0110375229269266,0.0094830859452486,0.0104705449193716,0.013066578656435,0.0162687748670578,0.0195820108056068,0.022882541641593,0.0261010229587555,0.0292823351919651,0.0324370414018631,0.0353431664407253,0.0365800596773624,0.0352800339460373,0.0324697643518448,0.0291183609515429,0.0256691202521324,0.0222742781043053,0.0189292766153812,0.0156405754387379,0.0123676154762506,0.0091729825362563,0.0072519676759839,0.0078766476362943,0.0103104282170534,0.0133950393646955,0.0153803573921323,0.0148052386939526,0.012382498010993,0.0092141814529895,0.0058682258240878,0.0025372169911861,-0.0007076594047248,-0.0039239036850631,-0.0071140248328447,-0.0102792847901583,-0.0134244449436665,-0.0165697652846575,-0.0196983776986599,-0.0228071827441454,-0.0259059593081474,-0.0289738308638334,-0.0310302264988422,-0.0306263417005539,-0.0282319448888302,-0.024993397295475,-0.0215151458978653,-0.0180488452315331,-0.0146591328084469,-0.0113306026905775,-0.0080344583839178,-0.0047415904700756,-0.0014741253107786,0.0017886910354718,0.0050287912599742,0.0082285134121775,0.0102631039917469,0.0097467200830578,0.0073437597602605,0.0041792653501033,0.0008242296753451,-0.0025136684998869,-0.0050645358860492,-0.0052145840600132,-0.0031556147150695,-0.0001043767988448,0.0032282578758895,0.0065742540173232,0.0098452251404523,0.0130647793412209,0.0155193824321032,0.0156021071597934,0.013498330488801,0.0104183638468385,0.0070570707321167,0.0036789462901651,0.0003646084514912,-0.0028815201949328,-0.0061072967946529,-0.0093121128156781,-0.0125033231452107,-0.0156753547489643,-0.0183282326906919,-0.0188056342303753,-0.0169509127736092,-0.0139465294778347,-0.0105808898806572,-0.0071591595187783,-0.0038049661088734,-0.0005119538400322,0.0027322629466652,0.00595975946635,0.0091713899746537,0.0123879751190543,0.0155848069116473,0.0187584720551968,0.021919522434473,0.0250599011778831,0.0276595689356327,0.0280859246850014,0.026192381978035,0.0231544002890587,0.0200702100992203,0.018882853910327,0.0202214177697897,0.0229189656674862,0.025742094963789,0.0266949757933617,0.0251737982034683,0.0222732089459896,0.0189125742763281,0.0154797807335854,0.0120957167819142,0.0087899705395102,0.0055172592401504,0.0022799333091825,-0.0009470065706409,-0.0041714357212185,-0.0073874569498002,-0.0105793233960867,-0.0137539887800813,-0.0169013291597366,-0.019830334931612,-0.0210859570652246,-0.0198064986616373,-0.0170142482966185,-0.0136921647936106,-0.0102546755224466,-0.006869439035654,-0.0035584708675742,-0.0002916068187914,0.0029444205574691,0.0061874100938439,0.009414323605597,0.0126251829788089,0.0158099234104156,0.0189828798174858,0.022150844335556,0.0250836424529552,0.0263202395290136,0.0250422824174166,0.0222518276423216,0.0190102271735668,0.0170565452426672,0.017716845497489,0.0201391316950321,0.023243360221386,0.0264957770705223,0.0297107845544815,0.0328785255551338,0.0358884930610657,0.0374519377946854,0.036439836025238,0.0337362065911293,0.0303918719291687,0.0269215516746044,0.0234818998724222,0.0201114248484373,0.016781073063612,0.0134839117527008,0.0101996790617704,0.006936733610928,0.0037490166723728,0.001686627510935,0.0021329352166503,0.0044857105240225,0.0075776949524879,0.0097329802811145,0.0093457121402025,0.0070192688144743,0.0038977195508778,0.0005567519110627,-0.0027654289733618,-0.0060233096592128,-0.0092246020212769,-0.0123943462967873,-0.0155529528856277,-0.0187001340091228,-0.0218439381569624,-0.0249752961099148,-0.0280835069715977,-0.0311751365661621,-0.0342466570436954,-0.0364520102739334,-0.0362198054790497,-0.0339161679148674,-0.0306890327483416,-0.0272196121513844,-0.023741289973259,-0.0203304030001163,-0.0169768016785383,-0.0136724021285772,-0.0104030845686793,-0.0081486003473401,-0.008384758606553,-0.0106026185676455,-0.0136634288355708,-0.016943596303463,-0.0202090349048376,-0.0234089605510235,-0.0265619903802872,-0.0296845138072968,-0.0327937193214893,-0.0352650359272957,-0.0354695692658424,-0.033416923135519,-0.0302905309945345,-0.0268446523696184,-0.0233758203685284,-0.0199692193418741,-0.0166298933327198,-0.0133299417793751,-0.0100596128031611,-0.0075341016054153,-0.0073774736374616,-0.0094122095033526,-0.0124161969870329,-0.0157059095799923,-0.0190050899982452,-0.0222350843250751,-0.0254065971821547,-0.0285650566220284,-0.0316906347870827,-0.0343845263123512,-0.0350164771080017,-0.0332554318010807,-0.0302426107227802,-0.0268285349011421,-0.0233657751232386,-0.0199672877788544,-0.0166253615170717,-0.0137431360781193,-0.0129562197253108,-0.0145631460472941,-0.0173963122069836,-0.0206286963075399,-0.0239182598888874,-0.0271532740443945,-0.0303211249411106,-0.0334591455757618,-0.0365604013204575,-0.0396507605910301,-0.0427311100065708,-0.0455351546406746,-0.0465444549918175,-0.0450364947319031,-0.042104247957468,-0.0389483980834484,-0.0375369787216187,-0.0386528521776199,-0.0412185490131378,-0.0443061031401157,-0.0475107096135616,-0.0506625846028328,-0.0537404045462608,-0.0567682012915611,-0.0597724579274654,-0.0627707093954086,-0.0657677352428436,-0.0687444508075714,-0.0717089176177979,-0.0746723860502243,-0.0776010677218437,-0.080371268093586,-0.0816009640693665,-0.0802794322371483,-0.0773576200008392,-0.0738684684038162,-0.0702402964234352,-0.066668339073658,-0.0631583109498024,-0.0598517209291458,-0.0581132583320141,-0.0589325502514839,-0.0613495446741581,-0.0643529742956161,-0.0674996227025986,-0.0705977082252502,-0.0736281871795654,-0.0766131654381752,-0.079563170671463,-0.0825126245617867,-0.0854546874761581,-0.0883065313100815,-0.0899154394865036,-0.0889718234539032,-0.0862021222710609,-0.0828015580773354,-0.0805194079875946,-0.0808041393756866,-0.0829273462295532,-0.0857937633991241,-0.088852159678936,-0.0918789133429527,-0.0948459506034851,-0.0977527499198914,-0.100641593337059,-0.103519752621651,-0.106391102075577,-0.109226875007153,-0.112057849764824,-0.11487378180027,-0.117685794830322,-0.12047404050827,-0.12226428091526,-0.121568024158478,-0.118895344436169,-0.115381889045238,-0.111645869910717,-0.107920579612255,-0.104270271956921,-0.100676700472832,-0.0971226841211319,-0.0936450064182281,-0.0913139283657074,-0.0915050953626633,-0.0935837924480438,-0.0964465662837029,-0.0995006188750267,-0.102529689669609,-0.1054857224226,-0.10839931666851,-0.111298412084579,-0.114168129861355,-0.116308599710464,-0.116075694561005,-0.113662227988243,-0.110280953347683,-0.106601253151894,-0.10292486846447,-0.0993118286132812,-0.0957524850964546,-0.0922454297542572,-0.0887466147542,-0.0852579772472382,-0.0817916318774223,-0.0783405527472496,-0.0749016255140305,-0.0714898630976677,-0.0681018829345703,-0.0654499530792236,-0.0651767253875732,-0.0670813620090485,-0.069959320127964,-0.0726184621453285,-0.0731338784098625,-0.0712743848562241,-0.0682062581181526,-0.0647597536444664,-0.0612743385136127,-0.0584716834127903,-0.0580078959465027,-0.0598186515271664,-0.0626797676086426,-0.0658725947141647,-0.0690722763538361,-0.0722248181700706,-0.0753120258450508,-0.0783527344465256,-0.0813772305846214,-0.0843872278928757,-0.0873896777629852,-0.0903701111674309,-0.0933355540037155,-0.0959689691662788,-0.0966475382447243,-0.0948499515652657,-0.0917372852563858,-0.088195413351059,-0.0845803767442703,-0.0810220316052437,-0.0775341019034386,-0.0740891173481941,-0.0706681236624718,-0.0672753155231476,-0.0638923197984695,-0.060518492013216,-0.0571633875370026,-0.054245688021183,-0.0533897466957569,-0.0549337863922119,-0.0577170513570309,-0.0608912296593189,-0.064116895198822,-0.0670913681387901,-0.068321704864502,-0.0669949278235435,-0.0641452670097351,-0.0607575699687004,-0.057268463075161,-0.0538352802395821,-0.0504680164158344,-0.0471373684704304,-0.0438232868909836,-0.0407973751425743,-0.0395947583019733,-0.0408957563340664,-0.0436225272715092,-0.0468204766511917,-0.0501043125987053,-0.0533430352807045,-0.0565077215433121,-0.0596274137496948,-0.0627275630831718,-0.0657222792506218,-0.0672949180006981,-0.0662903860211372,-0.0635903477668762,-0.0602303519845009,-0.0567332804203033,-0.0532881058752537,-0.0498985759913921,-0.0465585887432098,-0.043244443833828,-0.039940319955349,-0.0366474352777004,-0.0333823747932911,-0.0301235616207123,-0.0270243566483259,-0.0254819896072149,-0.0265017691999674,-0.0291368775069714,-0.0323346555233002,-0.0356715768575668,-0.0389113686978817,-0.0409520603716373,-0.040453277528286,-0.0380294695496559,-0.0348336473107338,-0.0314402170479298,-0.0280748344957829,-0.0247694812715054,-0.0215699672698975,-0.0195323601365089,-0.0200215186923742,-0.0223995577543974,-0.0255494005978107,-0.0288803689181805,-0.0322048589587212,-0.035452377051115,-0.0386542119085789,-0.0418130941689014,-0.0449598357081413,-0.0481050536036491,-0.0512135662138462,-0.0534495338797569,-0.0532414801418781,-0.050972193479538,-0.0477823093533516,-0.0443388633430004,-0.0408795364201069,-0.0374873541295528,-0.0341614000499249,-0.030863031744957,-0.0275888666510582,-0.0243219770491123,-0.0210710093379021,-0.0178409554064274,-0.0146116083487868,-0.0114026954397559,-0.0082159815356135,-0.0059221014380455,-0.0060667945072054,-0.0082825869321823,-0.0113963261246681,-0.0141469482332468,-0.0146444411948323,-0.0128517281264067,-0.009926751255989,-0.006664169486612,-0.0033723479136824,-0.0001309612125623,0.0030551911331713,0.0055737067013979,0.0058059631846845,0.0037810287903994,0.0007009407272562,-0.0027015623636543,-0.006107906345278,-0.0094439387321472,-0.0127333104610443,-0.0159858148545027,-0.0192184001207352,-0.0224407576024532,-0.0256432686001062,-0.0284109450876713,-0.0291004590690136,-0.0274037197232246,-0.0244647227227688,-0.0211285762488842,-0.0177460759878159,-0.0144124003127217,-0.0111309429630637,-0.0078941285610199,-0.0046718469820916,-0.0014624181203544,0.0017286778893321,0.004900814499706,0.008060660213232,0.0112194763496518,0.0143708949908614,0.017067389562726,0.017682746052742,0.0159156434237957,0.0129167046397924,0.0097762513905763,0.008384651504457,0.0095521379262208,0.0121870003640652,0.0153397955000401,0.0185795836150646,0.0217826962471008,0.0249192453920841,0.0280208066105843,0.031078789383173,0.0341405607759953,0.0371953099966049,0.0399823635816574,0.0409321077167988,0.039387185126543,0.0364346876740456,0.0329948738217354,0.0294689349830151,0.0260161310434341,0.0226149335503578,0.0194044262170792,0.017763102427125,0.0186847653239965,0.0212066005915403,0.0243205018341541,0.0275517012923956,0.0307563934475183,0.0338932201266289,0.0369972959160805,0.0400614812970161,0.0431260541081429,0.0461614355444908,0.049185611307621,0.0522119775414467,0.0550271160900593,0.0561145655810833,0.0546707287430763,0.0517469570040703,0.048268236219883,0.0447077751159668,0.0412715375423431,0.0391490906476974,0.0396118722856045,0.0419073179364204,0.0449165254831314,0.0480917170643806,0.0512429177761078,0.0543349534273148,0.0573729574680328,0.0603940039873123,0.0633780509233475,0.0663471147418022,0.0693138539791107,0.0722785741090775,0.0752314776182175,0.0781824141740799,0.0810324847698212,0.0826079174876213,0.0816290080547333,0.0788410156965256,0.0753948614001274,0.0727813839912415,0.0726632103323936,0.0745817422866821,0.0773892551660538,0.0804452896118164,0.0834929496049881,0.08646509796381,0.0893692076206207,0.0912242233753204,0.0906044691801071,0.0880099236965179,0.0845767557621002,0.0809396877884865,0.0773200988769531,0.0737603008747101,0.0702546983957291,0.0667823553085327,0.063347339630127,0.0599150657653809,0.0564974173903465,0.0530891977250576,0.0497147925198078,0.0463497303426266,0.0429948195815086,0.039660282433033,0.0363445356488228,0.0330479294061661,0.0297549348324537,0.026478685438633,0.023216973990202,0.0199683830142021,0.0167370587587357,0.0142610799521208,0.0141530260443687,0.0162002090364695,0.0192447602748871,0.0225633084774017,0.0259052943438292,0.0291844345629215,0.0323875918984413,0.0350372903048992,0.0354830548167229,0.0336161442101002,0.0306136980652809,0.0277427416294813,0.0270163398236036,0.0286746192723513,0.0315124094486237,0.0347424224019051,0.038011871278286,0.0412183851003647,0.0443740375339985,0.0474824085831642,0.0505815148353577,0.0536670945584774,0.0567286796867847,0.0597787201404572,0.0628120079636574,0.0658408254384995,0.0688639730215073,0.0715297684073448,0.0722373500466347,0.0704828649759293,0.0674118846654892,0.0642409026622772,0.0629352927207947,0.0641316771507263,0.0666982978582382,0.0697397291660309,0.0728635415434837,0.0759413093328476,0.0789638608694077,0.0819425731897354,0.0848989188671112,0.0878418385982513,0.0907633751630783,0.0936700105667114,0.0965721309185028,0.0994585901498795,0.102336354553699,0.104994550347328,0.105958558619022,0.104393377900124,0.101333409547806,0.097740612924099,0.0940340682864189,0.0903758555650711,0.0868048369884491,0.0832779258489609,0.0797785520553589,0.0762939155101776,0.0728420317173004,0.0694093480706215,0.0659954696893692,0.0625638961791992,0.0591512322425842,0.0559641271829605,0.054480317980051,0.0555280521512032,0.0580802112817764,0.0610858239233494,0.0627603530883789,0.0618206895887852,0.0591560527682304,0.0558269172906876,0.0523570217192173,0.049049437046051,0.0473378598690033,0.0482387468218803,0.0507690086960793,0.0538867712020874,0.05711929500103,0.0603139437735081,0.0634439438581467,0.0665353387594223,0.0695941969752312,0.0726325735449791,0.075651615858078,0.0786757916212082,0.0816885232925415,0.0846244692802429,0.0864036083221436,0.085665762424469,0.0830339714884758,0.0796389579772949,0.0760486721992493,0.0724951401352882,0.0689948946237564,0.0655495524406433,0.0621352642774582,0.0587413981556892,0.0553528554737568,0.0519825369119644,0.0486317202448845,0.0452916994690895,0.0419750213623047,0.0387210138142109,0.0366140119731426,0.0370157137513161,0.0393333733081818,0.0424081608653069,0.0447868444025517,0.044716402888298,0.0425351411104202,0.0394011437892914,0.0359950251877308,0.0325897373259068,0.0292603597044945,0.0259946957230568,0.0236308835446835,0.0236905124038458,0.0258470326662064,0.0289112012833357,0.0322195142507553,0.0355216674506664,0.0387613363564014,0.0419550500810146,0.0451081283390522,0.0482494458556175,0.0513906963169575,0.0545008964836597,0.0569547042250633,0.0571351423859596,0.0550681091845036,0.0519278794527054,0.0484851896762848,0.0450068637728691,0.0415940321981907,0.0382380709052086,0.0349160321056843,0.0316215492784977,0.0290703121572733,0.0289122052490711,0.0309341754764318,0.0339225381612778,0.0371902771294117,0.0404592044651508,0.0436740815639496,0.046826783567667,0.0499544553458691,0.0530565716326237,0.055718831717968,0.0562928915023804,0.0544773153960705,0.0514566004276276,0.0484351180493832,0.0474161989986897,0.0488410443067551,0.0515583269298077,0.0546986274421215,0.0579191595315933,0.0610741227865219,0.0641608089208603,0.0672095566987991,0.0702327564358711,0.0732513144612312,0.0762637928128242,0.0792359635233879,0.0821978896856308,0.0851568728685379,0.0880962312221527,0.0907602682709694,0.0916060209274292,0.0899460390210152,0.0868688225746155,0.0835817158222198,0.0820357799530029,0.0830122530460358,0.0854412093758583,0.0884099081158638,0.091473750770092,0.0944870263338089,0.0974431782960892,0.100351609289646,0.103243485093117,0.106128379702568,0.108999475836754,0.111851081252098,0.11469703912735,0.117529638111591,0.120343767106533,0.122997492551804,0.124089673161507,0.122640244662762,0.119600802659988,0.115977831184864,0.112241506576538,0.108542397618294,0.104908801615238,0.101341769099236,0.0977943986654282,0.0944753885269165,0.09284508228302,0.0937522053718567,0.096162423491478,0.0991156920790672,0.102191254496574,0.10519952327013,0.108157224953175,0.111068241298199,0.113951928913593,0.116753466427326,0.118273943662643,0.117236465215683,0.114393554627895,0.110872782766819,0.10718260705471,0.103528827428818,0.0999467968940735,0.0964143425226212,0.0929089933633804,0.0894253179430962,0.0859399288892746,0.0824781954288483,0.0790391266345978,0.0757272690534592,0.0738401859998703,0.074511244893074,0.076869010925293,0.0798864588141441,0.0830529555678368,0.0861591398715973,0.0881657227873802,0.0876569375395775,0.0851668193936348,0.0818433985114098,0.0782929137349129,0.07476606965065,0.0713134929537773,0.0679019317030907,0.0645263493061066,0.0611689947545528,0.0578222870826721,0.0545148849487305,0.0522029846906662,0.0524009838700294,0.0545897260308266,0.0575996674597263,0.0608413480222225,0.0640624687075615,0.0672308132052422,0.0703310370445251,0.0726641565561295,0.0725921913981438,0.0703551694750786,0.0671671330928802,0.0644398853182793,0.0640441030263901,0.0658568143844604,0.0687045827507973,0.0718605443835258,0.0750430896878242,0.0781541168689728,0.0812050625681877,0.0842305198311806,0.0872268080711365,0.0902143567800522,0.0931794419884682,0.0961511731147766,0.0991028696298599,0.102024972438812,0.104944452643394,0.107318200170994,0.107512816786766,0.105386681854725,0.102134346961975,0.0985172763466835,0.09485724568367,0.0912543460726738,0.0877377167344093,0.0842505991458893,0.0807780772447586,0.0773306638002396,0.0738923996686935,0.0704696401953697,0.0670765340328217,0.0643278062343597,0.0638561174273491,0.0656326413154602,0.0684784948825836,0.0716533958911896,0.0748350247740746,0.0776268988847733,0.0783891603350639,0.0766715705394745,0.0736544951796532,0.0702049359679222,0.0666864663362503,0.0632234364748001,0.0598242431879044,0.0564660020172596,0.0531284473836422,0.0498158931732178,0.0465150289237499,0.0432254374027252,0.0399385914206505,0.0366634391248226,0.0333921276032925,0.0304788202047348,0.029539892449975,0.0310599058866501,0.0338790416717529,0.0369279012084007,0.0383471846580505,0.037200789898634,0.0345064476132393,0.0312469433993101,0.0278871655464172,0.0245601311326027,0.0212915260344744,0.0180725157260895,0.0148791242390871,0.0116881970316172,0.0085254218429327,0.0053698294796049,0.0022197314538061,-0.0009221812942996,-0.0040342165157198,-0.0069433189928531,-0.0081395776942372,-0.006831266451627,-0.0040178033523261,-0.0007691007922403,0.0011386591941118,0.0004458862822502,-0.0019732844084501,-0.00505992770195,-0.0083126658573746,-0.0115289790555835,-0.0146669046953321,-0.0177633725106716,-0.020849097520113,-0.0239300429821014,-0.0269855670630932,-0.0300194472074509,-0.0330495983362198,-0.0359228067100048,-0.0372347794473171,-0.035986453294754,-0.0331405512988567,-0.0297282375395298,-0.0261953622102737,-0.0227638967335224,-0.0205377656966448,-0.020875072106719,-0.0231025665998459,-0.0260955225676298,-0.0292899403721094,-0.0324647501111031,-0.0355755910277367,-0.0386385917663574,-0.0416734255850315,-0.0446771271526814,-0.0476792864501476,-0.050692792981863,-0.0536847375333309,-0.05665572732687,-0.0596107058227062,-0.0625136196613312,-0.0642828866839409,-0.0635351538658142,-0.0608943402767181,-0.057493943721056,-0.054789625108242,-0.0545606501400471,-0.0564336627721786,-0.0592262893915176,-0.0614172890782356,-0.0612165443599224,-0.0588851124048233,-0.055607870221138,-0.0520541965961456,-0.0484892725944519,-0.0450079627335072,-0.0415938571095467,-0.0382157638669014,-0.0348523706197739,-0.0314952917397022,-0.0281511154025793,-0.0248200390487909,-0.0215084049850702,-0.0182109121233225,-0.0149257127195597,-0.0122858239337802,-0.0119235459715128,-0.0138060329481959,-0.0167630035430193,-0.0200503468513489,-0.0233582779765129,-0.0266036204993725,-0.0297751016914845,-0.0329246185719967,-0.0360532179474831,-0.0384288765490055,-0.0383959077298641,-0.036211721599102,-0.0330625660717487,-0.0296299252659082,-0.0261883549392223,-0.0228123962879181,-0.0195010621100664,-0.0162197705358267,-0.0129609759896994,-0.0101434336975217,-0.0094170505180954,-0.0110628940165043,-0.0139320036396384,-0.0171976666897535,-0.020520219579339,-0.0237916670739651
-0.0293183028697968,-0.0302098970860243,-0.0330439768731594,-0.0366135761141777,-0.0403541773557663,-0.0440382361412048,-0.0465921834111214,-0.0463544577360153,-0.043803907930851,-0.0402645021677017,-0.0364550575613976,-0.0326657816767693,-0.0289397817105055,-0.0253072753548622,-0.0227716118097305,-0.0230169035494328,-0.025539718568325,-0.029037157073617,-0.0327947661280632,-0.036540187895298,-0.0401908978819847,-0.0437885820865631,-0.0473317466676235,-0.0508663654327393,-0.0543820448219776,-0.0578599721193314,-0.0605691261589527,-0.0606696121394634,-0.0582794845104218,-0.0547497123479843,-0.0508788637816906,-0.0469972938299179,-0.0431846529245377,-0.0394210889935493,-0.0357178449630737,-0.032029040157795,-0.0283722318708897,-0.0247237682342529,-0.0210746042430401,-0.0174361504614353,-0.0138297760859132,-0.0102502917870879,-0.0074503114446997,-0.0072708996012806,-0.009575905278325,-0.013010747730732,-0.0162625461816788,-0.0171531736850739,-0.0153101813048124,-0.0120962141081691,-0.0084343245252966,-0.0046971272677183,-0.0010455317096784,0.0025450587272644,0.0055443136952817,0.0061430064961314,0.0040827863849699,0.0007036406896077,-0.0030907255131751,-0.0069372984580695,-0.0107232630252838,-0.0144254025071859,-0.0180764906108379,-0.0217137020081282,-0.0253267586231232,-0.0289197526872158,-0.0321476198732853,-0.0332453399896622,-0.0315680280327797,-0.028358755633235,-0.0246276389807463,-0.0208001900464296,-0.01704384945333,-0.0133605599403381,-0.0097112823277711,-0.0060796709731221,-0.0024806573055684,0.0011060193646699,0.0046804444864392,0.00822991784662,0.0117724603042006,0.0152968373149633,0.0184484124183655,0.0194634981453419,0.0177075304090977,0.0144198006018996,0.010819548740983,0.0089418841525912,0.0100012570619583,0.0128603121265769,0.0163685865700245,0.0200306307524443,0.0236406829208136,0.0271795578300953,0.0306701678782701,0.0341233238577843,0.0375606678426266,0.0409959815442562,0.0442175194621086,0.0455812886357307,0.0440982058644295,0.0408939048647881,0.0370645597577095,0.0330966114997864,0.0291847493499517,0.0253596194088459,0.0216857437044382,0.0195503383874893,0.020289933308959,0.0229951776564121,0.0264612063765526,0.0301081649959087,0.0337202697992325,0.0372666381299496,0.040748905390501,0.0442072115838528,0.0476502738893032,0.051083717495203,0.0544800534844398,0.0578716769814491,0.0611028932034969,0.0626344531774521,0.0612900704145432,0.0581117272377014,0.0542555078864098,0.0502664595842361,0.046339925378561,0.0436808615922928,0.0439315401017666,0.0463629998266697,0.0496948659420013,0.0532634928822517,0.0568152964115143,0.0602745562791824,0.0636962577700615,0.067086435854435,0.0704599246382713,0.0738131254911423,0.0771448016166687,0.0804827883839607,0.0838183760643005,0.0871177092194557,0.0903655588626862,0.0923967957496643,0.0915796607732773,0.0886086970567703,0.0847767740488052,0.0816144347190857,0.0811614692211151,0.0831519365310669,0.0862454697489738,0.0896733924746513,0.093113973736763,0.0964710861444473,0.0997576713562012,0.102082319557667,0.10171502828598,0.0989664942026138,0.0951734408736229,0.0911094397306442,0.0870451629161835,0.0830447524785995,0.0790993571281433,0.0751910954713821,0.0713249295949936,0.0674752220511436,0.0636478662490845,0.0598227418959141,0.056035041809082,0.0522602722048759,0.0484871938824654,0.0447257980704308,0.0409946292638779,0.0372890084981918,0.0335918068885803,0.0299115832895041,0.026254853233695,0.0226153694093227,0.0189920701086521,0.0160294808447361,0.0155772604048252,0.017693305388093,0.0210521519184113,0.0247845947742462,0.0285593364387751,0.0322672463953495,0.0359127521514893,0.0390516221523285,0.039893202483654,0.0380116850137711,0.0347191020846367,0.0313671939074993,0.030235018581152,0.0318769738078117,0.0349960699677467,0.038603886961937,0.0422980599105358,0.0459274314343929,0.0494914576411247,0.0530043058097363,0.0564845614135265,0.0599556490778923,0.0634267702698708,0.0668715909123421,0.070302926003933,0.0737086683511734,0.0770905539393425,0.0802072510123253,0.0813084691762924,0.0795907974243164,0.0762580186128616,0.0726164653897285,0.0708365887403488,0.0719223096966743,0.0747016444802284,0.0780939385294914,0.081604041159153,0.085064709186554,0.0884634777903557,0.0918034762144089,0.0951223373413086,0.0984185263514519,0.101713366806507,0.105000928044319,0.108271785080433,0.111517257988453,0.114759743213654,0.117839597165585,0.119229003787041,0.117757104337215,0.114434443414211,0.110423393547535,0.106270596385002,0.102162778377533,0.098149448633194,0.0941799804568291,0.0902464538812637,0.0863261893391609,0.0824386477470398,0.0785699784755707,0.0747137367725372,0.0708857774734497,0.0670724362134933,0.063422903418541,0.0614558756351471,0.0623775869607925,0.0651497542858124,0.0685429275035858,0.0707069709897041,0.0699681416153908,0.0671284422278404,0.0634408518671989,0.0595440603792667,0.0557579025626183,0.0535460151731968,0.0543019771575928,0.0570269785821438,0.0604982674121857,0.0641410201787949,0.0677444040775299,0.0712670758366585,0.0747378915548325,0.0781892240047455,0.0816043317317963,0.0850059017539024,0.0883887112140656,0.0917602032423019,0.0950908362865448,0.0973589420318604,0.0968539416790009,0.0940590053796768,0.0903020277619362,0.086275689303875,0.0822637528181076,0.0783218666911125,0.0744358599185944,0.0706018880009651,0.0667830258607864,0.0630035623908043,0.0592247098684311,0.0554506331682205,0.0516926497220993,0.0479518324136734,0.0442650616168976,0.0416382886469364,0.0417988784611225,0.0442361198365688,0.0476355627179146,0.0505176335573196,0.0507468953728676,0.0484697371721268,0.0450302883982658,0.0412312373518944,0.0374180488288403,0.0336591303348541,0.0299763102084398,0.0271221287548542,0.0268797483295202,0.0291096493601799,0.0324875339865685,0.0362024083733559,0.0399321727454662,0.0435914359986782,0.0471739992499352,0.0507197082042694,0.0542512498795986,0.0577638633549213,0.0612527132034302,0.0641990005970001,0.0647445470094681,0.0626169890165329,0.0591674819588661,0.0553107783198357,0.051406554877758,0.0475579351186752,0.0437779873609543,0.0400529354810715,0.03636559471488,0.0333247855305672,0.0328208766877651,0.0348751433193684,0.0381590202450752,0.0418242290616035,0.0455186925828457,0.0491503812372684,0.052715115249157,0.0562294833362103,0.059735182672739,0.062871165573597,0.0638442933559418,0.0620588660240173,0.0587455257773399,0.0552484877407551,0.0537752509117126,0.0551759265363216,0.0581470020115376,0.0616455636918545,0.0652432888746262,0.0687862187623978,0.0722559094429016,0.0756901204586029,0.0790951997041702,0.0824833363294601,0.0858528017997742,0.0892190262675285,0.0925791636109352,0.0958985388278961,0.0992088913917542,0.102307960391045,0.103561848402023,0.101936422288418,0.0985918343067169,0.0948367416858673,0.0927720740437508,0.0936081409454346,0.0962487384676933,0.0995453894138336,0.102981492877007,0.106383390724659,0.109704941511154,0.11298693716526,0.116229191422462,0.119467377662659,0.122696831822395,0.125919565558434,0.129129350185394,0.132321059703827,0.135493904352188,0.138552367687225,0.140064626932144,0.138719022274017,0.135422125458717,0.131383284926414,0.127179205417633,0.123013615608215,0.118944153189659,0.114916138350964,0.11093869805336,0.107125781476498,0.105004191398621,0.105759307742119,0.108361832797527,0.111678287386894,0.115126259624958,0.118523374199867,0.121852785348892,0.125136196613312,0.128386676311493,0.131572097539902,0.133542791008949,0.132663920521736,0.129632592201233,0.125725209712982,0.121583551168442,0.117464646697044,0.113424055278301,0.109452806413174,0.105509907007217,0.101594090461731,0.0976921766996384,0.0938159823417664,0.0899502635002136,0.0861772149801254,0.0837786644697189,0.0842617601156235,0.0867992639541626,0.0901524648070335,0.0937121883034706,0.0972296446561813,0.0997340679168701,0.0994957983493805,0.0968781709671021,0.0932101383805275,0.0892524495720863,0.0852816328406334,0.0813898518681526,0.077555924654007,0.0737726241350174,0.0699977725744247,0.0662330314517021,0.0624995157122612,0.059691309928894,0.059637077152729,0.0619400776922703,0.065275751054287,0.0689024776220322,0.0725468024611473,0.0761045292019844,0.0796104818582535,0.0824074298143387,0.0826698690652847,0.0803699567914009,0.0768562406301498,0.0736188963055611,0.0728529840707779,0.0747050866484642,0.0778429955244064,0.0813813656568527,0.0849536806344986,0.0884571671485901,0.0919042080640793,0.0952966064214706,0.098678894340992,0.102042481303215,0.10538425296545,0.108713887631893,0.112028785049915,0.115335240960121,0.118620023131371,0.121445715427399,0.122002504765987,0.119830437004566,0.116241455078125,0.112184032797813,0.108065038919449,0.104019999504089,0.10004997998476,0.096120797097683,0.0922192931175232,0.088337630033493,0.0844738408923149,0.0806311815977097,0.0768131390213966,0.0735529959201813,0.072704054415226,0.0744967833161354,0.0776123106479645,0.0811417773365974,0.084719255566597,0.0879790782928467,0.0891508609056473,0.0874666720628738,0.084170401096344,0.0803249552845955,0.0763712450861931,0.0724639818072319,0.068650595843792,0.0648656636476517,0.0611064992845058,0.0573725402355194,0.0536641329526901,0.0499688312411308,0.0462753959000111,0.0426057055592537,0.038946196436882,0.0355689786374569,0.034193005412817,0.0356482043862343,0.0387206822633743,0.0422019474208355,0.0440826304256916,0.0430827587842941,0.0401733666658401,0.0365581624209881,0.0327885374426842,0.0290512368083,0.0253861378878355,0.0217740535736084,0.0181982479989529,0.0146336294710636,0.0110674854367971,0.0075231213122606,0.0039852038025856,0.0004555108316708,-0.0030454017687588,-0.0063964813016355,-0.0080571789294481,-0.0068533844314515,-0.0037952295970171,-0.000140690623084,0.0022617280483245,0.0017819495406001,-0.0007956771878525,-0.0042303316295146,-0.0078654512763023,-0.0114830499514937,-0.0150280324742198,-0.0185208078473806,-0.0219885185360909,-0.0254326667636633,-0.0288643911480904,-0.0322917066514492,-0.0357146710157394,-0.039025854319334,-0.040799543261528,-0.039675273001194,-0.0366163700819016,-0.0328030958771706,-0.0288245864212513,-0.0249249152839184,-0.0221725609153509,-0.0222569014877081,-0.0246332846581936,-0.0279517341405153,-0.0315311960875988,-0.0351070016622543,-0.0386180467903614,-0.0420582294464111,-0.0454727783799171,-0.0488779842853546,-0.0522595420479774,-0.0556357018649578,-0.059000875800848,-0.0623581260442734,-0.0657045245170593,-0.0690132528543472,-0.0712545961141586,-0.070735789835453,-0.0679228156805038,-0.0641653090715408,-0.0609315782785416,-0.0603263080120087,-0.0622433796525002,-0.0653396621346474,-0.0680313929915428,-0.0681410282850266,-0.0656880065798759,-0.0620597153902054,-0.0580816008150578,-0.0540792159736156,-0.0501515045762062,-0.0462820082902908,-0.0424506813287735,-0.0386630855500698,-0.0348966270685196,-0.0311457347124815,-0.0273939706385136,-0.0236864984035492,-0.0199881829321384,-0.0163061022758484,-0.0131718162447214,-0.0124326357617974,-0.0143843330442905,-0.01765276491642,-0.0213151033967733,-0.0250338837504387,-0.0286882109940052,-0.0322714224457741,-0.0357965230941772,-0.0393179357051849,-0.0421655587852001,-0.0424832403659821,-0.0402306355535984,-0.0367655679583549,-0.0329207479953766,-0.0290422812104225,-0.0252389963716269,-0.0214900504797697,-0.0177779532968998,-0.0141121568158269,-0.01081049349159,-0.0096661364659667,-0.0112939458340406,-0.0144407572224736,-0.018083993345499,-0.0218295510858297,-0.0255042649805546,-0.0290936902165413,-0.0326587744057178,-0.0361836552619934,-0.0392650812864304,-0.0400499403476715,-0.0381246730685234,-0.0347810126841068,-0.030971622094512,-0.027108296751976,-0.023306243121624,-0.0195756256580353,-0.0158862322568893,-0.0122235091403127,-0.0087788142263889,-0.0071889092214405,-0.0084869088605046,-0.011484682559967,-0.0149094071239233,-0.0166133418679237,-0.0154324071481824,-0.0124613540247083,-0.0088139679282903,-0.005042081233114,-0.0013123379321768,0.0023402133956551,0.005949615035206,0.009525142610073,0.0130871199071407,0.0166329871863127,0.0201530270278454,0.0236628260463476,0.0271628834307194,0.03066036850214,0.0340123474597931,0.0358229205012321,0.0347709804773331,0.0317671485245228,0.0280276574194431,0.0241289529949427,0.0202464051544666,0.0164532586932182,0.0127065796405077,0.0089948996901512,0.0052967555820941,0.0016185466665774,-0.0020325782243162,-0.0056692901998758,-0.0091450596228241,-0.0108975730836391,-0.0097690001130104,-0.0068254675716161,-0.0031961433123797,0.0005892937188036,0.0042992755770683,0.0067025762982666,0.0062115802429616,0.0035609775222837,3.21706174872816e-05,-0.0037354468367993,-0.0074716904200613,-0.0111321974545717,-0.0147057678550482,-0.0170340351760387,-0.016492547467351,-0.0138055216521025,-0.0102311037480831,-0.0064192879945039,-0.0026270728558301,0.001092552090995,0.0047429748810827,0.0083694709464907,0.0119567848742008,0.0155337564647198,0.0190735459327698,0.0216701999306679,0.0215725041925907,0.01910082064569,0.0155823938548565,0.0117564909160137,0.0079302517697215,0.0041807442903518,0.0005154196405783,-0.0031126502435654,-0.0067402641288936,-0.0103489747270942,-0.013945572078228,-0.0175234768539667,-0.0210895929485559,-0.0246347300708294,-0.0281437151134014,-0.0307224988937378,-0.0305930152535439,-0.0281024500727654,-0.0245480164885521,-0.0213484242558479,-0.0207062624394894,-0.0226618610322475,-0.0258706659078598,-0.028819777071476,-0.0293111503124237,-0.0271954294294119,-0.0237797051668167,-0.0199644509702921,-0.0161077138036489,-0.0123149175196886,-0.0085974708199501,-0.0049285106360912,-0.0012767438311129,0.0023650613147765,0.0059895520098507,0.0095983436331152,0.0131813520565629,0.016752952709794,0.0203009843826294,0.0233947150409222,0.0242026224732399,0.0222864933311939,0.0189546141773462,0.0151685699820518,0.011321697384119,0.0075289029628038,0.0038025774993002,0.0001311847881879,-0.0035070464946329,-0.0071254447102546,-0.0107376212254167,-0.014314703643322,-0.0178898312151432,-0.0214523747563362,-0.0249976217746735,-0.0280989073216915,-0.02892448566854,-0.0270320791751146,-0.0237086489796638,-0.0201800242066383,-0.0185940079391003,-0.0198856517672539,-0.0228479243814945,-0.0264031905680895,-0.0300752557814121,-0.0336763300001621,-0.0372042059898376,-0.0404281914234161,-0.041632492095232,-0.0400152206420898,-0.0367767736315727,-0.0329650714993477,-0.0290522836148739,-0.0251998417079449,-0.0214207116514444,-0.0176969338208437,-0.0139999557286501,-0.0103202313184738,-0.006656470708549,-0.0031553390435874,-0.0013634569477289,-0.002451702253893,-0.005380714777857,-0.0088462987914681,-0.010762270539999,-0.0097829597070813,-0.0069040954113006,-0.0033105215989053,0.0004476671165321,0.0041714902035892,0.0078307688236236,0.0114282071590424,0.0149803459644318,0.0185210686177015,0.0220507495105267,0.0255751945078373,0.029079731553793,0.0325812995433807,0.0360470376908779,0.03942896053195,0.0414267182350159,0.0405586436390877,0.0376441292464733,0.0339207760989666,0.0299986377358437,0.0261128600686789,0.0223013646900654,0.0185309778898954,0.0148168997839093,0.0112216621637344,0.0091694537550211,0.0099870022386312,0.0127589348703623,0.0162770617753267,0.0199778638780117,0.0236404146999121,0.0272299516946077,0.0307761020958424,0.034290224313736,0.0377608388662338,0.0401530489325523,0.0397432595491409,0.0370576679706573,0.0334204696118832,0.0295281000435352,0.0256389696151018,0.0218381527811289,0.0181032754480839,0.0143925920128822,0.010735422372818,0.008340485394001,0.0087962877005338,0.01139204390347,0.0148712024092674,0.018590934574604,0.0222696699202061,0.025886757299304,0.0294489338994026,0.0329793058335781,0.0364770404994488,0.0391649082303047,0.0392400249838829,0.0368471667170525,0.0333239696919918,0.0294702425599098,0.0255700796842575,0.0217665247619152,0.018036313354969,0.0151268728077412,0.014845497906208,0.0170420054346323,0.0203694049268961,0.0240411460399628,0.0277236085385084,0.0313302204012871,0.0348783060908318,0.0383910089731216,0.0418827831745148,0.0453693196177483,0.0488211177289486,0.0517290160059929,0.0522318780422211,0.0500488728284836,0.0465686209499836,0.0432232990860939,0.0422315001487732,0.0439326912164688,0.0469987019896507,0.0505199022591114,0.0540942065417767,0.0576016716659069,0.061043743044138,0.0644453093409538,0.0678380504250526,0.0712119862437248,0.0745764970779419,0.0779256522655487,0.0812527388334274,0.0845805183053017,0.0878826007246971,0.0908174961805344,0.0916016697883606,0.0896276533603668,0.0861438661813736,0.0821568146348,0.0780791491270065,0.07407446205616,0.0701270699501038,0.0666014328598976,0.0652368888258934,0.0666433647274971,0.069566011428833,0.0730047896504402,0.0765196159482002,0.0799883976578712,0.0833972692489624,0.0867563709616661,0.0900907069444656,0.0934122204780579,0.0967127680778503,0.0998086333274841,0.101029701530933,0.099377229809761,0.0960318669676781,0.0922896564006805,0.0902490690350533,0.0911029055714607,0.0937505215406418,0.0970728322863579,0.100514233112335,0.103912405669689,0.107241690158844,0.110525242984295,0.113773919641972,0.117019474506378,0.120253309607506,0.123482443392277,0.126701325178146,0.129897266626358,0.133075952529907,0.136134535074234,0.137642681598663,0.136293917894363,0.133000552654266,0.128961950540543,0.12477008253336,0.120614618062973,0.116534769535065,0.112519204616547,0.108538880944252,0.10471673309803,0.102593161165714,0.103371277451515,0.105995185673237,0.109302259981632,0.112741447985172,0.11614428460598,0.119477435946465,0.12277464568615,0.126033544540405,0.129232436418533,0.131192818284035,0.130301892757416,0.127252951264381,0.123334959149361,0.11918106675148,0.115067951381207,0.11103793233633,0.107062444090843,0.103132583200932,0.0992175117135048,0.0953226834535599,0.0914374887943268,0.0875770598649979,0.0837296321988106,0.0799018740653992,0.0761352851986885,0.0735901966691017,0.0739115923643112,0.0763832405209541,0.0797238200902939,0.0823578163981438,0.0822647213935852,0.0797593891620636,0.0761707052588463,0.0722725167870522,0.0683908089995384,0.0656623989343643,0.0657639652490616,0.0681314393877983,0.071477547287941,0.0751068145036697,0.0787212923169136,0.0822577401995659,0.0857293903827667,0.0891636162996292,0.0925659686326981,0.0959590524435043,0.0993364900350571,0.102698728442192,0.106059841811657,0.108733095228672,0.10886512696743,0.106423884630203,0.102769181132317,0.0987577587366104,0.0947146043181419,0.0907434299588203,0.0868426114320755,0.0829807594418526,0.0791477560997009,0.0753273367881775,0.0715345665812492,0.0677584856748581,0.0639889314770699,0.061017919331789,0.0607042424380779,0.0628684759140015,0.0661431774497032,0.0697468519210815,0.0733719319105148,0.0764739811420441,0.0772327184677124,0.0752517431974411,0.0718596205115318,0.0680145397782326,0.0640968680381775,0.0602541975677013,0.0564871653914452,0.0527522936463356,0.0490437000989914,0.0458866879343987,0.0451654680073261,0.0470975078642368,0.0503375492990017,0.0539804399013519,0.0576787814497948,0.0613128580152988,0.0648742839694023,0.0683810114860535,0.0718724727630615,0.0750599578022957,0.0762214958667755,0.0745721459388733,0.0713183656334877,0.0674958825111389,0.0635557249188423,0.0596820078790188,0.0558858551084995,0.052133671939373,0.0484142452478409,0.0447088107466698,0.0410162024199963,0.0373406372964382,0.0337058827280998,0.0304230973124504,0.0292823202908039,0.0309457182884216,0.0341077260673046,0.0377761535346508,0.0415239445865154,0.0450536385178566,0.0468125157058239,0.0456569902598858,0.0426584146916866,0.0389956273138523,0.0351742543280125,0.0314051061868668,0.0277052018791437,0.0242227613925934,0.0224553663283587,0.0235585328191519,0.0265106447041035,0.0301314573734999,0.0338893979787827,0.0375878214836121,0.041224829852581,0.0448079630732536,0.0483677908778191,0.0519059076905251,0.0554285272955894,0.0588590651750565,0.0608784332871437,0.0600417479872704,0.05716897174716,0.0534694939851761,0.049576960504055,0.0457149632275105,0.0419165529310703,0.038179986178875,0.034495122730732,0.030826959758997,0.0271675139665604,0.0235176272690296,0.0198897887021303,0.0162717048078775,0.012668120674789,0.0091676320880651,0.0070435628294944,0.0077799828723073,0.0105732940137386,0.0141425617039204,0.0168457515537739,0.0167490430176258,0.0142976986244321,0.0108659211546183,0.0071588372811675,0.0034712459892034,-0.0001488848647568,-0.0036871815100312,-0.0061435801908373,-0.0057990388013422,-0.0031680506654083,0.0004169910098426,0.0042500523850321,0.0080815805122256,0.0118311978876591,0.0155016742646694,0.0191496666520834,0.0227798670530319,0.0263777952641249,0.029963131994009,0.0327350981533527,0.0328734144568443,0.0305470284074545,0.0270902253687382,0.023307129740715,0.0195077322423458,0.015793465077877,0.0121370973065495,0.0085194436833262,0.004913262091577,0.001335160806775,-0.0022296868264675,-0.0057839318178594,-0.009309759363532,-0.0128314476460218,-0.0163294468075037,-0.0190280713140965,-0.0191063396632671,-0.0167254619300365,-0.0132011668756604,-0.0098927393555641,-0.0089850174263119,-0.0108023444190621,-0.0139505472034216,-0.0175334326922894,-0.021168515086174,-0.0247473511844873,-0.0282526481896639,-0.0317063517868519,-0.0351469852030277,-0.0385823100805283,-0.042004968971014,-0.0448624230921268,-0.0453030355274677,-0.0431073307991028,-0.0396022275090218,-0.0356947109103203,-0.0317409299314022,-0.0278556998819113,-0.02402064204216,-0.0206114519387484,-0.0193865075707436,-0.0209311302751303,-0.0239677000790834,-0.0275233332067728,-0.0311673302203417,-0.0347334444522858,-0.0382381454110146,-0.0416943207383156,-0.0451405718922615,-0.0485659278929234,-0.0519858300685883,-0.0553927421569824,-0.0587729178369045,-0.0617061629891396,-0.0623398870229721,-0.060273677110672,-0.0567954555153847,-0.0528647974133492,-0.0488794185221195,-0.0451435036957264,-0.0433629974722862,-0.0444828979671001,-0.0473049245774746,-0.0507448390126228,-0.0543068461120129,-0.0578267276287079,-0.0612853318452835,-0.0646863654255867,-0.0680616721510887,-0.071421816945076,-0.0747761577367783,-0.0781095027923584,-0.0814259350299835,-0.0847391709685326,-0.0880375280976295,-0.0911373198032379,-0.0923760309815407,-0.0907311290502548,-0.0873855948448181,-0.0835308432579041,-0.0811053812503815,-0.0816026628017426,-0.0840938240289688,-0.0873619019985199,-0.0907964333891869,-0.0941897332668304,-0.097540482878685,-0.100710853934288,-0.102321185171604,-0.101074889302254,-0.0978996753692627,-0.0939679592847824,-0.0898577272891998,-0.0857936143875122,-0.0818051025271416,-0.0778837502002716,-0.0740013420581818,-0.0701355189085007,-0.0662803798913956,-0.0624348968267441,-0.0586224347352982,-0.0548279508948326,-0.0510431379079819,-0.0472727827727795,-0.0435269474983215,-0.0398005768656731,-0.0360975414514542,-0.0323955118656158,-0.0287038013339043,-0.0250357892364264,-0.0213865246623755,-0.0178031884133816,-0.0154815893620253,-0.0159644223749638,-0.0186215490102768,-0.0221475679427385,-0.0258992463350296,-0.0296405423432589,-0.0332965664565563,-0.0368745252490044,-0.0394938662648201,-0.0394033119082451,-0.0369481295347214,-0.0334453955292702,-0.030589634552598,-0.0304512046277523,-0.032721683382988,-0.0360707119107246,-0.0397312492132187,-0.0433960556983948,-0.0469791740179062,-0.0505062863230705,-0.0539991706609726,-0.0574818924069405,-0.0609235391020775,-0.0643550604581833,-0.0677900388836861,-0.0712104365229607,-0.0745927393436432,-0.0779651775956154,-0.0806797221302986,-0.0808597058057785,-0.0784618705511093,-0.0748628377914429,-0.0715657323598862,-0.0707699581980705,-0.0725633800029755,-0.0756365284323692,-0.079096756875515,-0.0825851559638977,-0.0860094875097275,-0.089369110763073,-0.0926994308829308,-0.0960113853216171,-0.0993099138140678,-0.102600164711475,-0.105875834822655,-0.10912648588419,-0.112369060516357,-0.115596637129784,-0.118372559547424,-0.118873789906502,-0.116659708321095,-0.113034203648567,-0.108947291970253,-0.104791104793549,-0.100699052214622,-0.0966882407665253,-0.0927355661988258,-0.0888061970472336,-0.0848948508501053,-0.0810074508190155,-0.0771425515413284,-0.0732952207326889,-0.0694618076086044,-0.0656413212418556,-0.0622941255569458,-0.0612454451620579,-0.0629257708787918,-0.0660123452544212,-0.0692756995558739,-0.0705995038151741,-0.0690601021051407,-0.0658574849367142,-0.0620530620217323,-0.0581403076648712,-0.0546295307576656,-0.0533635690808296,-0.0549233555793762,-0.0579764656722546,-0.0615270212292671,-0.0651600137352943,-0.0687263235449791,-0.0722268521785736,-0.0756798610091209,-0.0791137665510178,-0.082525797188282,-0.0859077274799347,-0.0892937481403351,-0.0926593691110611,-0.095857746899128,-0.097355917096138,-0.0959715321660042,-0.0927425846457481,-0.0888497084379196,-0.084803432226181,-0.0808035731315613,-0.0768797546625137,-0.0730160027742386,-0.0691756680607796,-0.0653643235564232,-0.0615678541362286,-0.0577875673770905,-0.0540201440453529,-0.0502648577094078,-0.0465413182973862,-0.0429881513118744,-0.0411502011120319,-0.042198084294796,-0.0450779646635056,-0.0485411398112774,-0.0507702566683292,-0.0501194074749947,-0.0473548918962479,-0.0437422022223473,-0.0399205237627029,-0.0361232236027718,-0.0324008613824844,-0.0288032237440348,-0.0266453586518764,-0.0273626428097486,-0.0300993267446756,-0.0336448885500431,-0.0373785272240639,-0.0410874411463737,-0.0447099581360817,-0.0482791028916836,-0.0518245697021484,-0.0553357936441898,-0.0588412955403328,-0.0623073168098927,-0.0647017359733582,-0.0643049404025078,-0.0616151914000511,-0.0579805858433247,-0.0540875233709812,-0.0502062812447548,-0.0463925898075104,-0.0426275357604027,-0.0389097332954407,-0.0352345928549767,-0.0328583866357803,-0.0333058834075928,-0.0358948931097984,-0.0393569841980934,-0.0430499985814095,-0.0467273853719234,-0.0503197088837624,-0.0538613647222519,-0.0573618784546852,-0.0608359947800636,-0.0634944587945938,-0.0635411664843559,-0.0611144453287125,-0.0575610138475895,-0.0544744469225407,-0.0540121607482433,-0.0560731589794159,-0.0592916086316109,-0.0628686472773552,-0.0664608776569366,-0.069982074201107,-0.0734370499849319,-0.0768528878688812,-0.0802359208464622,-0.0836086794734001,-0.086971327662468,-0.0903228670358658,-0.0936684310436249,-0.0969839841127396,-0.100282937288284,-0.103053241968155,-0.103398114442825,-0.101086616516113,-0.0974683836102486,-0.0940077751874924,-0.0929250344634056,-0.0945116728544235,-0.0974429994821548,-0.100828625261784,-0.10426215082407,-0.107639223337173,-0.110947892069817,-0.114213563501835,-0.117451295256615,-0.120685152709484,-0.12390610575676,-0.127115860581398,-0.130306228995323,-0.133471176028252,-0.136638626456261,-0.139432027935982,-0.14007468521595,-0.137979507446289,-0.134355887770653,-0.130232766270638,-0.126029580831528,-0.121892616152763,-0.117807418107986,-0.11379086971283,-0.109818458557129,-0.106321908533573,-0.105127260088921,-0.106637850403786,-0.109561994671822,-0.11293975263834,-0.11636970937252,-0.119742751121521,-0.123048886656761,-0.12632343173027,-0.129562392830849,-0.132597789168358,-0.133744806051254,-0.132025346159935,-0.128605231642723,-0.124589048326015,-0.120453149080276,-0.116354703903198,-0.112340778112411,-0.108368679881096,-0.104436717927456,-0.100519850850105,-0.0966124385595322,-0.0927338749170303,-0.0888767391443253,-0.0853157415986061,-0.0837786868214607,-0.0850689634680748,-0.0879759788513184,-0.0914215892553329,-0.0949734300374985,-0.0983570516109467,-0.100134804844856,-0.0990075692534447,-0.0959382504224777,-0.0921098440885544,-0.0881202220916748,-0.084159791469574,-0.0802813619375229,-0.076455257833004,-0.0726568475365639,-0.0688680782914162,-0.0651022344827652,-0.0614552162587643,-0.0593986362218857,-0.0602348297834396,-0.0629946142435074,-0.0664861723780632,-0.0701486840844154,-0.0737666040658951,-0.0773064121603966,-0.0807578414678574,-0.0829329043626785,-0.0822659730911255,-0.0794590711593628,-0.0758240520954132,-0.0732078701257706,-0.0734185799956322,-0.0758369863033295,-0.0791744738817215,-0.0827468931674957,-0.0862983018159866,-0.0897605493664742,-0.0931731536984444,-0.096546858549118,-0.0999119281768799,-0.103265814483166,-0.106617629528046,-0.109929837286472,-0.113222487270832,-0.116508513689041,-0.119761392474174,-0.122074842453003,-0.121682479977608,-0.118910104036331,-0.115092769265175,-0.110996432602406,-0.106891207396984,-0.102864116430283,-0.0989139229059219,-0.0949879437685013,-0.0910962596535683,-0.0872295945882797,-0.0833778455853462,-0.0795374438166618,-0.0757487639784813,-0.07307318598032,-0.0731935203075409,-0.0755586251616478,-0.0788783505558968,-0.0824564322829247,-0.0860240459442139,-0.0888476520776749,-0.0890805274248123,-0.0867444798350334,-0.0832049995660782,-0.0792853757739067,-0.0753385275602341,-0.0714589729905128,-0.0676353946328163,-0.063848614692688,-0.0600868314504623,-0.0563455373048782,-0.0526232533156872,-0.0489123128354549,-0.0452096238732338,-0.0415446236729622,-0.0378977358341217,-0.0349283069372177,-0.0345115996897221,-0.0366377830505371,-0.0399753674864769,-0.043222188949585,-0.0442219711840153,-0.0424521677196026,-0.0392184071242809,-0.0355027914047241,-0.0317052863538265,-0.0279767066240311,-0.0243197046220303,-0.0206955783069134,-0.0170994400978088,-0.0135249402374029,-0.0099627720192074,-0.0064082113094627,-0.0028762922156602,0.000645785301458,0.0041700210422277,0.007214437238872,0.0079675829038023,0.0060106478631496,0.0026513065677136,-0.0008947757887654,-0.0024888347834348,-0.0012227338738739,0.001729896524921,0.0052652480080723,0.0089156599715352,0.0125192012637854,0.0160440728068352,0.019539475440979,0.0229977928102016,0.0264454558491707,0.0298801958560944,0.0333126150071621,0.036741454154253,0.0398069433867931,0.0406672991812229,0.0387566462159157,0.0353511869907379,0.0314577929675579,0.0274951234459877,0.0237369034439325,0.0217633899301291,0.0227000564336777,0.0254818033427,0.0289376527070999,0.0325567312538624,0.036135196685791,0.039631050080061,0.0430787168443203,0.0465054996311665,0.0499102436006069,0.0532924756407738,0.0566702820360661,0.0600430555641651,0.0634074658155441,0.0667549893260002,0.0699183419346809,0.0713760033249855,0.0699636042118073,0.0667220875620842,0.062902957201004,0.0603145360946655,0.0606261491775513,0.0630385205149651,0.0662379413843155,0.0682604908943176,0.0674029961228371,0.0644407942891121,0.0606506541371346,0.0566589087247849,0.0526802763342857,0.0487804785370827,0.0449399314820766,0.0411379411816597,0.0373602285981178,0.0335886068642139,0.0298439972102642,0.0261182468384504,0.0224139429628849,0.0187223199754953,0.0150805544108152,0.0125098396092653,0.0127297639846802,0.0152393048629165,0.0186980050057173,0.0224139094352722,0.0261206440627575,0.0297649540007114,0.0333551801741123,0.0369057953357697,0.0403789319097996,0.0425776839256287,0.041942723095417,0.0391768291592598,0.0355325043201447,0.0316517427563667,0.0277882516384125,0.0240094121545553,0.0202918834984303,0.0166005436331034,0.0129441693425179,0.0100986640900373,0.0098803387954831,0.0121306553483009,0.0155069306492805,0.0192179773002863,0.0229405369609594,0.0266085788607597,0.0301932767033577,0.0337611585855484,0.0372785590589046,0.0398253314197063,0.0396495722234249,0.037126213312149,0.0335735492408276,0.0297143999487162,0.025867372751236,0.0220944881439209,0.0183798279613256,0.0147108705714345,0.0110670924186707,0.0079524656757712,0.0073021478019654,0.009287716820836,0.0125726647675037,0.015706617385149,0.0164569243788719,0.014547310769558,0.0112749487161636,0.0075568896718323,0.0037959560286253,0.0001038404734572,-0.0035129606258124,-0.0070901839062571,-0.0106442263349891,-0.0141735691577196,-0.0177114345133305,-0.0212197862565517,-0.0247149672359228,-0.0281980149447918,-0.0316532328724861,-0.0347557067871094,-0.035708412528038,-0.0338894538581371,-0.0305560044944286,-0.0267269536852837,-0.022805530577898,-0.0189394094049931,-0.0151485130190849,-0.0114213712513447,-0.0077237375080585,-0.004053327254951,-0.0003845173632726,0.0032674719113856,0.0068997531197965,0.0100784534588456,0.0109217613935471,0.0090596303343772,0.0058100568130612,0.0021044248715043,-0.0016663708956912,-0.0051803886890411,-0.0067571573890745,-0.0054368814453482,-0.0024081144947558,0.0012357325758785,0.0050177183002233,0.0087472461163997,0.0123963057994843,0.0157925803214312,0.0172755774110556,0.0158873591572046,0.012804301455617,0.0091113382950425,0.0053087431006133,0.001543563324958,-0.0021398484241217,-0.0057684420607984,-0.0093830451369285,-0.0129589270800352,-0.0165284778922796,-0.0199828818440437,-0.0218752343207598,-0.0208940766751766,-0.0179687552154064,-0.0143013633787632,-0.0104723768308759,-0.006665903609246,-0.0029373492579907,0.0007360895397141,0.0043879407458007,0.0080205593258142,0.0116268442943692,0.0152125637978315,0.0187875423580408,0.022357951849699,0.0259079337120056,0.0293190460652113,0.0311626084148884,0.0301338694989681,0.0271682422608137,0.0235110279172659,0.020922277122736,0.0212018918246031,0.0236854981631041,0.0270238593220711,0.0293541736900806,0.0288659315556288,0.0261828638613224,0.0225673839449883,0.0187204852700233,0.0148964077234268,0.0111416634172201,0.0074466499499976,0.0037975925952196,0.0001613901840755,-0.0034523750655353,-0.0070649124681949,-0.0106518566608429,-0.0142198968678713,-0.0177720114588737,-0.0212792512029409,-0.0238502062857151,-0.0237157195806503,-0.0212199110537767,-0.0176702681928873,-0.0138348694890738,-0.0099893976002931,-0.0062033981084823,-0.0024935787077993,0.0011751357233151,0.0048243850469589,0.0084670232608914,0.0120739126577973,0.01566032320261,0.0192414447665215,0.0227947011590004,0.0263238288462162,0.0288897454738617,0.0287495106458664,0.0262350086122751,0.0226735603064299,0.0195094980299473,0.0188741628080606,0.0208377093076706,0.0240701586008072,0.0276915114372969,0.0313573554158211,0.0349486730992794,0.0384652800858021,0.0412499830126762,0.0414727441966534,0.039175134152174,0.0356662571430206,0.0317941978573799,0.027902640402317,0.0240771546959877,0.0203168261796236,0.0165985617786646,0.0129066985100508,0.0092498380690813,0.0056057977490127,0.0024128388613462,0.001514091505669,0.003339392831549,0.0065771318040788,0.0097912978380918,0.0107854725793004,0.0090394513681531,0.0058266669511795,0.0021418572869151,-0.0016234396025538,-0.0053200991824269,-0.0089505789801478,-0.0125242918729782,-0.0160872936248779,-0.0196367166936398,-0.0231593959033489,-0.026657659560442,-0.0301495231688023,-0.033619113266468,-0.0370836853981018,-0.0402462519705296,-0.0413989536464214,-0.0397412218153477,-0.0364765524864197,-0.0326401740312576,-0.0287194643169641,-0.0248298700898886,-0.0210249591618776,-0.0172656197100878,-0.0135431466624141,-0.0102142225950956,-0.0090694092214107,-0.0106770899146795,-0.0137908682227135,-0.0174035839736462,-0.021100040525198,-0.024730309844017,-0.0282936058938503,-0.0318090282380581,-0.0353082381188869,-0.0386251509189606,-0.0402502678334713,-0.0389939732849598,-0.0358999520540237,-0.0321227014064789,-0.0282119102776051,-0.0243474058806896,-0.0205529108643532,-0.0168257169425488,-0.0131275970488787,-0.0096491575241088,-0.0080859530717134,-0.0093778315931558,-0.0123639050871134,-0.015962190926075,-0.0196753945201635,-0.0233549475669861,-0.0269540026783943,-0.030492166057229,-0.0339994914829731,-0.0374160036444664,-0.0394376665353775,-0.0386029109358788,-0.0357362329959869,-0.0320463813841343,-0.0281523186713457,-0.0242832861840725,-0.0204952582716942,-0.0168495178222656,-0.0146567467600107,-0.0153184225782752,-0.0180134158581495,-0.021497355774045,-0.0251841470599174,-0.0288465395569801,-0.0324325002729893,-0.0359648466110229,-0.0394616574048996,-0.0429451987147331,-0.0464081168174744,-0.049822960048914,-0.0521727874875069,-0.051705114543438,-0.0489797107875347,-0.0453455448150635,-0.0425566323101521,-0.0425517559051514,-0.0448339134454727,-0.0481193885207176,-0.0516788810491562,-0.0552346333861351,-0.058715496212244,-0.0621400885283947,-0.0655258521437645,-0.0689027905464172,-0.0722604840993881,-0.0756131038069725,-0.0789555758237839,-0.0822850987315178,-0.0855907499790192,-0.0888833105564117,-0.0913650915026665,-0.091226801276207,-0.0886365622282028,-0.0849262177944183,-0.0808863043785095,-0.0768226310610771,-0.072825625538826,-0.0689112320542336,-0.0658553913235664,-0.0654651075601578,-0.0675169825553894,-0.0706925317645073,-0.0741887167096138,-0.0777017250657082,-0.0811371654272079,-0.0845244973897934,-0.0878876447677612,-0.0912190079689026,-0.0945267826318741,-0.0978208854794502,-0.100568853318691,-0.100867845118046,-0.098533496260643,-0.0949103087186813,-0.0914502143859863,-0.0903691798448563,-0.0919609740376472,-0.094901368021965,-0.098284438252449,-0.101709067821503,-0.105075262486935,-0.108382537961006,-0.11164578795433,-0.114883951842785,-0.118117459118366,-0.12133876979351,-0.124545454978943,-0.127743750810623,-0.130915358662605,-0.13409149646759,-0.13687202334404,-0.137508526444435,-0.135392814874649,-0.131772220134735,-0.127655506134033,-0.123460277915001,-0.119327120482922,-0.115263365209103,-0.111256524920464,-0.107272610068321,-0.10377275198698,-0.102587804198265,-0.104128479957581,-0.10707189142704,-0.110457189381123,-0.11389485001564,-0.117280811071396,-0.120592214167118,-0.123875968158245,-0.127120539546013,-0.130146518349648,-0.131289571523666,-0.129574447870255,-0.126147419214249,-0.122121095657349,-0.117977283895016,-0.113879904150963,-0.109863430261612,-0.105890698730946,-0.101957954466343,-0.0980430617928505,-0.0941412895917892,-0.090261273086071,-0.0864020884037018,-0.0825555399060249,-0.07872274518013,-0.075118400156498,-0.0734374970197678,-0.0745968967676163,-0.0774552300572395,-0.0808084905147552,-0.0827357470989227,-0.0817597806453705,-0.0788001790642738,-0.0750502124428749,-0.0711280927062035,-0.0674080774188042,-0.0654869228601456,-0.0664777383208275,-0.0692956820130348,-0.0727737471461296,-0.0763951241970062,-0.0799609273672104,-0.0834555700421333,-0.0868979766964912,-0.0903166085481644,-0.0937175452709198,-0.0970969125628471,-0.100473798811436,-0.103833697736263,-0.107127159833908,-0.109164528548717,-0.108368262648582,-0.105420038104057,-0.101605117321014,-0.0975614562630653,-0.0935220792889595,-0.089568629860878,-0.08568274974823,-0.0818142890930176,-0.0779816284775734,-0.074151024222374,-0.0703472495079041,-0.0665591657161713,-0.0628642290830612,-0.0605890192091465,-0.0612042248249054,-0.0638436675071716,-0.0672727525234222,-0.0709034949541092,-0.074491374194622,-0.07706318795681,-0.0768911242485046,-0.0743328928947449,-0.0707165375351906,-0.0668151900172234,-0.0629304796457291,-0.0591044053435326,-0.0553367435932159,-0.0516113042831421,-0.0479289442300797,-0.0453568547964096,-0.0456192791461945,-0.0481293387711048,-0.0515653043985367,-0.0552442818880081,-0.0589164271950722,-0.0624970458447933,-0.0660186484456062,-0.0695087686181068,-0.0729660168290138,-0.0757552087306976,-0.0759910643100739,-0.0736707895994186,-0.0701463967561722,-0.0662572607398033,-0.0623432025313377,-0.058497678488493,-0.0547097474336624,-0.0509623065590858,-0.0472491979598999,-0.0435484424233437,-0.039853859692812,-0.0361801944673061,-0.0325196161866188,-0.0296848621219397
-0.0792349651455879,-0.0830034911632538,-0.0867706313729286,-0.0905216783285141,-0.0942359045147896,-0.0979237481951714,-0.100533738732338,-0.100090019404888,-0.0970038846135139,-0.0927774608135223,-0.0890074819326401,-0.0881046801805496,-0.0901077464222908,-0.0935081541538239,-0.0973397046327591,-0.10120989382267,-0.105004899203777,-0.10872720927,-0.111630730330944,-0.111672684550285,-0.108869850635529,-0.104731753468513,-0.100200146436691,-0.0956741273403168,-0.0912188738584518,-0.0868311300873756,-0.0824809893965721,-0.0781489014625549,-0.0738278329372406,-0.0695320516824722,-0.0652607753872871,-0.0609995983541012,-0.0567479729652405,-0.0525330305099487,-0.048332903534174,-0.0441502928733826,-0.0399641618132591,-0.0358137413859367,-0.0316793955862522,-0.027564100921154,-0.0234632641077042,-0.0193810313940048,-0.0158670544624329,-0.0149577297270298,-0.0170612558722496,-0.0207282230257988,-0.0249029248952866,-0.0291340164840221,-0.0332902707159519,-0.0373763591051102,-0.0410869568586349,-0.0424826666712761,-0.0407151766121387,-0.0371582917869091,-0.0333048515021801,-0.0316318944096565,-0.0331934355199337,-0.0365714691579342,-0.040606714785099,-0.04476073756814,-0.0488573834300041,-0.0528641566634178,-0.0568144470453262,-0.0607296116650105,-0.0646377950906754,-0.0685354247689247,-0.0724091529846191,-0.0762694031000137,-0.0800987631082535,-0.0839283168315887,-0.0875617116689682,-0.0892633348703384,-0.0876959636807442,-0.0840999409556389,-0.0799491256475449,-0.0775992497801781,-0.0784952342510223,-0.0814725682139397,-0.0852346420288086,-0.0891833603382111,-0.0930826589465141,-0.0968931913375854,-0.100658029317856,-0.104389980435371,-0.108102090656757,-0.11179456114769,-0.115472912788391,-0.119139440357685,-0.122785948216915,-0.126438826322556,-0.12997542321682,-0.131920084357262,-0.130659207701683,-0.127120018005371,-0.1227176040411,-0.118101619184017,-0.113525129854679,-0.109042227268219,-0.104632124304771,-0.100248835980892,-0.09589584171772,-0.0915467962622643,-0.0872161537408829,-0.0828936398029327,-0.0786022543907166,-0.0743253156542778,-0.0701587870717049,-0.0676167979836464,-0.0682880505919456,-0.0712220892310143,-0.0750383660197258,-0.0778601169586182,-0.0774767324328423,-0.0745154619216919,-0.0704542249441147,-0.0661129504442215,-0.0618237517774105,-0.05903285369277,-0.0594810396432877,-0.0623399429023266,-0.0661905109882355,-0.0702803283929825,-0.074346125125885,-0.0783159732818604,-0.0822289735078812,-0.0860961377620697,-0.0899518355727196,-0.0937904939055443,-0.0975920557975769,-0.101387657225132,-0.105162419378757,-0.107991799712181,-0.107862040400505,-0.104982942342758,-0.100853160023689,-0.0963925048708916,-0.0919032320380211,-0.0874955281615257,-0.0831589847803116,-0.0788521766662598,-0.0745733380317688,-0.0703174620866776,-0.0660673156380653,-0.0618416033685207,-0.0576252639293671,-0.0534257516264915,-0.0492592975497246,-0.0460385978221893,-0.0458070822060108,-0.0483200177550316,-0.0520766377449036,-0.0555743165314198,-0.0563209876418114,-0.0540670827031136,-0.0503227040171623,-0.0460996627807617,-0.0418230220675468,-0.0376004762947559,-0.033454991877079,-0.0299840942025185,-0.0293063260614872,-0.0315783582627773,-0.035279419273138,-0.0394314900040627,-0.0436366237699986,-0.0477612540125847,-0.0518009215593338,-0.0557973757386208,-0.0597635097801685,-0.0637146532535553,-0.0676504224538803,-0.0711391642689705,-0.072195753455162,-0.0701450705528259,-0.0664104968309402,-0.0621233582496643,-0.05774986743927,-0.053431324660778,-0.0491898320615292,-0.0449938327074051,-0.0408364459872246,-0.037228062748909,-0.0362412072718143,-0.0383046232163906,-0.0419098734855652,-0.046012531965971,-0.0501880384981632,-0.0542802810668945,-0.0582977905869484,-0.0622593909502029,-0.0661906823515892,-0.0698580965399742,-0.0713773742318153,-0.0697053968906403,-0.0661145001649857,-0.0621046721935272,-0.0600902438163757,-0.0613141357898712,-0.0644997805356979,-0.0684151351451874,-0.0724697485566139,-0.0764786079525948,-0.0803992301225662,-0.0842496752738953,-0.0880789309740067,-0.0919024646282196,-0.0956872701644897,-0.099460244178772,-0.103213772177696,-0.106965631246567,-0.110690370202065,-0.114260829985142,-0.116080746054649,-0.114665664732456,-0.111091747879982,-0.106835067272186,-0.104184381663799,-0.104790881276131,-0.10760436207056,-0.111260458827019,-0.115125514566898,-0.11896388977766,-0.122709214687347,-0.126401647925377,-0.130038976669312,-0.133664965629578,-0.137285351753235,-0.140896379947662,-0.144476190209389,-0.14804682135582,-0.151612609624863,-0.155106425285339,-0.15717551112175,-0.156060069799423,-0.15255543589592,-0.148110911250114,-0.143444716930389,-0.138793125748634,-0.134240224957466,-0.1297647356987,-0.125311806797981,-0.120985805988312,-0.118263095617294,-0.118764519691467,-0.121527910232544,-0.125167042016983,-0.129030853509903,-0.132874563336372,-0.136623159050941,-0.140309050679207,-0.143960773944855,-0.147581472992897,-0.150107517838478,-0.14957831799984,-0.146398484706879,-0.142089575529099,-0.137510225176811,-0.132930248975754,-0.128424942493439,-0.123996213078499,-0.119597114622593,-0.115226805210114,-0.110877394676208,-0.106542557477951,-0.102213397622108,-0.0979452580213547,-0.0949463993310928,-0.0950891226530075,-0.097750298678875,-0.101467698812485,-0.105462491512299,-0.109433814883232,-0.112551651895046,-0.112737968564034,-0.110068120062351,-0.106054678559303,-0.101641289889812,-0.0971991494297981,-0.0928336381912231,-0.0885310024023056,-0.0842794328927994,-0.0800427719950676,-0.0758281573653221,-0.0716296434402466,-0.0682227313518524,-0.0676916241645813,-0.0700146704912186,-0.073678158223629,-0.0777423232793808,-0.081851102411747,-0.0858715027570724,-0.0898119062185287,-0.0931970626115799,-0.0939709022641182,-0.0916944667696953,-0.0878582894802094,-0.0840660110116005,-0.0828070640563965,-0.0846002548933029,-0.0880109146237373,-0.0919799208641052,-0.0960168689489365,-0.0999708697199821,-0.103842087090015,-0.107666440308094,-0.111453182995319,-0.115226730704308,-0.118988707661629,-0.122744880616665,-0.126462951302528,-0.130163758993149,-0.133857071399689,-0.137208849191666,-0.138265699148178,-0.136169761419296,-0.132277816534042,-0.1277896463871,-0.123205475509167,-0.118690267205238,-0.114254206418991,-0.109874412417412,-0.105518512427807,-0.101177498698235,-0.0968456193804741,-0.0925324782729149,-0.0882588475942612,-0.084404781460762,-0.0830445736646652,-0.0847817063331604,-0.0881775394082069,-0.0921251252293587,-0.0961579382419586,-0.0999521240592003,-0.101729549467564,-0.100211888551712,-0.096646748483181,-0.0923708006739616,-0.0879632085561752,-0.0835888162255287,-0.0792785882949829,-0.075018435716629,-0.0708136558532715,-0.0666163265705109,-0.062439851462841,-0.0582614541053772,-0.0541107729077339,-0.0499923229217529,-0.0458732396364212,-0.041961919516325,-0.0399987958371639,-0.0413138456642628,-0.044632613658905,-0.0486052371561527,-0.0511371642351151,-0.0504216626286507,-0.0473542511463165,-0.0433423146605492,-0.0391010753810406,-0.0348868481814861,-0.0307516846805811,-0.0266770403832197,-0.0226327516138554,-0.018606947734952,-0.0146030494943261,-0.0106144165620208,-0.0066341520287096,-0.0026638922281563,0.0012814188376069,0.0051164049655199,0.0073356470093131,0.0063479309901595,0.003089687321335,-0.0010322044836357,-0.0041328426450491,-0.004023989662528,-0.0013434258289635,0.0024504598695784,0.0065398160368204,0.010634446516633,0.0146452831104398,0.0185779556632042,0.0224933661520481,0.0263859443366528,0.0302699282765388,0.0341257005929947,0.0379772186279297,0.0417485348880291,0.0440793409943581,0.0432169437408447,0.039969626814127,0.0357528366148472,0.0313035920262337,0.0268944278359413,0.0234940815716982,0.0231281742453575,0.0255292896181345,0.0291941463947296,0.0332264564931393,0.0372841879725456,0.041258379817009,0.0451610200107098,0.0490235090255737,0.0528675988316536,0.0567072294652462,0.0605279579758644,0.0643331259489059,0.0681283921003342,0.0719099193811417,0.0756719335913658,0.0784692168235779,0.0782929584383965,0.0753741711378098,0.0712256953120232,0.0673412755131721,0.0662067383527756,0.0680929124355316,0.0714886337518692,0.0747007057070732,0.075230598449707,0.0727744251489639,0.0688066631555557,0.064384289085865,0.0599263235926628,0.0555301979184151,0.0512175261974335,0.04694764316082,0.0426967442035675,0.0384677052497864,0.0342649817466736,0.0300733260810375,0.0258989129215479,0.0217479802668095,0.0176178924739361,0.0139295160770416,0.0126911541447043,0.0145580153912306,0.0181077383458614,0.0222132857888937,0.026407778263092,0.0305423922836781,0.0346034951508045,0.0385987088084221,0.0425695441663265,0.0460017137229443,0.0467985682189465,0.0445276759564877,0.0407384485006332,0.0364560820162296,0.032107625156641,0.0278336443006992,0.0236392356455326,0.0194895770400763,0.0153670171275735,0.0115062016993761,0.0097918529063463,0.0112795438617468,0.0146773494780064,0.0187466144561768,0.0229490157216787,0.0271067731082439,0.0311908219009638,0.0352149605751038,0.0392026156187057,0.0428209081292152,0.0441257581114769,0.042280487716198,0.0386566780507565,0.0344121009111404,0.0300692040473223,0.0257902555167675,0.0215799417346716,0.0174383819103241,0.0133259333670139,0.0093798516318202,0.0072086420841515,0.0082631539553403,0.0114685064181685,0.0153712723404169,0.0176521632820368,0.0166667550802231,0.0134895946830511,0.009458303451538,0.0052166683599352,0.0010224003344774,-0.0030832006596028,-0.007129858713597,-0.0111411279067397,-0.0151200192049146,-0.0190963800996542,-0.0230628177523613,-0.0270026028156281,-0.0309268683195114,-0.0348368510603905,-0.0386907570064068,-0.0411191321909428,-0.0403406992554665,-0.0371615439653397,-0.033019632101059,-0.0286519750952721,-0.0242999419569969,-0.0200218502432108,-0.0158109311014414,-0.0116346543654799,-0.0074802064336836,-0.0033600479364395,0.0007585054845549,0.0048439381644129,0.0088219037279486,0.0111848786473274,0.0102816848084331,0.0071292771026492,0.0030996035784483,-0.0011402250966057,-0.0053220926783978,-0.0083530414849519,-0.0082812272012233,-0.0055434927344322,-0.001643402967602,0.0025784431491047,0.0068071540445089,0.0109524019062519,0.0150025440379977,0.0179140623658895,0.0177412535995245,0.0149282356724143,0.0109755592420697,0.0067179924808442,0.0024583074264228,-0.0017126342281699,-0.0058206813409924,-0.0098618771880865,-0.0138902487233281,-0.0179015379399061,-0.02189065143466,-0.0250912308692932,-0.0254204384982586,-0.0228948183357716,-0.0190217569470406,-0.01476133428514,-0.010461114346981,-0.0062463041394949,-0.0020919947419315,0.0020166730973869,0.0060995640233159,0.0101622194051743,0.0142127964645624,0.0182315334677696,0.0222472604364157,0.0262399148195982,0.0302170068025589,0.0333694480359554,0.0336403213441372,0.0310765951871872,0.0271734427660704,0.0233680978417397,0.0221206843852997,0.0240116659551859,0.0275086648762226,0.0309924073517323,0.0319319479167461,0.0298109650611877,0.0260774120688438,0.0218193288892508,0.0174977350980043,0.013241165317595,0.0090662091970443,0.0049432441592216,0.0008494489011354,-0.0032255351543426,-0.0072921132668852,-0.0113349622115493,-0.0153671763837337,-0.019370386376977,-0.0233545005321503,-0.0269885919988155,-0.0283214002847672,-0.0265039466321468,-0.0229087844491005,-0.0186818335205317,-0.0143492594361305,-0.0100671947002411,-0.005873798392713,-0.0017349636182189,0.0023721356410533,0.0064750779420137,0.0105456318706274,0.0145998019725084,0.0186424497514963,0.02265883423388,0.0266654714941978,0.0302937310189009,0.031611230224371,0.0297874230891466,0.0261729750782251,0.0221193674951792,0.0198926087468863,0.0209972430020571,0.024163631722331,0.0281263031065464,0.0322502106428146,0.0363176353275776,0.0403051227331161,0.0440566204488277,0.0458320155739784,0.0443170517683029,0.0408149734139442,0.0365742072463036,0.0321836806833744,0.0278545320034027,0.0236064903438091,0.0194152090698481,0.015261085703969,0.0111324219033122,0.0070159225724637,0.0030105379410088,0.0006136852316558,0.0014406620757654,0.0045447275042533,0.0084625948220491,0.0109906233847141,0.0102183585986495,0.0071405242197215,0.0031492679845541,-0.0010688735637813,-0.0052672186866402,-0.0093721142038703,-0.0134141817688942,-0.0174135714769363,-0.0213956851512194,-0.0253608245402575,-0.0293204225599766,-0.0332769341766834,-0.0371944606304169,-0.0410990491509438,-0.044949471950531,-0.0475592724978924,-0.0469861663877964,-0.0439015291631222,-0.0397808477282524,-0.0354050621390343,-0.0310439839959145,-0.0267434623092413,-0.0225095450878143,-0.0183253772556782,-0.0142129808664322,-0.0115688145160675,-0.0121289258822799,-0.0150672504678369,-0.0189641118049622,-0.0231086649000645,-0.0272394027560949,-0.0312818959355354,-0.03526496514678,-0.0391969233751297,-0.04311253875494,-0.0460789576172829,-0.0460650101304054,-0.0433144122362137,-0.0393248870968819,-0.0349847823381424,-0.0306218154728413,-0.0263335034251213,-0.0221178829669952,-0.0179516896605492,-0.0138240698724985,-0.0108245387673378,-0.0108985863626003,-0.0136150261387229,-0.017461596056819,-0.0216248705983162,-0.0257922522723675,-0.0298639386892319,-0.0338665284216404,-0.0378265902400017,-0.0417722836136818,-0.0450651422142982,-0.0455865934491158,-0.0431626550853252,-0.0392844676971436,-0.034977700561285,-0.0306259021162987,-0.026344683021307,-0.0221359804272652,-0.0186281614005566,-0.0179191455245018,-0.0201358571648598,-0.0237845294177532,-0.0278781782835722,-0.0320311784744263,-0.0361007377505302,-0.0400938093662262,-0.0440277419984341,-0.0479388758540154,-0.0518524572253227,-0.0557514801621437,-0.0592025071382523,-0.0601851716637611,-0.0580731593072414,-0.0542892068624496,-0.0503786392509937,-0.0488522537052631,-0.0504735559225082,-0.0538141056895256,-0.0577424988150597,-0.0617602169513702,-0.065719798207283,-0.0695881694555283,-0.0734171718358994,-0.0772223472595215,-0.0810094922780991,-0.0847799479961395,-0.0885437056422234,-0.0922984108328819,-0.0960351228713989,-0.0997583493590355,-0.103220492601395,-0.104546703398228,-0.10267286002636,-0.0988982394337654,-0.0944824665784836,-0.0899403393268585,-0.085453987121582,-0.0810446217656136,-0.0769392177462578,-0.0750104561448097,-0.0762876644730568,-0.0794536024332047,-0.083288162946701,-0.087252676486969,-0.0911719724535942,-0.0950129181146622,-0.0987918823957443,-0.102544687688351,-0.106283664703369,-0.109997183084488,-0.113560572266579,-0.115351423621178,-0.113922268152237,-0.110328383743763,-0.106071203947067,-0.103427849709988,-0.104044780135155,-0.106846168637276,-0.11050259321928,-0.114359624683857,-0.118174478411674,-0.121916957199574,-0.12559349834919,-0.12923589348793,-0.132866710424423,-0.136482983827591,-0.140086606144905,-0.14367039501667,-0.147254422307014,-0.15081612765789,-0.15431022644043,-0.156365424394608,-0.155254691839218,-0.151763886213303,-0.147331058979034,-0.142649129033089,-0.138001039624214,-0.133451759815216,-0.128976255655289,-0.124551191926003,-0.120241835713387,-0.117538601160049,-0.118065670132637,-0.120844900608063,-0.124509729444981,-0.128393039107323,-0.132222443819046,-0.135972008109093,-0.139671370387077,-0.143341109156609,-0.146953210234642,-0.149472013115883,-0.148922130465508,-0.145734012126923,-0.141439586877823,-0.136846840381622,-0.132266581058502,-0.127760753035545,-0.123329624533653,-0.118931442499161,-0.114554867148399,-0.110205911099911,-0.105872243642807,-0.101544015109539,-0.0972401648759842,-0.0929598659276962,-0.0887060090899467,-0.0855586528778076,-0.0854902788996696,-0.0880817472934723,-0.0917877033352852,-0.0950205773115158,-0.0953969955444336,-0.0928777977824211,-0.0889515578746796,-0.0846002995967865,-0.0802291333675385,-0.0768758878111839,-0.0766072645783424,-0.0790685266256332,-0.0827642828226089,-0.0868094116449356,-0.0908649191260338,-0.0948452427983284,-0.0987490490078926,-0.102601557970047,-0.106442011892796,-0.11026107519865,-0.114057540893555,-0.117835998535156,-0.121596425771713,-0.124825075268745,-0.125449433922768,-0.123008273541927,-0.119014523923397,-0.114549599587917,-0.110017091035843,-0.105579480528831,-0.101207785308361,-0.0968783050775528,-0.0925694555044174,-0.0882899910211563,-0.0840223133563995,-0.0797721222043037,-0.0755388587713242,-0.0719877630472183,-0.0712123513221741,-0.0733709260821342,-0.0769723281264305,-0.0810187309980392,-0.0851163417100906,-0.0887853652238846,-0.0900875180959702,-0.088205873966217,-0.0845305919647217,-0.0802460908889771,-0.0758717060089111,-0.0715545490384102,-0.0673122182488441,-0.0631094425916672,-0.0589387379586697,-0.0552324503660202,-0.0540054962038994,-0.0558601319789886,-0.0593832843005657,-0.0634649246931076,-0.0676055103540421,-0.071676567196846,-0.0756745636463165,-0.0796274468302727,-0.0835495814681053,-0.0872783809900284,-0.0890338271856308,-0.0875243470072746,-0.0840122774243355,-0.0797689631581306,-0.0753777921199799,-0.0710290744900703,-0.0667591020464897,-0.0625511035323143,-0.0583593584597111,-0.0541830360889435,-0.0500366128981113,-0.0459058582782745,-0.0417932644486427,-0.0379598625004292,-0.0362812057137489,-0.0377996787428856,-0.0412127003073692,-0.045289259403944,-0.0494963973760605,-0.0535483956336975,-0.0559175871312618,-0.0550380311906338,-0.0518579557538033,-0.0477787330746651,-0.0435019992291927,-0.0392467454075813,-0.0350816249847412,-0.0310885459184647,-0.0287436135113239,-0.0296117812395096,-0.0327369496226311,-0.036745373159647,-0.0409769974648952,-0.0451569892466068,-0.0492536723613739,-0.0532972440123558,-0.0572896599769592,-0.0612674057483673,-0.0652281045913696,-0.069147065281868,-0.0717921406030655,-0.0712553411722183,-0.0682288110256195,-0.0641497001051903,-0.0598118007183075,-0.0554817467927933,-0.051212590187788,-0.0470121875405312,-0.0428549237549305,-0.0387189388275146,-0.0346016548573971,-0.0304974243044853,-0.0264108292758465,-0.022335059940815,-0.0182753168046474,-0.0142564550042152,-0.0115328626707196,-0.0119949113577604,-0.0149471834301949,-0.0189182385802269,-0.0222398117184639,-0.0225775744765997,-0.0201135091483593,-0.0163508895784616,-0.0121934404596686,-0.0080152004957199,-0.003920177463442,9.80290351435542e-05,0.0030957176350057,0.0031239956151694,0.0004263492883183,-0.0035156435333192,-0.0078043867833912,-0.0121067594736814,-0.0163222216069698,-0.0204725582152605,-0.0245625078678131,-0.028627123683691,-0.0326758585870266,-0.0367060713469982,-0.0400749817490578,-0.0406739264726639,-0.0383153334259987,-0.0345334857702255,-0.030300498008728,-0.0260180868208408,-0.0218076575547457,-0.0176753140985966,-0.0135951591655612,-0.0095382444560527,-0.0054903770796954,-0.0014467209111899,0.0025701147969812,0.0065686176531016,0.0105566810816526,0.0145246498286724,0.0178165845572948,0.0183152854442596,0.0158875659108162,0.0120251029729843,0.008153710514307,0.0066829472780227,0.0083722677081823,0.0117886448279023,0.0158055927604437,0.0199189260601997,0.0239655673503876,0.027929924428463,0.0318499505519867,0.0357498079538345,0.0396161936223507,0.0434782169759274,0.0469028614461422,0.0478204488754272,0.0456529036164284,0.0418408885598183,0.0374869853258133,0.0330638587474823,0.0287011153995991,0.0244230348616838,0.0204353388398886,0.0186188369989395,0.0200020167976618,0.0233016721904278,0.0272773765027523,0.0313848778605461,0.0354459919035435,0.0394128784537315,0.0433294177055359,0.0472128763794899,0.0510778613388538,0.0549371838569641,0.0587847232818604,0.0626219734549522,0.0660965070128441,0.0672357976436615,0.0651968792080879,0.0614115670323372,0.0570414513349533,0.0525823011994362,0.0482995882630348,0.0458794645965099,0.0467430576682091,0.0497688502073288,0.0536142140626907,0.0576454922556877,0.0616319738328457,0.06552954018116,0.0693643465638161,0.0731651335954666,0.0769513472914696,0.0807330012321472,0.0845001563429832,0.0882468521595001,0.0919912979006767,0.0957174152135849,0.0992882996797562,0.101048566401005,0.0995794460177422,0.0959810316562653,0.091643400490284,0.0885707885026932,0.0887307971715927,0.0913277342915535,0.0949355512857437,0.0988072901964188,0.102677516639233,0.106463670730591,0.110111065208912,0.112276270985603,0.111261054873466,0.107868887484074,0.103538617491722,0.0989891961216927,0.0944627299904823,0.0900046080350876,0.0856137722730637,0.0812545493245125,0.0769166871905327,0.0726094394922256,0.0683344304561615,0.0640657544136047,0.0598175264894962,0.0555873923003674,0.0513746701180935,0.047175832092762,0.0430009290575981,0.0388373024761677,0.0347000733017921,0.0305757354944944,0.026468837633729,0.0223915539681911,0.0183450616896152,0.0153984166681767,0.0155142489820719,0.0182627830654383,0.0221729800105095,0.0264024268835783,0.0306296776980162,0.034766785800457,0.0388228036463261,0.0420375354588032,0.0423428192734718,0.039811734110117,0.0359589494764805,0.0324817858636379,0.0318397358059883,0.0341510511934757,0.0378375127911568,0.0419607199728489,0.0461043491959572,0.050180908292532,0.0541802532970905,0.058124266564846,0.0620472207665443,0.0659486502408981,0.0698343217372894,0.0736915618181229,0.0775386616587639,0.0813688933849335,0.0852013602852821,0.0884789526462555,0.0891160815954208,0.0866884291172028,0.0827445164322853,0.0788469612598419,0.077499657869339,0.0792301967740059,0.0825818106532097,0.0864608287811279,0.090415745973587,0.0943004637956619,0.0981105118989944,0.101887464523315,0.105617463588715,0.109337389469147,0.113052681088448,0.11675027012825,0.120418034493923,0.124069347977638,0.127717077732086,0.1310153901577,0.131994009017944,0.129827231168747,0.125890642404556,0.121373221278191,0.116762079298496,0.112223371863365,0.107749953866005,0.103326991200447,0.0989396423101425,0.0945752263069153,0.0902081280946732,0.0858777165412903,0.0815658643841743,0.0772853493690491,0.0730264186859131,0.0691094398498535,0.0675075277686119,0.0690681338310242,0.0724112913012505,0.0761760175228119,0.0780574455857277,0.0766416639089584,0.0731896162033081,0.0689727440476418,0.0645920634269714,0.0605247169733047,0.0586506314575672,0.0600280165672302,0.0633354038000107,0.0673245489597321,0.0714361071586609,0.0754792019724846,0.0794415771961212,0.0833508521318436,0.0872114226222038,0.0910622701048851,0.0948953181505203,0.0987140387296677,0.102506175637245,0.106191396713257,0.10823492705822,0.107061721384525,0.103640481829643,0.099326491355896,0.0948129892349243,0.0903406217694283,0.0859441608190536,0.0816130936145782,0.077309861779213,0.0730360299348831,0.0687817633152008,0.0645512640476227,0.060332402586937,0.0561400428414345,0.0519595071673393,0.0478918850421906,0.0454477071762085,0.0462286882102489,0.0492815263569355,0.0531965084373951,0.0560355484485626,0.0556755885481834,0.0527600273489952,0.0487719923257828,0.0444869697093964,0.0402247980237007,0.0360412299633026,0.0319489538669586,0.0291670560836792,0.0295630469918251,0.0324280112981796,0.0363431721925735,0.0405382551252842,0.0447275266051292,0.0488176383078098,0.0528582334518433,0.056857518851757,0.0608300305902958,0.0647947043180466,0.0687117874622345,0.0716631859540939,0.0716359689831734,0.0688690990209579,0.064869113266468,0.0605228543281555,0.0561502315104008,0.0518539845943451,0.0476378314197063,0.0434542149305344,0.0393134094774723,0.0362810157239437,0.0363448485732079,0.0390594936907291,0.0429002530872822,0.0470578372478485,0.0512159392237663,0.0552902370691299,0.0592799112200737,0.0632424727082253,0.0671691969037056,0.0704197511076927,0.0708806812763214,0.0684149414300919,0.0645160526037216,0.0608347356319427,0.0598447360098362,0.0618561692535877,0.0653700456023216,0.0693815276026726,0.0734366178512573,0.0774147808551788,0.0813297629356384,0.0851876065135002,0.0890084207057953,0.0928210020065308,0.0966159179806709,0.100404620170593,0.104172341525555,0.107936501502991,0.111676201224327,0.1149582862854,0.11576572060585,0.113477058708668,0.109519638121128,0.105437003076077,0.103754371404648,0.105219140648842,0.108399674296379,0.112188622355461,0.116082459688187,0.11990025639534,0.123641610145569,0.127326995134354,0.130991756916046,0.134635761380196,0.138269484043121,0.141886651515961,0.145496189594269,0.149094298481941,0.152674034237862,0.15598326921463,0.157126694917679,0.15507560968399,0.151144787669182,0.14658160507679,0.141908288002014,0.137296825647354,0.132770657539368,0.128302723169327,0.123848542571068,0.119764626026154,0.118006706237793,0.119402810931206,0.12258043885231,0.126372188329697,0.130263477563858,0.134106740355492,0.137850627303123,0.14153864979744,0.145195707678795,0.148688584566116,0.15038825571537,0.148862898349762,0.145188197493553,0.140729501843452,0.136110916733742,0.13154348731041,0.127052754163742,0.122616827487946,0.118223182857037,0.113843567669392,0.109496787190437,0.105160988867283,0.100842207670212,0.0967498272657394,0.0946319103240967,0.095733568072319,0.0988418906927109,0.102713890373707,0.106731355190277,0.110631749033928,0.112974971532822,0.112088829278946,0.108825780451298,0.104598626494408,0.10014833509922,0.0957090780138969,0.0913590863347054,0.0870819613337517,0.082838736474514,0.0786187499761581,0.0744223445653915,0.0702940002083778,0.0676051750779152,0.0681195706129074,0.0710398107767105,0.0749192237854004,0.0790383964776993,0.0831327363848686,0.087139829993248,0.0910587832331657,0.0938289538025856,0.0934987887740135,0.0905294641852379,0.0864764451980591,0.0832058638334274,0.0829953253269196,0.0854660421609879,0.0891341492533684,0.0931552350521088,0.0971891805529594,0.101123332977295,0.104978039860725,0.108809784054756,0.112612210214138,0.11639279127121,0.12015438079834,0.123900167644024,0.127628833055496,0.131339386105537,0.135012835264206,0.137869909405708,0.137850731611252,0.135002374649048,0.130836650729179,0.126290634274483,0.121744111180305,0.117252960801125,0.112821772694588,0.108438327908516,0.104080758988857,0.099749319255352,0.0954293683171272,0.0911388397216797,0.0868538320064545,0.0835393220186234,0.0832486152648926,0.0856813713908195,0.0893370509147644,0.0933571755886078,0.0973896309733391,0.100803144276142,0.101511590182781,0.0991439446806908,0.0952704101800919,0.0908992141485214,0.0864601284265518,0.0821104049682617,0.0778427496552467,0.0736189037561417,0.069416917860508,0.0652346909046173,0.0610615834593773,0.0569084137678146,0.0527654737234116,0.0486450418829918,0.0445418320596218,0.0409758985042572,0.0400345325469971,0.0421470627188683,0.0458097010850906,0.0496009141206741,0.0511323772370815,0.0494691617786884,0.0459780991077423,0.0418460965156555,0.0375993512570858,0.0334065556526184,0.0293084532022476,0.0252579525113106,0.0212324410676956,0.0172227248549461,0.0132261570543051,0.0092456247657537,0.0052706925198435,0.001308096689172,-0.0026336507871747,-0.0062068402767181,-0.0074831377714872,-0.0056044952943921,-0.0019467347301542,0.002121333265677,0.0042912638746202,0.0031565614044666,-1.4406512491405e-05,-0.0039514503441751,-0.0080469995737075,-0.0120941773056984,-0.0160787496715784,-0.0200064387172461,-0.0239047389477491,-0.0277812499552965,-0.0316463597118855,-0.03548763692379,-0.0393232740461826,-0.0428869538009167,-0.0442995578050613,-0.0424987822771072,-0.0388170294463634,-0.0344978459179401,-0.0300705563277006,-0.0257884152233601,-0.0232145339250565,-0.0238966308534145,-0.0268460419028997,-0.0306920669972897,-0.0347366444766521,-0.0387551933526993,-0.0426947996020317,-0.0465625822544098,-0.0504085496068001,-0.0542367026209831,-0.0580476745963097,-0.0618342198431492,-0.0656061470508575,-0.0693740397691727,-0.0731387510895729,-0.0767826363444328,-0.0788017809391022,-0.077612042427063,-0.0741656273603439,-0.0698729529976845,-0.0666582211852074,-0.0666517913341522,-0.0691829547286034,-0.0727497488260269,-0.0753434598445892,-0.0748220533132553,-0.0717312544584274,-0.0675430819392204,-0.0630926862359047,-0.0586486011743546,-0.0542852729558945,-0.0499786101281643,-0.0457141771912575,-0.041471216827631,-0.0372528433799744,-0.0330389440059662,-0.0288455784320831,-0.0246734134852886,-0.0205307956784964,-0.0164062418043613,-0.0132542084902525,-0.0130907734856009,-0.0156522076576948,-0.0194419324398041,-0.0236050356179476,-0.0277876984328032,-0.0318844988942146,-0.0359055995941162,-0.0398859530687332,-0.0438307635486126,-0.0466525666415691,-0.046374149620533,-0.0434638224542141,-0.0394276492297649,-0.0351041629910469,-0.030785633251071,-0.0265390034765005,-0.0223516914993525,-0.0182053241878748,-0.0140816904604435,-0.0106526771560311,-0.0100067341700196,-0.0122834984213114,-0.0159831494092941,-0.0201297551393509,-0.024311164394021,-0.028427641838789,-0.0324742756783962,-0.0364610925316811,-0.0404161959886551,-0.043546449393034,-0.0437993556261063,-0.0412184670567513,-0.0373159274458885,-0.0330113247036934,-0.0286820121109486,-0.0244187004864216,-0.0202257800847292,-0.0160828717052937,-0.0119541008025408,-0.0082862488925457,-0.0071059204638004,-0.0090274708345532,-0.0126129081472754,-0.0163158550858498,-0.0176218245178461,-0.015777762979269,-0.0122222350910306,-0.0080741578713059,-0.003828527405858,0.0003613774315454,0.004469743464142,0.0085073355585336,0.0125118084251881,0.0165110714733601,0.0204960592091084,0.0244550220668316,0.0284131038933992,0.032358605414629,0.0362790673971176,0.0399162024259567,0.0413727685809135,0.0396570563316345,0.0360590443015099,0.0317912138998508,0.0274034962058067,0.0230820141732693,0.0188391488045454,0.0146535709500313,0.0104844905436039,0.006341541185975,0.0022247876040637,-0.0018787069711834,-0.0059409099631011,-0.0096806520596146,-0.0110582793131471,-0.0092671606689691,-0.0057260165922343,-0.0015701366355642,0.0026822150684893,0.0067215282469987,0.0088882455602288,0.0077687050215899,0.0045202318578958,0.0004508788697421,-0.0037821792066097,-0.007956501096487,-0.0120529439300299,-0.015954302623868,-0.0180366449058056,-0.0168817155063152,-0.0135750621557236,-0.0094658676534891,-0.0051820701919496,-0.0009533909033052,0.0031953216530382,0.0072863204404711,0.0113421734422445,0.0153783271089196,0.0194103084504604,0.0233498513698578,0.0258081704378128,0.0250759534537792,0.0219712313264608,0.0179055202752352,0.0135933877900243,0.0093219373375177,0.005129343830049,0.0010050531709566,-0.0030885585583746,-0.0071560340002179,-0.0112065356224775,-0.0152466129511595,-0.0192572623491287,-0.0232621431350708,-0.0272461231797934,-0.0311477333307266,-0.033580768853426,-0.0328247919678688,-0.0297039300203323,-0.0256350543349981,-0.022422656416893,-0.0223203394562006,-0.0249179136008024,-0.028642762452364,-0.0316062234342098,-0.03150749579072,-0.0287465304136276,-0.024773146957159,-0.0204720199108124,-0.0161664411425591,-0.0119259376078844,-0.0077705406583845,-0.003645921126008,0.0004524018731899,0.0045345202088356,0.0085981432348489,0.0126381162554026,0.0166772436350584,0.0206751115620136,0.0246606823056936,0.0278166867792606,0.0280812606215477,0.0255168322473764,0.021620649844408,0.0173296555876732,0.0130178546532989,0.0087674269452691,0.0045880787074565,0.0004696087562479,-0.0036130333319306,-0.0076805748976767,-0.0117394682019949,-0.0157845057547092,-0.0198082383722067,-0.0238100681453943,-0.0277980901300907,-0.0309521332383156,-0.0312202721834183,-0.0286628156900406,-0.0247736666351557,-0.0210101120173931,-0.0198764223605394,-0.0218483787029982,-0.0253680068999529,-0.0294134896248579,-0.0335236936807632,-0.0375670567154884,-0.0415323451161385,-0.0449294447898865,-0.0456697419285774,-0.0433649681508541,-0.0395342633128166,-0.0352304689586163,-0.0308637283742428,-0.026560340076685,-0.0223305523395538,-0.0181505419313908,-0.0139929009601474,-0.0098627749830484,-0.0057388357818126,-0.0019830889068543,-0.0005670051905326,-0.0023096164222806,-0.0058229467831552,-0.0096129765734076,-0.0111902197822928,-0.0095497220754623,-0.0060765389353036,-0.0019635229837149,0.0022767779882997,0.0064550177194178,0.0105479033663869,0.0145976254716516,0.018612090498209,0.0225993432104588,0.0265719927847385,0.0305201038718224,0.0344502851366997,0.038369357585907,0.0422772280871868,0.0459826849400997,0.0476725436747074,0.046112697571516,0.0425729714334011,0.0383123084902763,0.0339006707072258,0.0295443367213011,0.0252717174589634,0.0210634544491768,0.016894793137908,0.013015728443861,0.0112984497100115,0.0127803646028042,0.0161481220275164,0.0201955661177635,0.0243588015437126,0.0284590143710375,0.0324991345405579,0.0364775098860264,0.0404257625341415,0.0442500412464142,0.0464304015040398,0.045387789607048,0.0421061888337135,0.0379430949687958,0.0335775092244148,0.0292327720671892,0.0249799937009811,0.0207883529365063,0.0166408028453588,0.0126513633877039,0.0104749910533428,0.0115491552278399,0.0147642558440566,0.0187711771577597,0.0229569189250469,0.0271005742251873,0.0311646144837141,0.0351574644446373,0.0391267985105515,0.0430370718240738,0.0456419289112091,0.0450649484992027,0.0420299842953682,0.0379575565457344,0.033601101487875,0.0292614437639713,0.024994844570756,0.0208338443189859,0.0179901830852032,0.0183337889611721,0.0211605969816446,0.0250310637056828,0.029190007597208,0.0333151370286942,0.037362027913332,0.0413565002381802,0.0452984049916267,0.0492236278951168,0.0531318187713623,0.057016983628273,0.0599161088466644,0.0598237626254559,0.0570195131003857,0.0529862195253372,0.049543209373951,0.0490829274058342,0.0514054000377655,0.0550091303884983,0.059007465839386,0.0630422309041023,0.066988505423069,0.070854939520359,0.0746868252754211,0.0785006135702133,0.0822969526052475,0.0860842168331146,0.0898492634296417,0.0936180055141449,0.0973616912961006,0.101082824170589,0.104124993085861,0.104374431073666,0.10170691460371,0.097632497549057,0.0931436941027641,0.0886253416538239,0.0841698572039604,0.0797824859619141,0.0761063620448112,0.075236551463604,0.077273428440094,0.0807530432939529,0.0846772491931915,0.0886569395661354,0.0925558432936668,0.0963739231228828,0.10014508664608,0.10390442609787,0.107645481824875,0.111365899443626,0.114626921713352,0.115407280623913,0.113086551427841,0.109107129275799,0.105027183890343,0.103352412581444,0.104834385216236,0.108011364936829,0.111791834235191,0.115655958652496,0.11947276443243,0.12321312725544,0.12690132856369,0.130561023950577,0.134204059839249,0.137837588787079,0.141457110643387,0.145061701536179,0.148655876517296,0.15223041176796,0.155523180961609,0.156636118888855,0.154580026865005,0.15064537525177,0.146065726876259,0.141380399465561,0.136760652065277,0.132229462265968,0.127762049436569,0.123309746384621,0.119235634803772,0.117497511208057,0.118900507688522,0.122074872255325,0.125865325331688,0.129750847816467,0.13357575237751,0.137320145964622,0.141014441847801,0.144666314125061,0.148158550262451,0.149844512343407,0.148283436894417,0.144582226872444,0.140113472938538,0.135493859648705,0.130934983491898,0.126449406147003,0.121998891234398,0.117588050663471,0.113209046423435,0.108850456774235,0.104503996670246,0.100192323327065,0.0958944410085678,0.0916141420602798,0.0875046849250793,0.0851798057556152,0.0861229300498962,0.0892049968242645,0.0930111855268478,0.0955143421888351,0.0947893857955933,0.091657891869545,0.0875357985496521,0.0831659138202667,0.0788888707756996,0.0763401687145233,0.0770776644349098,0.0800647884607315,0.0839424729347229,0.0880384668707848,0.0920988768339157,0.0960636734962463,0.0999503135681152,0.103816978633404,0.107663989067078,0.111491337418556,0.115295514464378,0.119081884622574,0.122843153774738,0.125473707914352,0.12497291713953,0.121862515807152,0.117628000676632,0.113117292523384,0.108615629374981,0.104192167520523,0.099823072552681,0.0955070182681084,0.0912017300724983,0.0869390591979027,0.0826855152845383,0.0784453898668289,0.0742717832326889,0.0713984742760658,0.0716661661863327,0.074441984295845,0.0782526731491089,0.0823412984609604,0.0864089131355286,0.0895678997039795,0.0897737815976143,0.0871383771300316,0.0831886827945709,0.0788365602493286,0.0744734257459641,0.0701723843812943,0.0659554377198219,0.0617780610918999,0.05762043222785,0.0544506646692753,0.0542719811201096,0.0568150356411934,0.0606065317988396,0.0647572427988052,0.0688991099596024,0.0729682967066765,0.0769607722759247,0.0809110701084137,0.0848304405808449,0.0881929472088814,0.0888667702674866,0.086518719792366,0.0826583206653595,0.0783193111419678,0.0739293098449707,0.0696124732494354,0.0653643161058426,0.0611710250377655,0.0569959580898285,0.0528325363993645,0.0487035252153873,0.0445853620767593,0.040490448474884,0.0370773188769817,0.0364318490028381,0.0387202464044094,0.0424438677728176,0.0466099679470062,0.0508220866322517,0.0545828193426132,0.0559337958693504,0.054118350148201,0.0505394339561462,0.0463668294250965,0.0420811586081982,0.0378676950931549,0.0337447673082352,0.0300156436860561,0.0286132004112005,0.0303590428084135,0.0338813401758671,0.0380031615495682,0.0422143936157227,0.0463659800589085,0.0504547134041786,0.0544889941811562,0.0584800243377686,0.0624587684869766,0.0664223805069923,0.0701812207698822,0.0719074085354805,0.0703951939940453,0.0668983235955238,0.0626837834715843,0.0583121255040169,0.0540078431367874,0.0497773364186287,0.0455975346267223,0.0414430201053619,0.0373173281550407,0.0331978052854538,0.0291042663156986,0.0250380802899599,0.0209779217839241,0.0169333629310131,0.0130864111706614,0.0112590417265892,0.0126566179096699,0.016056964173913,0.0200831852853298,0.0226173102855682,0.0218947809189558,0.0188658870756626,0.0149002792313695,0.0107247680425644,0.0065803881734609,0.0025204501580447,-0.001363240298815,-0.0036037121899426,-0.0026070708408951,0.0006347998278215,0.0047553656622767,0.0090756407007575,0.013363410718739,0.0175727996975183,0.0217113271355629,0.0258161835372448,0.0298972092568874,0.033960334956646,0.0379623956978321,0.0406353734433651,0.0401445664465427,0.0371832922101021,0.0331855714321136,0.028910119086504,0.0246620289981365,0.0204905215650797,0.0163807757198811,0.0123214311897755,0.0082835266366601,0.0042450954206287,0.0002341517683817,-0.0037662116810679,-0.0077495188452303,-0.0117221651598811,-0.0156486891210079,-0.0182680226862431,-0.017730787396431,-0.0147117292508483,-0.0106540471315384,-0.0072952187620103,-0.0069370367564261,-0.0093605294823646,-0.0130670480430126,-0.0171220768243074,-0.0212093889713287,-0.0252118930220604,-0.0291559584438801,-0.0330555588006973,-0.0369297116994858,-0.0407804138958454,-0.0446157529950142,-0.0474773608148098,-0.0473425090312958,-0.0444874987006187,-0.0404156967997551,-0.036008708178997,-0.0316081941127777,-0.0272761210799217,-0.0230112094432116,-0.0194640159606934,-0.0187294520437717,-0.0208983737975359,-0.0244930200278759,-0.0285382028669119,-0.0326279252767563,-0.0366516597568989,-0.0405906960368156,-0.0444850698113441,-0.0483605712652206,-0.0522050783038139,-0.0560508258640766,-0.0598788857460022,-0.0636913478374481,-0.0666948333382607,-0.0667609572410583,-0.0640032365918159,-0.0599487461149693,-0.0555294789373875,-0.0510781928896904,-0.0471437349915504,-0.0457598865032196,-0.0474972724914551,-0.0508852899074554,-0.0548083744943142,-0.0588094368577003,-0.0627627819776535,-0.0666274353861809,-0.0704468414187431,-0.0742475390434265,-0.078028179705143
0.0009159641922451,0.0028916085138917,0.0049756481312215,0.007054362911731,0.0090962462127208,0.011086480692029,0.0124268410727382,0.0122211799025536,0.0107857845723629,0.0088202524930238,0.0067249708808958,0.0046607721596956,0.0033374677877873,0.0036090575158596,0.0050601200200617,0.0069916984066367,0.0090499054640531,0.0111079690977931,0.0131221693009138,0.0151062160730362,0.0170804373919964,0.0190514959394932,0.0210080854594707,0.0229578539729118,0.0248969122767448,0.026828333735466,0.0282733328640461,0.0282510481774807,0.0268832333385944,0.0249081160873175,0.0227557197213173,0.0205899700522423,0.0184629466384649,0.0163605567067862,0.0142735000699759,0.0122104343026876,0.0101474849507213,0.008102748543024,0.0060587995685637,0.004014209844172,0.0019839419983327,-2.23331444431096e-05,-0.0015636996831744,-0.001630634535104,-0.0003620230418164,0.0015250192955136,0.0032692537643015,0.0036668442189693,0.002594894496724,0.0007837083539925,-0.0009314193157479,-0.0013282136060297,-0.0002592344535514,0.0015584831126034,0.0036184333730489,0.0057056578807532,0.0077620656229555,0.009788442403078,0.0117921037599444,0.0137835582718253,0.0157511346042156,0.0177189856767654,0.0196829177439213,0.021637013182044,0.0235770493745804,0.0255206245929003,0.0272307693958282,0.0277170408517122,0.0266860201954842,0.0248403623700142,0.0229192674160004,0.0221351403743029,0.0229220278561115,0.0245699062943459,0.0265101306140423,0.0285019241273403,0.0304546356201172,0.0323773473501205,0.034275945276022,0.0361722335219383,0.0380481258034706,0.0399213135242462,0.0417842194437981,0.0436478406190872,0.0455038696527481,0.0473489537835121,0.0490591302514076,0.0497166030108929,0.0487866066396236,0.0469273924827576,0.044741902500391,0.0424888804554939,0.0402606762945652,0.0380716100335121,0.0358966067433357,0.0337493605911732,0.0316059775650501,0.0294714868068695,0.0273491516709328,0.0252400077879429,0.0231306031346321,0.0210317317396402,0.0190659705549479,0.0181468836963177,0.0188308823853731,0.0204502791166306,0.0223299451172352,0.0233983285725117,0.0228532496839762,0.0212362892925739,0.0192634910345078,0.0180563274770975,0.018462099134922,0.0199590586125851,0.0218783430755138,0.0238997712731361,0.0259034652262926,0.0278737433254719,0.0298131592571735,0.0317374356091022,0.0336652398109436,0.0355803817510605,0.0374840684235096,0.0393909066915512,0.0412885025143623,0.0431621968746185,0.0450021550059319,0.0461386367678642,0.0456792116165161,0.04405228048563,0.0419457964599133,0.0397293791174889,0.0375174954533577,0.0353455245494843,0.0331959463655949,0.0310613345354795,0.0289834104478359,0.0277134254574776,0.0280434265732765,0.0294699929654598,0.0313372872769833,0.0333112962543964,0.0352802313864231,0.037208266556263,0.0391098894178867,0.0409928783774376,0.0428508222103119,0.0441588945686817,0.0439563095569611,0.0424697212874889,0.040424894541502,0.0382155552506447,0.0360040999948978,0.0338435098528862,0.0317228436470032,0.0301562342792749,0.0300887674093246,0.031310748308897,0.03311438113451,0.0350708365440369,0.0370388366281986,0.0389702916145325,0.0408722683787346,0.042750708758831,0.0446250066161156,0.0464915707707405,0.0483553819358349,0.0498210042715073,0.0498392805457115,0.0484694056212902,0.0464542210102081,0.0442369468510151,0.0419993251562119,0.0397966392338276,0.0376229882240295,0.0354797579348087,0.0333465449512005,0.0312178377062082,0.0291010197252035,0.0273818336427212,0.0270790047943592,0.0281690061092377,0.0299247186630964,0.0318900272250175,0.0338843166828156,0.0358368381857872,0.0377612896263599,0.0393912196159363,0.0397168062627316,0.0385633893311024,0.0366543829441071,0.0344913564622402,0.0323018170893192,0.0304700769484043,0.0300258845090866,0.0310289449989796,0.032746896147728,0.0347015187144279,0.0366822443902493,0.0386283099651337,0.0405453443527222,0.0424397438764572,0.0443250462412834,0.0461990088224411,0.0480688102543354,0.0499227158725262,0.0517697408795357,0.0534486584365368,0.0539696738123894,0.0529458820819855,0.0510527342557907,0.0488528162240982,0.0465999245643616,0.0443779602646828,0.0421879552304745,0.040041346102953,0.0378960855305195,0.0357610508799553,0.0336355417966843,0.0315253138542175,0.0294133238494396,0.0275104641914368,0.026840778067708,0.0277040880173445,0.0293815638870001,0.0313400290906429,0.0333344861865044,0.0352027043700218,0.0360627621412277,0.0353241823613644,0.0335952006280422,0.0314974822103977,0.0293141100555658,0.0271637812256813,0.0250499472022057,0.0229712463915348,0.0209033619612455,0.0188450124114752,0.0168005358427763,0.0148377399891615,0.0138546116650105,0.0144663117825985,0.0160603392869234,0.0180233437567949,0.0200716033577919,0.0221051275730133,0.0240940637886524,0.0260131657123566,0.0271100867539644,0.0266126915812492,0.0250188875943422,0.0229818522930145,0.0208482909947634,0.018724475055933,0.0166484508663416,0.0146011011675,0.0125599121674895,0.0105248037725687,0.0084976442158222,0.0065274387598037,0.0053471568971872,0.0057553546503186,0.007285124156624,0.0092588178813457,0.0113311726599932,0.0133952274918556,0.0154163688421249,0.0173982065171003,0.0187306702136993,0.0185075681656599,0.0170556120574474,0.0150911556556821,0.012990121729672,0.0108843548223376,0.0088210497051477,0.006806113757193,0.0054213479161262,0.0055883647873997,0.0069946306757628,0.0089242439717054,0.0109881358221173,0.0130617748945951,0.0150895956903696,0.0170798413455486,0.0190551560372114,0.0210122112184763,0.0229760594666004,0.024923937395215,0.0263932161033154,0.0263897683471441,0.0250442679971457,0.0231025833636522,0.0209667850285769,0.0188168846070766,0.0167071633040905,0.0146305803209543,0.0125760780647397,0.0105510819703341,0.0090723391622304,0.0090966094285249,0.0104058105498552,0.0122953820973635,0.0143368961289525,0.0163855273276567,0.018393637612462,0.0203717574477196,0.0223236102610826,0.0242789480835199,0.0259018652141094,0.0261542424559593,0.0249487087130547,0.0230391956865788,0.0209097508341074,0.0187648646533489,0.0166582688689232,0.0145808942615986,0.0125245153903961,0.0104671474546194,0.0084272846579551,0.0064032399095594,0.0043860860168933,0.0023748488165438,0.0003667021810542,-0.0016324686584994,-0.0032919547520577,-0.0036010737530887,-0.0024560948368161,-0.0006029018550179,0.0012598179746419,0.0019269578624516,0.0010523749515414,-0.000662840262521,-0.0026657357811927,-0.0047157043591141,-0.0067403856664896,-0.0087363729253411,-0.0107070077210665,-0.0126583222299814,-0.0143297715112567,-0.0147176552563906,-0.0136129893362522,-0.0117509383708239,-0.0096429893746972,-0.0074997334741056,-0.0053839823231101,-0.0033027650788426,-0.001245864899829,0.0007977351197041,0.0027094702236354,0.0035606359597295,0.0028152877930551,0.0011494014179334,-0.0008482713019475,-0.0029179826378822,-0.0049600531347096,-0.0069686248898506,-0.0089495610445737,-0.0109093692153692,-0.0128689371049404,-0.0148123670369387,-0.0167461205273867,-0.0186767578125,-0.0206023789942265,-0.0225175898522139,-0.024312200024724,-0.0250494033098221,-0.024196732789278,-0.0224107503890991,-0.020371912047267,-0.0191629640758038,-0.0195522252470255,-0.0210090037435293,-0.0228893738240004,-0.0248735062777996,-0.0268303584307432,-0.0287488047033548,-0.0306402519345284,-0.032514750957489,-0.034387644380331,-0.0362535864114761,-0.0380411855876446,-0.0389556176960468,-0.0382611341774464,-0.0365249328315258,-0.0343974009156227,-0.0321783125400543,-0.0299883652478456,-0.0278308447450399,-0.0257197916507721,-0.0243375059217215,-0.0245579183101654,-0.0259325131773949,-0.0277784839272499,-0.0297382809221745,-0.0317030996084213,-0.0336281880736351,-0.0355192460119724,-0.0373927094042301,-0.0392589308321476,-0.0411154329776764,-0.0429679304361343,-0.0448167845606804,-0.0466463789343834,-0.0484753213822842,-0.0502667874097824,-0.0513551384210587,-0.0508533231914043,-0.0491850264370441,-0.0470676198601723,-0.0453772395849228,-0.0452034585177898,-0.0463354922831059,-0.0480465441942215,-0.049934521317482,-0.0518256090581417,-0.0536766648292542,-0.0554899349808693,-0.0567440167069435,-0.0564929731190205,-0.0549601390957832,-0.0528575666248798,-0.0506046302616596,-0.0483509488403797,-0.0461410693824291,-0.0439627207815647,-0.0418003350496292,-0.0396454893052578,-0.0374977178871632,-0.0353478640317917,-0.0336021520197392,-0.0332944355905056,-0.0343765020370483,-0.0361171066761017,-0.0380614846944809,-0.0400197580456734,-0.0419485345482826,-0.0438326001167297,-0.045692402869463,-0.0475547946989536,-0.0493970289826393,-0.0512287169694901,-0.0526693575084209,-0.0526966601610184,-0.051331140100956,-0.0493046641349792,-0.0470807440578938,-0.0448502190411091,-0.0426497980952263,-0.0404808893799782,-0.0386067405343056,-0.038034051656723,-0.0389369167387486,-0.0405994765460491,-0.0425145030021667,-0.0444614216685295,-0.0460491925477982,-0.0462575405836105,-0.0450105220079422,-0.0430416166782379,-0.0408621765673161,-0.0386563129723072,-0.0364835448563099,-0.034336544573307,-0.0322078689932823,-0.0300853550434113,-0.0279698949307203,-0.0258683543652296,-0.0237805154174566,-0.0216988492757082,-0.0197953972965479,-0.0190454144030809,-0.019851440563798,-0.0215192399919033,-0.0234887208789587,-0.0255198925733566,-0.0273184310644865,-0.0278836246579885,-0.0268754065036774,-0.0250478889793158,-0.0229458995163441,-0.020807683467865,-0.0186969600617886,-0.0166189931333065,-0.0145655386149883,-0.0125254141166806,-0.0104865031316876,-0.0084629347547888,-0.006441731005907,-0.0044289641082286,-0.0025166228879243,-0.001588583108969,-0.0022415649145841,-0.0038977232761681,-0.005918214097619,-0.008018622174859,-0.0100927446037531,-0.0121252425014973,-0.0141424182802439,-0.0161440093070269,-0.0180015303194523,-0.0188001487404108,-0.0180060770362616,-0.0162928365170956,-0.0142449513077736,-0.0121273323893547,-0.010033049620688,-0.0079743340611457,-0.0059457225725054,-0.0039350809529423,-0.0019713204819709,-0.0008308234391734,-0.0012688788119703,-0.0028089550323784,-0.0047904080711305,-0.0068743405863642,-0.0089461952447891,-0.0109837837517262,-0.0129844108596444,-0.0149671193212271,-0.0168745517730713,-0.0179006960242987,-0.0173387732356787,-0.0157211609184742,-0.0136955277994275,-0.0115854972973466,-0.0094873700290918,-0.0074314149096608,-0.0053985649719834,-0.003376241074875,-0.0013890520203858,-3.21525294566527e-05,-0.0002329996641492,-0.0016713705845177,-0.0036020404659211,-0.0050368169322609,-0.0049381358548998,-0.0035809541586786,-0.0016782656311988,0.0003835086827166,0.0024417147506028,0.0044637569226324,0.0064492989331483,0.0084222890436649,0.0103913694620132,0.0123455785214901,0.0142923630774021,0.0162386391311884,0.018176507204771,0.0201073940843344,0.0220156647264957,0.0234538465738297,0.0234128870069981,0.0220325812697411,0.0200466122478247,0.0178856290876865,0.0157085135579109,0.0135652329772711,0.0114637585356832,0.0093832071870565,0.0073133097030222,0.0052584633231163,0.0032047433778643,0.0011573950760066,-0.0008792353328317,-0.0028961263597011,-0.0049104811623692,-0.0064480975270271,-0.0065096686594188,-0.0052340440452098,-0.0033463570289313,-0.0016061800997704,-0.0012142382329329,-0.0023029090370982,-0.0041115074418485,-0.0061481511220336,-0.0082142427563667,-0.0102463737130165,-0.0122427949681878,-0.0142115941271186,-0.0161676835268736,-0.0181190110743046,-0.0200661383569241,-0.0216776989400387,-0.0219275094568729,-0.0207332484424114,-0.018829733133316,-0.0167074985802174,-0.0145610570907593,-0.0124439150094986,-0.0103652290999889,-0.0085257999598979,-0.0079165697097778,-0.0088250814005732,-0.0105496067553759,-0.0125448293983936,-0.0145746897906065,-0.0163218453526497,-0.0167371891438961,-0.015653183683753,-0.0138068795204163,-0.011711535975337,-0.0095846364274621,-0.0074886456131935,-0.005424200091511,-0.0033862185664475,-0.0013638293603435,0.0006514778942801,0.0026663502212613,0.0046749711036682,0.0066719464957714,0.008521688170731,0.0093206893652677,0.0085165305063128,0.0068026566877961,0.0047623235732317,0.0026409192942082,0.0005426727002486,-0.0015066122869029,-0.0035348632372915,-0.0055500124581158,-0.0075502698309719,-0.0095403175801038,-0.0113923959434032,-0.0121941324323416,-0.0114229377359152,-0.0097120683640241,-0.0076654581353068,-0.0055543235503137,-0.0034698797389864,-0.0014208832290023,0.0005320244235917,0.0015660608187317,0.001021436182782,-0.0005546858883462,-0.0025411546230316,-0.0046228999271988,-0.0066776401363313,-0.0087020006030798,-0.0106935128569603,-0.0126664899289608,-0.0146324634552002,-0.0165777299553156,-0.0185350831598043,-0.0204756855964661,-0.0223217457532883,-0.0231796838343143,-0.0224524065852165,-0.0207425020635128,-0.0186617784202099,-0.0165068302303553,-0.0144017850980163,-0.013048954308033,-0.0133094312623143,-0.0147246504202485,-0.016616553068161,-0.0186301991343498,-0.0205862261354923,-0.0217241887003183,-0.0212514121085405,-0.0196530371904373,-0.0176056046038866,-0.0154590765014291,-0.0133259855210781,-0.0112300887703896,-0.0091573558747768,-0.0071072899736464,-0.0050588794983923,-0.0030123612377792,-0.000978689873591,0.0010373750701546,0.0030250400304794,0.0044610556215047,0.0043864389881491,0.0030227866955101,0.0010930502321571,-0.0009983617346733,-0.0030887299217283,-0.0051320963539183,-0.0071401474997401,-0.0085885636508464,-0.0085184266790747,-0.0071586798876524,-0.0052334549836814,-0.0031398155260831,-0.001043758355081,0.0010008427780121,0.0030120406299829,0.0050129103474319,0.0069968299940228,0.0089822467416524,0.0109512871131301,0.0125197619199753,0.0126527119427919,0.0113917011767626,0.0094847846776247,0.0073838243260979,0.0052504898048937,0.003163028974086,0.0011046124855056,-0.0009313281625509,-0.0029566755983978,-0.0049801175482571,-0.0069864466786384,-0.0089833121746778,-0.0109610520303249,-0.0124825481325388,-0.0125173833221197,-0.0111900269985199,-0.0092749986797571,-0.0071783363819122,-0.0050657736137509,-0.003270419081673,-0.0027911553625017,-0.0038140348624438,-0.0055957208387553,-0.0076158279553055,-0.0096609778702259,-0.0116890575736761,-0.0136750768870115,-0.015642924234271,-0.0175943896174431,-0.0195389799773693,-0.0214788783341646,-0.0234079901129007,-0.0253280866891146,-0.0269047506153584,-0.0271273702383041,-0.025919321924448,-0.0240003988146782,-0.0218587424606085,-0.0196937806904316,-0.0177272036671638,-0.0169500764459372,-0.0177252814173698,-0.0193691253662109,-0.0213118605315685,-0.0233091861009598,-0.0252788793295622,-0.0272154901176691,-0.0291254837065935,-0.0310234986245632,-0.0329165682196617,-0.0347969569265842,-0.0365049168467522,-0.0370817184448242,-0.0361146405339241,-0.0342593304812908,-0.0321079418063164,-0.0299104396253824,-0.0277323890477419,-0.0255947224795818,-0.0235740207135677,-0.0225505568087101,-0.0231038685888052,-0.0246509686112404,-0.0265495646744967,-0.0285316817462444,-0.030491054058075,-0.0324169509112835,-0.0342264696955681,-0.0350619070231915,-0.0343041904270649,-0.0325448736548424,-0.0304209105670452,-0.0282388441264629,-0.0260716080665588,-0.0239326935261488,-0.02182337641716,-0.019731255248189,-0.0176454819738865,-0.0155665632337332,-0.0135457031428814,-0.0123495645821095,-0.0127291139215231,-0.0142177138477564,-0.0161342397332191,-0.0181545428931713,-0.0201707873493433,-0.0221445150673389,-0.0240473747253418,-0.0251344665884972,-0.0246401000767946,-0.0230361875146627,-0.0209889989346266,-0.0188414417207241,-0.0167086273431778,-0.0146165685728192,-0.0125444121658802,-0.0104961292818189,-0.0084497518837451,-0.0064133526757359,-0.0044053089804947,-0.0030289040878415,-0.0032177423126995,-0.0046372250653803,-0.0065572634339332,-0.0086241727694869,-0.0106855556368828,-0.0127174109220505,-0.0147123951464891,-0.0166898295283318,-0.0186384469270706,-0.0198561456054449,-0.0194902084767818,-0.0179678630083799,-0.0159645639359951,-0.0138360261917114,-0.0117146149277687,-0.0096240863204002,-0.0075755123980343,-0.0055351960472762,-0.0035249248612672,-0.0019949534907937,-0.0019396089483052,-0.0032095587812364,-0.0050894785672426,-0.0071484795771539,-0.0092048291116952,-0.0106857512146235,-0.0106146614998579,-0.0092502478510141,-0.0073211919516325,-0.0052320566028356,-0.0031426209025085,-0.0010763015598058,0.0009505519992671,0.002949857385829,0.0049477997235953,0.0069371061399579,0.0089150890707969,0.0108865480870008,0.0128476563841105,0.0144768813624978,0.0147363916039467,0.0135371070355177,0.0116477468982339,0.0095354346558451,0.007401768118143,0.0052976859733462,0.0032347529195249,0.0011901165125891,-0.0008434625342488,-0.0028730451595038,-0.0048812991008162,-0.006882902700454,-0.008882419206202,-0.0108778141438961,-0.0128585360944271,-0.0145030338317156,-0.0147892432287335,-0.0136151760816574,-0.0117421960458159,-0.0098691890016198,-0.0091934092342853,-0.0100585874170065,-0.0117578944191337,-0.0137471854686737,-0.0157798882573843,-0.0177798606455326,-0.0197423696517944,-0.0216845385730267,-0.0236054956912994,-0.0255254376679659,-0.027441518381238,-0.0293519124388695,-0.0312464646995068,-0.0328605063259602,-0.0331843979656696,-0.0320254601538181,-0.0301113333553076,-0.027951231226325,-0.0257644727826118,-0.0236045122146606,-0.0214783567935228,-0.0193757191300392,-0.017279826104641,-0.015193659812212,-0.0131127266213298,-0.0110387541353703,-0.0089798662811517,-0.0069220033474266,-0.0048686135560274,-0.0028307496104389,-0.0007943524979054,0.0010853835847228,0.0018977832514792,0.0011404439574107,-0.000549956341274,-0.0025795840192586,-0.0046605481766164,-0.0067162401974201,-0.0087385894730687,-0.010667260736227,-0.0117018390446901,-0.0111418794840574,-0.0095317373052239,-0.007522901520133,-0.0054204524494707,-0.0033381190150976,-0.0012901027221232,0.0007272047223523,0.002732444088906,0.0046343239955604,0.0055435365065932,0.004863001871854,0.0032059552613645,0.0011796673061326,-0.0009266436100006,-0.0030125766061246,-0.0050579868257045,-0.0070733111351728,-0.0090764658525586,-0.011039124801755,-0.012280123308301,-0.0119422692805529,-0.0104423863813281,-0.0084619559347629,-0.0063589299097657,-0.0042559127323329,-0.0022009299136698,-0.0001713273522909,0.0018437338294461,0.0038469752762466,0.0058423923328518,0.0078236982226371,0.0098013803362846,0.0117652099579573,0.013715404085815,0.0156381633132696,0.0168335326015949,0.0164431389421225,0.0148961301892996,0.0128887565806508,0.0113013833761215,0.011236323043704,0.0124799115583301,0.0143128763884306,0.0157431624829769,0.0156538877636194,0.0142660671845078,0.0123020280152559,0.0101705994457006,0.0080371592193841,0.0059424522332847,0.0038859343621879,0.0018477822886779,-0.0001875819871202,-0.0022118082270026,-0.0042298100888729,-0.0062425108626484,-0.0082443999126553,-0.0102442298084497,-0.012236705981195,-0.0138142639771104,-0.0139564499258995,-0.0127202952280641,-0.0108259376138449,-0.0087352851405739,-0.0066222054883837,-0.0050249770283699,-0.004937341902405,-0.0062014665454626,-0.0080593340098857,-0.0100931106135249,-0.0121396826580167,-0.0141457635909319,-0.0161163806915283,-0.0180680938065052,-0.0200080201029778,-0.0219460055232048,-0.0238682311028242,-0.0257847085595131,-0.0276997834444046,-0.0293320380151272,-0.0296663902699947,-0.0285242088139057,-0.0266312882304192,-0.0244865473359823,-0.0223049633204937,-0.0201517343521118,-0.0180396772921085,-0.0159434508532286,-0.0138666201382875,-0.0117973405867815,-0.0097289094701409,-0.0079428097233176,-0.0074696075171232,-0.0084640206769108,-0.0102203842252493,-0.0122241703793406,-0.0142695354297757,-0.0162801649421453,-0.018253929913044,-0.0200428497046232,-0.0206686463207006,-0.0197494439780712,-0.0179724507033825,-0.015883456915617,-0.0137434294447303,-0.0116341253742576,-0.0095457686111331,-0.0074963364750146,-0.005454761441797,-0.0034231012687087,-0.0014068065211176,0.0004270500794518,0.0011229420779272,0.0002647477958817,-0.0014748563989996,-0.0035066474229097,-0.0055976286530494,-0.0076528904028236,-0.0096682384610176,-0.0115739908069372,-0.0124909989535809,-0.0118254767730832,-0.0101637039333582,-0.0081386482343077,-0.0060320813208818,-0.0040861405432224,-0.0032487774733454,-0.0039925761520862,-0.0056617157533764,-0.0076549840159714,-0.0097255995497107,-0.0117661692202091,-0.013767272233963,-0.0157454181462526,-0.0177047066390514,-0.0196607038378716,-0.021603686735034,-0.023540772497654,-0.0254746936261654,-0.0273456890136003,-0.0284155420958996,-0.0279063377529383,-0.0262843146920204,-0.0242236498743296,-0.0220603551715612,-0.0199069380760193,-0.0177965480834246,-0.0157010331749916,-0.0136265642940998,-0.0115556344389915,-0.0094999708235263,-0.0074450494721531,-0.0054004834964871,-0.0033605326898396,-0.0013389178784564,0.0006242837407626,0.0017628397326916,0.0013097820337861,-0.0002404044935246,-0.0022013164125382,-0.0036498003173619,-0.0035343484487384,-0.0021482412703335,-0.0002525284362491,0.0011452165199443,0.0009978319285437,-0.000398409058107,-0.0023322580382227,-0.0044142995029687,-0.0064899418503046,-0.0085185999050736,-0.0105247087776661,-0.0125127825886011,-0.0144923608750105,-0.0164652727544308,-0.0184308979660273,-0.0203782748430967,-0.0223207473754883,-0.0242553409188986,-0.0261795893311501,-0.0276143364608288,-0.0275789499282837,-0.026208471506834,-0.0242334045469761,-0.0225588195025921,-0.0223389826714993,-0.0235080104321241,-0.0252796597778797,-0.0272435061633587,-0.0292268414050341,-0.0311665907502174,-0.0330708399415016,-0.0349517427384853,-0.036822397261858,-0.0386904515326023,-0.0405584648251534,-0.0424196124076843,-0.044265128672123,-0.0461088120937347,-0.0479479879140854,-0.0494545921683311,-0.0496034547686577,-0.0482842288911343,-0.0462736450135708,-0.0440496429800987,-0.0418052822351456,-0.039600782096386,-0.0374265760183334,-0.0352728068828583,-0.0331231504678726,-0.0309862364083529,-0.0288633480668068,-0.0267414376139641,-0.024631829932332,-0.0225220192223787,-0.0204254388809204,-0.0186657886952162,-0.0182810854166746,-0.0193460173904896,-0.0211030598729849,-0.0228730477392673,-0.0234609711915255,-0.0224986597895622,-0.0206962879747152,-0.0188193563371897,-0.0181365869939327,-0.0189962033182383,-0.0206776913255453,-0.0226494558155537,-0.0246675629168749,-0.0266570895910263,-0.0286112278699875,-0.0305349864065647,-0.0324453786015511,-0.0343508422374725,-0.0362567268311977,-0.0381491109728813,-0.0400348305702209,-0.0419110991060734,-0.0437825545668602,-0.0455187112092972,-0.0461868345737457,-0.0452692545950413,-0.0434313043951988,-0.0412700213491917,-0.0390556789934635,-0.0368597507476807,-0.0346977934241295,-0.0325532369315624,-0.030420109629631,-0.028475197032094,-0.0276972986757755,-0.0284483022987843,-0.0300679504871368,-0.0319840684533119,-0.0339614823460579,-0.0359109118580818,-0.0378269851207733,-0.0397097244858742,-0.0415842644870281,-0.0433779172599316,-0.0442794859409332,-0.0435948818922043,-0.0418633706867695,-0.0397299081087112,-0.0375242382287979,-0.0353362783789635,-0.0331806764006615,-0.0311272405087948,-0.0299848094582558,-0.0304240491241217,-0.0318977832794189,-0.0337743684649467,-0.0357432812452316,-0.0376998335123062,-0.0396157763898373,-0.0414929836988449,-0.0433620512485504,-0.0452239587903023,-0.0470784977078438,-0.0489106439054012,-0.0500134639441967,-0.0495333708822727,-0.0478891059756279,-0.0457867197692394,-0.0435610897839069,-0.0413419157266617,-0.039153017103672,-0.0370000042021275,-0.0348590277135372,-0.0327229648828506,-0.0306000225245953,-0.0285171251744032,-0.0271667167544365,-0.0273808483034372,-0.0287647433578968,-0.0306168757379055,-0.0326019525527954,-0.034573957324028,-0.0365038327872753,-0.0383929759263992,-0.0397237911820412,-0.0395451076328754,-0.0380766950547695,-0.0360482819378376,-0.0338692255318165,-0.0317156277596951,-0.0302379094064236,-0.0303273126482964,-0.0316444113850594,-0.033475361764431,-0.0354478731751442,-0.0374107584357262,-0.0393452197313309,-0.0412363782525063,-0.0431105308234692,-0.0449739806354046,-0.0468318909406662,-0.0486771576106548,-0.0505204200744629,-0.0523569323122501,-0.0537921860814095,-0.0538009069859982,-0.0524207055568695,-0.0503910295665264,-0.0481765121221542,-0.0459434911608696,-0.0437483862042427,-0.0415784269571304,-0.0394286587834358,-0.0372789949178696,-0.0351367741823196,-0.0330124869942665,-0.0308897886425257,-0.0287820622324944,-0.0271511916071177,-0.0270139966160059,-0.028217401355505,-0.0300089865922928,-0.031974621117115,-0.033956091850996,-0.035623624920845,-0.0359869264066219,-0.0348506011068821,-0.0329492315649986,-0.0308073870837688,-0.0286411643028259,-0.0264924820512533,-0.0243818759918213,-0.0222976300865412,-0.0202214829623699,-0.0181674249470234,-0.0161103121936321,-0.0143344849348068,-0.013879481703043,-0.0148937962949276,-0.0166529100388288,-0.0186586957424879,-0.0207034256309271,-0.0227188654243946,-0.0246881116181612,-0.0264769420027733,-0.0271085016429424,-0.0261873230338097,-0.0244011580944061,-0.0223115459084511,-0.0201766565442085,-0.0180608257651329,-0.0159806329756975,-0.0139168919995427,-0.0118732992559671,-0.0098462905734777,-0.0078189605847001,-0.0059643797576427,-0.0052715819329023,-0.0061295134946703,-0.0078549096360802,-0.0098704807460308,-0.0119443386793137,-0.0139882722869515,-0.0159968305379152,-0.0178911183029413,-0.018797691911459,-0.0181192327290773,-0.0164377093315125,-0.0143987946212292,-0.012284317985177,-0.0101826451718807,-0.0081246327608823,-0.006195010151714,-0.0052634314633905,-0.0059152152389287,-0.0075608734041452,-0.0095565496012568,-0.0116290738806129,-0.0136781353503466,-0.0156864561140537,-0.0176667310297489,-0.0196349322795868,-0.0215931013226509,-0.023539487272501,-0.025433411821723,-0.0265229362994432,-0.0260250456631184,-0.0244183950126171,-0.0223799794912338,-0.0202347934246063,-0.0180988609790802,-0.015995966270566,-0.0139184091240168,-0.0118545219302177,-0.0098837334662675,-0.0088208224624395,-0.0093445293605327,-0.0109017007052898,-0.012866634875536,-0.0149173969402909,-0.016951747238636,-0.0189498532563448,-0.0209206901490688,-0.0228781402111053,-0.0247990693897009,-0.0260877031832933,-0.0258192550390959,-0.0243170708417892,-0.0223085675388575,-0.0201687477529049,-0.0180272813886404,-0.0159203596413136,-0.0138382157310843,-0.0117713920772076,-0.0097212800756096,-0.0076853828504681,-0.0056544039398431,-0.00362488348037,-0.0016089433338493,0.0003997157036792,0.002388514811173,0.0037247482687234,0.003493390744552,0.0020404735114425,8.51077275001444e-05,-0.0015287357382476,-0.0016681709093973,-0.0004463801160454,0.0013965172693133,0.0034437102731317,0.0054950290359556,0.0075093563646078,0.0094933463260531,0.011458208784461,0.01339050848037,0.0147574376314878,0.0146014764904976,0.0131797539070249,0.0111896498128772,0.0090563790872693,0.0069156130775809,0.0048146932385861,0.0027543257456272,0.0007118894718587,-0.0013182772090658,-0.0030163615010678,-0.0033461779821664,-0.002218990586698,-0.0003891987726092,0.0016535019967705,0.0037235291674733,0.0057559665292501,0.0077576618641614,0.0097374059259891,0.0117075527086854,0.0136719848960638,0.015628369525075,0.01758080907166,0.0195182021707296,0.0214541610330343,0.0233776643872261,0.0249738823622465,0.0251772552728653,0.0239389445632696,0.0220083091408014,0.0200802087783813,0.0193425808101892,0.0201452542096376,0.0217979680746794,0.0237326119095087,0.0257166214287281,0.0276792161166668,0.029597096145153,0.0314934849739075,0.0333832763135433,0.0352654457092285,0.0371416658163071,0.0387930609285831,0.0392029583454132,0.0380856432020664,0.0361762419342995,0.0340011417865753,0.0317713543772697,0.0295768994837999,0.0274293273687363,0.0254208836704493,0.0244934018701315,0.0251467227935791,0.0267265941947699,0.0286368615925312,0.0306173712015152,0.032570943236351,0.0344890207052231,0.036379486322403,0.0382590852677822,0.0401330292224884,0.0419989116489887,0.0438440144062042,0.0456835404038429,0.0475221648812294,0.0493510477244854,0.0510542578995228,0.0516711585223675,0.0507211349904537,0.0488556697964668,0.046732984483242,0.0454305000603199,0.0457342490553856,0.0471133440732956,0.0489136800169945,0.0508154332637787,0.0527049005031586,0.0545531921088696,0.0562890917062759,0.0571077987551689,0.0563527420163155,0.0545640289783478,0.0523849651217461,0.0501201078295708,0.0478710532188416,0.0456561781466007,0.043474555015564,0.0413022711873055,0.0391481593251228,0.036996703594923,0.0348757319152355,0.0334830097854137,0.0336822085082531,0.035040371119976,0.036876518279314,0.0388322658836842,0.0407844558358192,0.0427001193165779,0.0445799268782139,0.0464495904743671,0.0483219027519226,0.0501688160002232,0.0519710853695869,0.0530549287796021,0.0525693409144878,0.0509119108319283,0.0487833432853222,0.0465406775474548,0.0443021468818188,0.0421111658215523,0.0399656444787979,0.0383765548467636,0.0383018925786018,0.039516806602478,0.0412948802113533,0.0432344190776348,0.0451481863856316,0.0463770963251591,0.0460375472903252,0.0444758050143719,0.042399987578392,0.0401883125305176,0.0379875376820564,0.0358154736459255,0.0336700528860092,0.0315439738333225,0.0294322986155748,0.0273249056190252,0.0252308323979378,0.0231449939310551,0.0210669320076704,0.0193993374705315,0.0191644430160522,0.0203188732266426,0.0221219509840012,0.0241287462413311,0.0261477082967758,0.0276530049741268,0.0276294592767954,0.0262730494141579,0.024313872680068,0.0221810564398766,0.0200370140373707,0.0179317891597748,0.0158560238778591,0.0138097060844302,0.0117677161470056,0.0097339153289794,0.0077103660441935,0.0056971497833728,0.0036901049315929,0.0019513306906446,0.001523918705061,0.0025839041918516,0.0044021871872246,0.0064631188288331,0.0085587566718459,0.0106240091845393,0.0126578276976943,0.0146631533280015,0.0166612043976784,0.01831079646945,0.0185638703405857,0.0173893682658672,0.0155286528170109,0.0134432138875127,0.0113406106829643,0.0092611648142337,0.0072231492958962,0.0052139302715659,0.0032020858488977,0.0013666672166436,0.000684026570525,0.0015534583944827,0.0032951445318758,0.0053294724784791,0.007424350362271,0.0094932178035378,0.0115256691351533,0.013528548181057,0.0155230313539505,0.0172767899930477,0.0177762228995562,0.0167736783623695,0.0149640813469887,0.0128908716142178,0.0107686147093773,0.0086876833811402,0.0066471910104155,0.0046181064099073,0.0026027779094874,0.0007061189971864,-0.000210809696,0.0004459885240066,0.0021046572364866,0.0040122340433299,0.0050000613555312,0.0044067581184208,0.0028048451058566,0.0008203700417652,-0.0012425337918102,-0.0032842950895428,-0.0052925813943147,-0.0072685582563281,-0.009234694764018,-0.0111935865134001,-0.0131422253325582,-0.0150911984965205,-0.0170297753065825,-0.0189647804945707,-0.0208984687924385,-0.0227646343410015,-0.023807268589735,-0.02327542565763,-0.0216451175510883,-0.0195747595280409,-0.0174055881798267,-0.0152537915855646,-0.0131339309737086,-0.0110377948731184,-0.0089618070051074,-0.006887337192893,-0.0048234313726425,-0.0027778381481766,-0.0007331309607252,0.0013061014469713,0.0033236998133361,0.0052974210120737,0.0064459405839443,0.0059994123876094,0.0044614025391638,0.0025120039936155,0.0010687187314033,0.0011935139773413,0.0025758617557585,0.0044909087009728,0.0065487902611494,0.0086153969168663,0.0106407189741731,0.012632398866117,0.0146201476454735,0.016578471288085,0.0185317732393742,0.0204585902392864,0.0217233411967754,0.0214357785880566,0.0199404042214155,0.0179362948983908,0.015799043700099,0.013663955964148,0.0115637825801969,0.0094933602958917,0.0079198125749826,0.0078265350311994,0.0090605756267905,0.0109057184308767,0.012928057461977,0.0149569353088737,0.0163790956139565,0.0162461064755917,0.0148402433842421,0.0128824133425951,0.0107585592195392,0.0086431428790092,0.0065529118292033,0.0045019406825304,0.0024669263511896,0.0004457400937099,-0.001574122114107,-0.0035828861873596,-0.005582314915955,-0.0075672199018299,-0.0092206774279475,-0.0094846421852707,-0.0083049573004245,-0.0064305150881409,-0.0043428307399153,-0.0022302595898509,-0.000139467374538,0.0019167999271303,0.0039405897259712,0.0059576635248959,0.0079685570672154,0.0099712889641523,0.0116283660754561,0.0119043253362179,0.0107433935627341,0.0088909920305013,0.0068221134133637,0.0047233672812581,0.0026559808757156,0.0006236442131921,-0.001160841085948,-0.0017159178387373,-0.0007708643679507,0.0009932417888194,0.0030342829413712,0.005121776368469,0.007179700769484,0.0091925170272588,0.0111906733363867,0.013176703825593,0.0151536604389548,0.0171300414949656,0.0190936494618654,0.0210407469421625,0.0227026008069515,0.0230559818446636,0.0219335202127695,0.0200696885585785,0.0179553739726543,0.015806894749403,0.0138044729828835,0.0129116112366319,0.0136168412864208,0.0152444299310446,0.0172123834490776,0.0192339308559895,0.0210491195321083,0.0216726716607809,0.0207287296652794,0.0189200863242149,0.0168183799833059,0.0146756526082754,0.0125569738447666,0.0104816183447838,0.0084248837083578,0.0063853496685624,0.0043475846759975,0.0023265478666871,0.0003041350282728,-0.0017048083245754,-0.0036270599812269,-0.0046595456078648,-0.0041096955537796,-0.0024950464721769,-0.0004859289620071,0.0016158143989741,0.0036960307043045,0.0057468796148896,0.0076972767710685,0.0087166326120495,0.0081541566178202,0.0065532657317817,0.0045525501482188,0.0024621521588414,0.0003939796588383,-0.0016406009672209,-0.003638767870143,-0.0056255315430462,-0.0076081259176135,-0.0095786591991782,-0.0115161892026663,-0.0127237820997834,-0.0123501671478152,-0.0108171906322241,-0.0088138747960329,-0.0066865622065961,-0.0045708832331001,-0.0025039196480065,-0.0004486942489165,0.00158992910292,0.0036118465941399,0.0056210784241557,0.0076268892735242,0.0096239428967237,0.0115549247711897,0.0126783512532711,0.0121943475678563,0.0106083024293184,0.0086093544960022,0.0064978958107531,0.0044035413302481,0.0029124906286597,0.0029631061479449,0.00429776776582,0.0062013920396566,0.0082570742815733,0.010314516723156,0.0123390927910805,0.0143253393471241,0.0162917673587799,0.0182449147105217,0.0201870203018188,0.022129999473691,0.024060906842351,0.0259651206433773,0.0272018387913704,0.0268921870738268,0.0253731478005648,0.0233510993421078,0.0211815591901541,0.0190215297043324,0.0172985699027777,0.0170358754694462,0.0181701593101025,0.0199558772146702,0.0219350103288889,0.0239408649504185,0.0259053390473127,0.0278449468314648,0.0297624170780182,0.0316651165485382,0.0335605069994926,0.0354481600224972,0.0369101725518703,0.0369513370096684,0.0356006622314453,0.0335976555943489,0.0314053259789944,0.029198195785284,0.0270225685089827,0.0248836558312178,0.0230464786291122,0.0225025676190853,0.0234476700425148,0.025167390704155,0.0271246843039989,0.0291069038212299,0.0310685187578201,0.0329999588429928,0.034612488001585,0.0349075198173523,0.0337330289185047,0.0318122282624245,0.0296515040099621,0.0274591781198978,0.0252947341650724,0.0231661647558212,0.0210628062486649,0.0189732033759356,0.0168906860053539,0.0148170096799731,0.0129239838570356,0.0121890418231487,0.0130024664103985,0.0146769918501377,0.0166640095412731,0.0187084749341011,0.0207201819866896,0.0226948149502277,0.0244606398046017,0.0250494759529829,0.0240994784981012,0.0222908444702625,0.0201853588223457,0.0180393885821104,0.0159211754798889,0.0138314319774508,0.0117768095806241,0.0097236819565296,0.0076836450025439,0.0056515033356845,0.0037196592893451,0.0027748260181397,0.0034285432193428,0.0050662592984736,0.0070664305239915,0.009142292663455,0.0111942123621702,0.0132178757339716,0.015207233838737,0.0171812474727631,0.0190210863947868,0.0197577681392431,0.0189210753887892,0.0171877183020115,0.0151204261928797,0.0129815749824047,0.0108824949711561,0.0088173970580101,0.0067734904587268,0.0047538457438349,0.0027908361516892,0.0016439836472272,0.0020829683635383,0.0036301864311099,0.0056025488302111,0.0076780621893703,0.0096696903929114,0.0107067124918103,0.0101220635697246,0.008516477420926,0.0065139373764395,0.0044214413501322,0.0023425894323736,0.0003047633217647,-0.0017055319622159,-0.0036985771730542,-0.0056863948702812,-0.0076616066507995,-0.00962720438838,-0.0115800192579627,-0.013511199504137,-0.0148115120828152,-0.0145523576065898,-0.013060200959444,-0.0110572632402182,-0.0089208241552114,-0.0067855999805033,-0.0046906834468245,-0.0026223575696349,-0.000577192986384,0.0014543581055477,0.0034839143045246,0.0054986532777547,0.0075032222084701,0.0095072435215115,0.0115035306662321,0.0134731605648994,0.0147940712049603,0.0145360976457596,0.0130659090355039,0.0111028477549553,0.0094753578305244,0.0093221813440322,0.0105291856452823,0.0123701393604279,0.0143968397751451,0.0164344813674688,0.0184348560869694,0.0203857943415642,0.0223227068781853,0.0242610424757004,0.0261843632906675,0.0281018763780594,0.030010549351573,0.0319062247872353,0.033220186829567,0.0330035239458084,0.0315312258899212,0.02950394526124,0.027325551956892,0.0251471865922213,0.0230073910206556,0.0208750832825899,0.0187706854194403,0.0166812017560005,0.0145939392969012,0.012518709525466,0.0104572912678123,0.0084020653739571,0.0063641956076026,0.0043288455344736,0.0023105989675968,0.0002992553054355,-0.0013671680353581,-0.0016586342826485,-0.0005111887585371,0.0013347339117899,0.0033984754700213,0.0054832668974995,0.0075368555262684,0.0095620425418019,0.0113325584679842,0.0118530709296465,0.0108672212809324,0.0090733207762241,0.0070157125592231,0.004915774334222,0.0028483965434134,0.0008169334032572,-0.0011917165247723,-0.0031849679071456,-0.0049072881229221,-0.0053155808709561,-0.0042397459037601,-0.0023977577220648,-0.0003287512226961,0.0017798112239688,0.0038541099056601,0.0058865966275334,0.0079016657546162,0.0099009023979306,0.0117535283789039,0.0125170769169927,0.0117139592766762,0.009998888708651,0.0079587828367948,0.0058569712564349,0.0037765861488878,0.0017352253198623,-0.0002772647421807,-0.0022832506801933,-0.0042815171182155,-0.0062660030089318,-0.0082345698028802,-0.0102088106796145,-0.0121730053797364,-0.0141314705833793,-0.0159553345292807,-0.0166908428072929,-0.0158564895391464,-0.0141029860824347,-0.0120983151718974,-0.0109414299950004,-0.0113799106329679,-0.0128909545019269,-0.0147459227591753,-0.0157923828810453,-0.0152299823239446,-0.0135996602475643,-0.0115527492016554,-0.0094096437096595,-0.0072805928066372,-0.0051831444725394,-0.0031267828308045,-0.0010871419217437,0.0009544106433168,0.0029862192459404,0.0050058886408805,0.0070170387625694,0.0090161189436912,0.0110163716599345,0.0129702221602201,0.0141779705882072,0.0137959402054548,0.0122611680999398,0.0102546978741884,0.0081309014931321,0.0060731321573257,0.0048491768538951,0.0052601620554924,0.0067815566435456,0.0087277134880423,0.0107849864289165,0.0128259789198637,0.01482661254704,0.0168038289994001,0.0187626071274281,0.0207035653293133,0.0226437263190746,0.0245780982077122,0.026506720110774,0.0284102484583855,0.0297499746084213,0.0295650977641344,0.028104554861784,0.0260789711028337,0.0239049308001995,0.0217413101345301,0.0196037441492081,0.0174995884299278,0.0154104921966791,0.0133368261158466,0.0112704085186124,0.0092329382896423,0.0077551947906613,0.0077960439957678,0.0091230068355798,0.0109976604580879,0.0130353905260563,0.0150758419185877,0.0170782152563334,0.0190489701926708,0.0205874815583229,0.0206823274493217,0.0193932726979256,0.0174720361828804,0.015358030796051,0.0132320486009121,0.0111245615407825,0.0090526808053255,0.006994410417974,0.0049585183151066,0.0029376533348113,0.0009249352151528,-0.0006844831514172,-0.0008555825916118,0.0003561883349902
-0.0206152684986591,-0.0204482953995466,-0.0217911601066589,-0.0238039419054985,-0.0260140225291252,-0.0282438807189465,-0.0304302610456944,-0.0325825698673725,-0.0347119010984898,-0.0368359312415123,-0.0389489307999611,-0.0410440266132355,-0.042567066848278,-0.0424179434776306,-0.0407791472971439,-0.0384846925735474,-0.0359989553689957,-0.0335113480687141,-0.031064584851265,-0.028657104820013,-0.0266767628490925,-0.0262572411447763,-0.0274372026324272,-0.0293869115412235,-0.0315801650285721,-0.0337992161512375,-0.0359917506575584,-0.0381385982036591,-0.040266677737236,-0.0423778034746647,-0.0444756336510181,-0.0465816296637058,-0.0486738234758377,-0.0507581643760204,-0.0528276413679123,-0.0548959374427795,-0.0565566271543503,-0.0566524192690849,-0.0551422238349915,-0.0528712943196297,-0.0506212711334229,-0.0497691780328751,-0.0506384111940861,-0.0524167343974113,-0.0545120984315872,-0.056671567261219,-0.0587910935282707,-0.0608610287308693,-0.0626547783613205,-0.0630170404911041,-0.0616730079054832,-0.0594578236341476,-0.0569558255374432,-0.0544015243649483,-0.0518842488527298,-0.0494098626077175,-0.0469621941447258,-0.0445339940488338,-0.0421115569770336,-0.0397041067481041,-0.0374703928828239,-0.036463238298893,-0.0372269190847874,-0.0390157587826252,-0.0411567464470863,-0.0433714389801025,-0.0455552861094475,-0.0477028787136078,-0.0498256012797356,-0.0519389472901821,-0.0540421158075333,-0.0561301298439503,-0.058058138936758,-0.0587325356900692,-0.057648666203022,-0.0555548742413521,-0.0531092137098312,-0.0505953468382359,-0.0480981320142746,-0.0456442460417747,-0.0433159060776234,-0.0420345477759838,-0.042551938444376,-0.0442146807909012,-0.0463110506534576,-0.0485059879720211,-0.0505653321743011,-0.0514558218419552,-0.0505225881934166,-0.0484977625310421,-0.0460933446884155,-0.043607659637928,-0.041136309504509,-0.0387179888784885,-0.0363362953066826,-0.0339699499309063,-0.0316049717366695,-0.0292549729347229,-0.0269107427448034,-0.0245866701006889,-0.0223141312599182,-0.0208723694086075,-0.0212081559002399,-0.0228501986712217,-0.0250064246356487,-0.0272782128304243,-0.029474887996912,-0.0307031199336052,-0.0301177054643631,-0.0283025298267603,-0.0260089971125126,-0.0236072894185781,-0.0212231948971748,-0.0188883785158396,-0.0165784582495689,-0.0142941139638424,-0.0120206158608198,-0.0097628012299537,-0.0075079458765685,-0.0052499556913971,-0.0030209475662559,-0.001455598976463,-0.0016190990572795,-0.0031891346443444,-0.0053730327636003,-0.0077057578600943,-0.0100356740877032,-0.0123323379084468,-0.0145948156714439,-0.0168435573577881,-0.0190555490553379,-0.0204989463090897,-0.0201944336295128,-0.0185353104025126,-0.0163216404616833,-0.013963395729661,-0.011606439948082,-0.0092937313020229,-0.0070159807801246,-0.0047562108375132,-0.0025067329406738,-0.0007381587638519,-0.0005993833765387,-0.0020069244783371,-0.0041342084296047,-0.00645816558972,-0.0087922252714633,-0.0110872983932495,-0.0133483093231916,-0.0155964251607656,-0.0178291313350201,-0.0194878578186035,-0.0194416008889675,-0.0179309975355864,-0.0157578997313976,-0.0133951138705015,-0.0110188145190477,-0.0086928438395261,-0.0064042252488434,-0.004140003118664,-0.0018938570283353,2.56765124504454e-05,0.000448246486485,-0.0007757687126286,-0.0028351754881441,-0.0048299054615199,-0.0053843767382204,-0.0042483177967369,-0.0022408729419112,4.21923905378208e-05,0.0023559769615531,0.0046331798657774,0.0068743117153644,0.0090920757502317,0.01129259634763,0.0134885441511869,0.0156729966402054,0.0178600512444973,0.0200302079319954,0.0221925340592861,0.0243527591228485,0.0263051688671112,0.0269298460334539,0.0258020777255297,0.0237160790711641,0.0213284380733967,0.0188878923654556,0.016471941024065,0.0141128990799189,0.011785838752985,0.0094689205288887,0.0071628494188189,0.0048716757446527,0.0025818073190748,0.0003010821237694,-0.0019749933853745,-0.0042381584644317,-0.006285201292485,-0.0070241959765553,-0.0059940535575151,-0.004018451552838,-0.0018648682162165,-0.0007915495662018,-0.0015129664679989,-0.0033416170626878,-0.0055753411725163,-0.0078897383064031,-0.0101808365434408,-0.0124317836016417,-0.0146643910557032,-0.0168778114020824,-0.0190811194479465,-0.0212731640785933,-0.0233374461531639,-0.0242671016603708,-0.0233849212527275,-0.0214270744472742,-0.0190861318260431,-0.0166604537516832,-0.0142677165567875,-0.0119179766625166,-0.009666834026575,-0.0083559984341263,-0.0088699199259281,-0.010583964176476,-0.0127704460173845,-0.0150536503642797,-0.0172333493828773,-0.018344460055232,-0.017636351287365,-0.0157664939761162,-0.0134648662060499,-0.0110712284222245,-0.0087033817544579,-0.0063768615946173,-0.0040903352200985,-0.0018164193024858,0.0004502916126511,0.0027021730784326,0.0049467980861663,0.0071798656135797,0.0093776015564799,0.0108340214937925,0.0105407200753689,0.0088860318064689,0.0066641252487897,0.0042918911203742,0.0019371235975995,-0.0003816230455413,-0.002665557898581,-0.0049332408234477,-0.0071911169216036,-0.0094384150579571,-0.0116662625223398,-0.0131437694653869,-0.0128310453146696,-0.0111725414171815,-0.0089702792465686,-0.0066194701939821,-0.0042684474028646,-0.0019611387979239,0.0003103334165643,0.0020074190106242,0.0019886887166649,0.0004955080221407,-0.001649597659707,-0.0039715389721095,-0.0062902737408876,-0.0085736224427819,-0.0108298873528838,-0.0130670592188835,-0.0152876507490873,-0.0175036750733852,-0.0197102874517441,-0.0219081360846758,-0.0240776538848877,-0.0255829207599163,-0.0253542233258486,-0.0237060599029064,-0.0214551258832216,-0.0190471336245537,-0.0166416242718697,-0.0146861542016268,-0.0143229477107525,-0.0155651960521936,-0.0175761934369802,-0.0198176316916943,-0.0220711044967175,-0.0238172058016062,-0.0239080227911472,-0.0224392469972372,-0.0202549286186695,-0.0178648233413696,-0.0154595663771033,-0.0131005523726344,-0.0107777556404471,-0.0084745157510042,-0.0061849681660533,-0.0038985810242593,-0.0016356457490474,0.0006194476154632,0.0028588364366442,0.0048526437021791,0.0054201018065214,0.0042836922220885,0.0022575543262064,-5.23482303833589e-05,-0.002396659227088,-0.0047069080173969,-0.0069806836545467,-0.0089795645326376,-0.009551147930324,-0.0084160603582859,-0.0064052562229335,-0.0041120424866676,-0.0017592797521501,0.0005540825077332,0.0028235123027116,0.005067128688097,0.0072968914173543,0.0095156421884894,0.011728904210031,0.0137687642127275,0.0145810144022107,0.0136282099410892,0.011649226769805,0.0093294316902756,0.0069497372023761,0.0045947227627039,0.002289505675435,8.31633224152029e-06,-0.0022647068835794,-0.0045233406126499,-0.0067804856225848,-0.0090298689901828,-0.0112755559384823,-0.013294130563736,-0.0139729324728251,-0.0129220560193062,-0.0109223509207368,-0.0086099468171596,-0.0062440983019769,-0.0039916718378663,-0.0028264170978218,-0.0034791426733136,-0.0052804434671998,-0.0075042163953185,-0.0098054548725485,-0.0120925204828382,-0.0143442321568727,-0.0165707878768444,-0.0187824200838804,-0.020986856892705,-0.0231873244047165,-0.0253712832927704,-0.027549946680665,-0.0296020954847336,-0.0305124931037426,-0.0296098310500383,-0.027631850913167,-0.0252716261893511,-0.0228280499577522,-0.0204618833959103,-0.0189822185784578,-0.0193037781864405,-0.0209154859185219,-0.0230541862547398,-0.0252989009022713,-0.027538139373064,-0.0297321975231171,-0.0319011360406876,-0.034049529582262,-0.0361911281943321,-0.0383283048868179,-0.0404114760458469,-0.041633352637291,-0.0410770550370216,-0.0392356216907501,-0.0368882939219475,-0.0344149768352509,-0.0319627076387405,-0.029543973505497,-0.0271839573979378,-0.025492325425148,-0.0255426783114672,-0.0269959587603807,-0.0290554985404015,-0.031278021633625,-0.0335118025541306,-0.0357023030519485,-0.0378427542746067,-0.0393063053488731,-0.039037361741066,-0.0373547375202179,-0.0350736491382122,-0.0326162353157997,-0.0301561877131462,-0.0277504287660122,-0.0253842752426863,-0.0230301916599274,-0.0206858441233635,-0.0183589197695255,-0.0160409770905972,-0.0142139391973615,-0.0140148531645536,-0.015367953106761,-0.0174302477389574,-0.0196999572217464,-0.021974079310894,-0.0242157988250256,-0.0264231190085411,-0.0281312689185143,-0.0282053258270025,-0.0267280135303736,-0.024541674181819,-0.0221530236303806,-0.0197487361729145,-0.0173818953335285,-0.0150472186505795,-0.0127372164279222,-0.0104390177875757,-0.0081608071923255,-0.0058943796902895,-0.0039586406201124,-0.0035307826474309,-0.0047383969649672,-0.0067744753323495,-0.0090605178847909,-0.0113816428929567,-0.0136697636917233,-0.0159353744238615,-0.0181812085211277,-0.0204040296375751,-0.0222078450024128,-0.0224547758698463,-0.0210952535271645,-0.0189630165696144,-0.0165915861725807,-0.014203418046236,-0.0118549447506666,-0.0095387510955333,-0.0072523411363363,-0.0049744164571166,-0.0029125902801752,-0.0021802023984491,-0.0032014723401516,-0.0051727481186389,-0.0074517941102385,-0.0097746206447482,-0.0118011608719826,-0.0123965423554182,-0.0112812947481871,-0.0092648705467581,-0.0069683236069977,-0.004618355538696,-0.0023059432860463,-3.7614707252942e-05,0.0022115968167781,0.0044361613690853,0.0066545028239488,0.0088641634210944,0.0110796988010406,0.0132821006700397,0.0153457131236792,0.016265694051981,0.0154039580374956,0.0134600400924683,0.0111258774995804,0.0087229246273636,0.006346114911139,0.0040172981098294,0.001711765769869,-0.0005737186875194,-0.0028456847649067,-0.0051244515925645,-0.0073883170261979,-0.0096441209316253,-0.011889711022377,-0.014135705307126,-0.0162380207329988,-0.0171876884996891,-0.0163603965193033,-0.0144450049847364,-0.0122186345979571,-0.0108425049111247,-0.0113069638609886,-0.0130052221938968,-0.0151854660362005,-0.0174659471958876,-0.0197345763444901,-0.0219625011086464,-0.0241653211414814,-0.0263463985174894,-0.0285140443593264,-0.0306890588253736,-0.0328480489552021,-0.0350004099309444,-0.0370471104979515,-0.0380505584180355,-0.0372622832655907,-0.0353084281086922,-0.0329329036176205,-0.0304590966552496,-0.0280140340328217,-0.0256179757416248,-0.0232522822916508,-0.0209040865302086,-0.0185625217854977,-0.0162391327321529,-0.0139201516285539,-0.0116054909303784,-0.009297258220613,-0.0070134596899151,-0.0047315945848822,-0.0024569185916334,-0.0002140580036211,0.0012715237680822,0.0009661030489951,-0.0006727093132212,-0.0028578229248523,-0.0051910867914557,-0.0075170584022998,-0.0098101487383246,-0.0120609542354941,-0.0137438699603081,-0.0137153621762991,-0.0122058875858784,-0.0100489184260368,-0.0077103050425648,-0.005365562159568,-0.0030509363859891,-0.0007831231923773,0.0014674619305878,0.0036902318242937,0.0052498765289783,0.0050699538551271,0.0034782732836902,0.0012841258430853,-0.0010592793114483,-0.0033996731508523,-0.0057014599442482,-0.0079708704724907,-0.0102200210094452,-0.0124610951170325,-0.0142909288406372,-0.0145492246374488,-0.0132105387747288,-0.0111018503084779,-0.008762864395976,-0.0064041828736662,-0.004070718307048,-0.0017823276575654,0.0004786796635016,0.0027335649356246,0.0049790162593126,0.0072154649533331,0.0094366837292909,0.0116517776623368,0.0138630941510201,0.0160566177219152,0.0178426038473845,0.0180678833276033,0.0166914779692888,0.0145455477759242,0.012419025413692,0.0116833662614226,0.0126816146075726,0.0145944403484464,0.016536133363843,0.0171239003539085,0.0159892216324806,0.0139300152659416,0.0115762185305357,0.0091802226379513,0.0068264938890934,0.0045124068856239,0.0022313250228762,-4.94692358188331e-05,-0.0023166590835899,-0.0045843543484807,-0.0068426160141825,-0.0090875923633575,-0.0113266194239259,-0.0135625563561916,-0.0156168332323432,-0.0164354220032692,-0.0154944024980068,-0.0135257104411721,-0.0112074743956327,-0.0088312719017267,-0.0066974377259612,-0.0059330351650714,-0.0069069918245077,-0.0088329259306192,-0.0110710104927421,-0.0133552681654692,-0.0156206246465445,-0.0178483929485083,-0.0200524944812059,-0.0222453214228153,-0.0244240518659353,-0.0265871807932854,-0.0287467204034328,-0.0309129934757948,-0.0329796969890594,-0.0339855179190636,-0.0331940427422523,-0.0312654711306095,-0.028908334672451,-0.0264537930488586,-0.0240193419158459,-0.0216322485357523,-0.0192812904715538,-0.0169422123581171,-0.0146187320351601,-0.012302229180932,-0.0100820455700159,-0.0089103300124406,-0.0095298802480101,-0.0113001549616456,-0.0135029209777713,-0.015793738886714,-0.0180609710514545,-0.0202937945723534,-0.0224568266421556,-0.0237576700747013,-0.0232751183211803,-0.0215028934180737,-0.0192294083535671,-0.0168377682566643,-0.0144504085183144,-0.0120951384305954,-0.0097785694524645,-0.0074915797449648,-0.0052242428064346,-0.0029594330117106,-0.0007410455727949,0.0006243689567781,0.0002034430508501,-0.0014999532140791,-0.0037089302204549,-0.0060405638068914,-0.0083607537671923,-0.0106384130194783,-0.0128748491406441,-0.0144358184188604,-0.014262730255723,-0.0126715525984764,-0.0104826688766479,-0.0081316167488694,-0.005808048415929,-0.0042728576809167,-0.0045531489886343,-0.0061753634363412,-0.0083485096693038,-0.0106589868664742,-0.0129624847322702,-0.0152253536507487,-0.0174552761018276,-0.0196708850562572,-0.0218727644532919,-0.0240651126950979,-0.0262490976601839,-0.0284244306385517,-0.0305965878069401,-0.0322749465703964,-0.0323135741055012,-0.0307940449565649,-0.0285796299576759,-0.0261661633849144,-0.0237295553088188,-0.0213375575840473,-0.0189877692610025,-0.0166530273854733,-0.0143292751163244,-0.0120103489607573,-0.0097064152359962,-0.0074139786884188,-0.0051328027620911,-0.0028571281582117,-0.0005924031720496,0.0011883205734193,0.0013296974357217,-7.78685716795735e-05,-0.0021999685559421,-0.0041894842870533,-0.0047184452414512,-0.0035644643940031,-0.001545934122987,0.0004116397467441,0.0009205458336509,-0.0002710078260861,-0.002313390141353,-0.004620234016329,-0.0069635584950447,-0.0092672910541296,-0.0115285385400057,-0.0137740252539515,-0.0160068348050117,-0.0182254668325186,-0.020440012216568,-0.0226452983915806,-0.0248345658183098,-0.0270132888108492,-0.0291909202933311,-0.031147189438343,-0.0317813046276569,-0.0306455567479134,-0.0285735409706831,-0.0264080949127674,-0.025509636849165,-0.0263638719916344,-0.0281998366117477,-0.0303758606314659,-0.0326122269034386,-0.0348124615848064,-0.0369731225073338,-0.0391145832836628,-0.0412338897585869,-0.043341014534235,-0.0454456210136414,-0.0475379563868046,-0.0496296212077141,-0.0517142377793789,-0.0537885800004005,-0.055729903280735,-0.0565204918384552,-0.055545836687088,-0.053482748568058,-0.0510317347943783,-0.0484936349093914,-0.0459958054125309,-0.0435419082641602,-0.0410976968705654,-0.0386796742677689,-0.0362767241895199,-0.033886332064867,-0.0315055511891842,-0.0291339568793774,-0.0267645251005888,-0.0244122259318829,-0.0222008433192968,-0.0211345162242651,-0.0218621920794249,-0.0236601550132036,-0.025782423093915,-0.0270558521151543,-0.0264975614845753,-0.0246937405318022,-0.0224854201078415,-0.0211008284240961,-0.0215201899409294,-0.023173276335001,-0.0253281146287918,-0.0276040304452181,-0.0298603698611259,-0.032080203294754,-0.034267470240593,-0.0364309251308441,-0.0385796688497066,-0.0407318323850632,-0.0428750962018967,-0.0450129806995392,-0.0471286177635193,-0.0492425486445427,-0.0513239577412605,-0.0526331663131714,-0.0521821938455105,-0.0503828637301922,-0.0480311848223209,-0.0455318354070187,-0.0430403873324394,-0.0405895486474037,-0.0381757318973541,-0.0357845425605774,-0.0334515459835529,-0.0319684334099293,-0.0322734154760838,-0.0338572412729263,-0.0359642095863819,-0.0381973348557949,-0.0404083505272865,-0.0425704047083855,-0.0447104424238205,-0.0468266308307648,-0.0489449165761471,-0.0504747070372105,-0.0502953454852104,-0.0486487708985806,-0.046364102512598,-0.0438899621367455,-0.0414030104875565,-0.0389511473476887,-0.0365460067987442,-0.0347318835556507,-0.0346294194459915,-0.0359885655343533,-0.0380020886659622,-0.0402077883481979,-0.0424186438322067,-0.0445813238620758,-0.0467246845364571,-0.0488391183316708,-0.0509381853044033,-0.0530299246311188,-0.0551297217607498,-0.0568040981888771,-0.0569115504622459,-0.0554161705076694,-0.053165752440691,-0.0506766438484192,-0.0481606982648373,-0.0456861071288586,-0.0432468801736832,-0.040845014154911,-0.0384518951177597,-0.0360647216439247,-0.0336844176054001,-0.0317204408347607,-0.0313456319272518,-0.0325592309236526,-0.0345348007977009,-0.0367397889494896,-0.0389679111540318,-0.0411635041236877,-0.043330043554306,-0.045194610953331,-0.0456314012408257,-0.0443726778030396,-0.0422339513897896,-0.0398142635822296,-0.0373410023748875,-0.0352354869246483,-0.0346804670989513,-0.0357970744371414,-0.0377356819808483,-0.0399298518896103,-0.0421601682901382,-0.0443474724888802,-0.0464969724416733,-0.0486279278993607,-0.0507424734532833,-0.0528417713940144,-0.0549405366182327,-0.0570293143391609,-0.0591061636805534,-0.0610055103898048,-0.0616617724299431,-0.0605534911155701,-0.0584265924990177,-0.0559622496366501,-0.0534210428595543,-0.0509103089570999,-0.0484470427036285,-0.0460137948393822,-0.0435965321958065,-0.0411971695721149,-0.0388022437691689,-0.0364210978150368,-0.0340427123010159,-0.031899593770504,-0.031089149415493,-0.0320137441158295,-0.033881988376379,-0.036067571491003,-0.0383110269904137,-0.040426928550005,-0.0414505191147327,-0.0406757518649101,-0.0387477092444897,-0.0363990478217602,-0.0339526422321796,-0.0315263085067272,-0.0291560124605894,-0.0268237218260765,-0.0244990549981594,-0.022179551422596,-0.0198709405958652,-0.0176618471741676,-0.016505828127265,-0.0171429309993982,-0.0189248118549585,-0.0211279131472111,-0.0234190635383129,-0.0256889425218105,-0.0279253274202347,-0.030088409781456,-0.0314004197716713,-0.0309203267097473,-0.029147170484066,-0.026879308745265,-0.0244729332625866,-0.0220781154930592,-0.0197380445897579,-0.0174249280244112,-0.0151253305375576,-0.0128524955362082,-0.0105680348351598,-0.0083499737083911,-0.0069885337725281,-0.0074133947491645,-0.0091103138402104,-0.0113153774291277,-0.0136313671246171,-0.0159383192658424,-0.0182048864662647,-0.0204354543238878,-0.0219895411282778,-0.0218008048832417,-0.0201978050172329,-0.0179970189929008,-0.0156376231461763,-0.013268394395709,-0.0109486179426312,-0.0086929481476545,-0.0071051837876439,-0.0072489525191485,-0.008803866803646,-0.0109549500048161,-0.0132640711963177,-0.015572608448565,-0.0178405251353979,-0.020079018548131,-0.0223018862307072,-0.024518083781004,-0.0267209317535162,-0.028915349394083,-0.0306179784238338,-0.0306906159967184,-0.0291989091783762,-0.0270084757357836,-0.0246171429753304,-0.0222016107290983,-0.0198282860219479,-0.0174924861639738,-0.0151892267167568,-0.0129039287567139,-0.011195233091712,-0.0111875645816326,-0.0126551035791636,-0.014762757346034,-0.0170438643544912,-0.0193304289132357,-0.0215825289487839,-0.0238059051334858,-0.0260069277137518,-0.028202161192894,-0.0300471745431423,-0.030390802770853,-0.0290888994932175,-0.0269690975546837,-0.0245878808200359,-0.0221777744591236,-0.0197955444455147,-0.0174540746957064,-0.0151425823569298,-0.0128484172746539,-0.0105619644746184,-0.0082798562943935,-0.0059997574426233,-0.0037417951971292,-0.0014957032399252,0.0007350056548602,0.0026297410950064,0.003032007953152,0.00178829790093,-0.0002765436074696,-0.0024012879002839,-0.0032426298130303,-0.0022896353621035,-0.000366820662748,0.0018817504169419,0.004179221112281,0.0064512738026678,0.008682245388627,0.010894663631916,0.0130806714296341,0.0149891246110201,0.0154629200696945,0.0142462458461523,0.012161273509264,0.0098044499754905,0.0074071674607694,0.0050462079234421,0.0027267860714346,0.0004338052531238,-0.0018519270233809,-0.0040027638897299,-0.0050137946382165,-0.0042338310740888,-0.0023724839556962,-0.0001346734352409,0.0021929270587861,0.0044904323294758,0.0067505948245525,0.0089816432446241,0.0111902793869376,0.0133988950401545,0.0155887808650732,0.0177753306925297,0.0199571456760168,0.02213404327631,0.0243061594665051,0.0263333972543478,0.0272116754204035,0.0263053197413683,0.0243236422538757,0.0220219753682613,0.0205705463886261,0.0209524631500244,0.0225738249719143,0.0246932115405798,0.0269246213138103,0.0291456207633018,0.0313108265399933,0.0334563478827477,0.0355857871472836,0.0377038083970547,0.0398243144154549,0.0418639183044434,0.042928159236908,0.0422015152871609,0.0402694791555405,0.0378821939229965,0.0353908054530621,0.0329177044332027,0.0305025316774845,0.0281407125294209,0.0265399161726236,0.0266968868672848,0.0282048750668764,0.0302729196846485,0.032479964196682,0.0346792638301849,0.0368405506014824,0.0389900654554367,0.0411268025636673,0.0432398021221161,0.0453515574336052,0.0474468879401684,0.0495421625673771,0.0516338013112545,0.0537157505750656,0.0557568445801735,0.057023860514164,0.0565334856510162,0.0546927973628044,0.0523144565522671,0.050360694527626,0.050100140273571,0.0513490065932274,0.0532805696129799,0.0554167851805687,0.0575595051050186,0.0596613027155399,0.0617331191897392,0.0631981268525124,0.0629589334130287,0.0612442418932915,0.0588990338146687,0.0563629046082497,0.0538288466632366,0.0513399988412857,0.048883680254221,0.0464464575052261,0.0440297573804855,0.0416192188858986,0.0392286255955696,0.0372441112995148,0.0368234850466251,0.0379979684948921,0.0399525761604309,0.0421356372535229,0.0443331971764565,0.0465028025209904,0.0486362501978874,0.0507449023425579,0.0528560653328896,0.0549571700394154,0.0570468045771122,0.0587184838950634,0.0588036552071571,0.0572945028543472,0.055026650428772,0.0525422245264053,0.050031341612339,0.0475613623857498,0.0451327599585056,0.0429873242974281,0.0422662273049355,0.0432330816984177,0.0450962260365486,0.0472487434744835,0.0494327992200851,0.0512606464326382,0.0515382140874863,0.0501423738896847,0.0479407273232937,0.0454861521720886,0.0430017411708832,0.0405652895569801,0.0381702221930027,0.0357930101454258,0.0334368608891964,0.0310968160629272,0.0287531204521656,0.0264259707182646,0.0241099745035172,0.0219597350805998,0.0210516415536404,0.0219139941036701,0.0237853620201349,0.0259931199252605,0.0282771736383438,0.0303128696978092,0.030964519828558,0.0298742540180683,0.0278358664363623,0.0254923105239868,0.0230985507369041,0.0207445546984673,0.018434876576066,0.0161497350782156,0.0138698145747185,0.0115913860499859,0.0093338228762149,0.0070727351121604,0.0048232888802886,0.0026663255412131,0.0015741738025099,0.0022691059857606,0.0041135256178677,0.0063755987212061,0.008729038760066,0.0110696516931057,0.0133497286587954,0.015601797029376,0.017831651493907,0.0199219323694706,0.0208659619092941,0.0200237538665533,0.0181145742535591,0.0158316008746624,0.0134739885106683,0.0111350333318114,0.0088400142267346,0.006568694487214,0.004314215388149,0.0021103033795952,0.0007457142346538,0.0011745217489078,0.0029013061430305,0.0051195840351283,0.0074675758369267,0.0098057407885789,0.0120921451598406,0.0143470391631126,0.0165819432586432,0.0187471900135279,0.0199392773211002,0.0193284656852484,0.0175225511193275,0.015259207226336,0.0129104107618332,0.0105747599154711,0.0082788541913032,0.0060003930702805,0.0037319872062653,0.0015004862798377,-6.20509672444314e-05,0.0001081420705304,0.0016779846046119,0.0038320235908031,0.0054923724383115,0.0054227886721491,0.0038947882130742,0.0017551439814269,-0.0005452790646813,-0.0028466386720538,-0.0051126768812537,-0.007357292342931,-0.0095819672569632,-0.0117926076054573,-0.0139873409643769,-0.0161794722080231,-0.0183611679822206,-0.0205440483987331,-0.0227115526795387,-0.0248604379594326,-0.0265228450298309,-0.0265381094068289,-0.0250030625611544,-0.02278439886868,-0.0203567780554295,-0.0179202891886234,-0.015516365878284,-0.0131494048982859,-0.0108078913763165,-0.0084853516891598,-0.0061744786798954,-0.0038607073947787,-0.0015684727113694,0.0007141134701669,0.0029950167518109,0.0052568167448043,0.0070350836031138,0.0071641681715846,0.0057357186451554,0.0036180347669869,0.0016289216000586,0.001116847153753,0.0022810515947639,0.0042983740568161,0.0065875966101884,0.0089113255962729,0.0111903557553887,0.013435285538435,0.0156559720635414,0.017857875674963,0.0200498849153519,0.0222391076385975,0.0240876786410809,0.0244360398501158,0.0231278985738754,0.0210063811391592,0.0186360981315374,0.0162328612059355,0.0138632897287607,0.011541279964149,0.0094301858916878,0.008668340742588,0.0096551338210701,0.0115821110084653,0.013818958774209,0.0161193832755089,0.0180997587740421,0.0186087843030691,0.0174124930053949,0.01534603536129,0.0130055584013462,0.0106190955266356,0.0082871029153466,0.0059872427955269,0.0037072333507239,0.0014315247535705,-0.0008245561039075,-0.0030755647458136,-0.0053221127018332,-0.0075617926195263,-0.0096522290259599,-0.010588800534606,-0.0097504211589694,-0.0078393705189228,-0.0055379047989845,-0.0031675086356699,-0.0008164606406353,0.001488670357503,0.0037510204128921,0.0060053109191358,0.0082442555576562,0.0104771433398128,0.0125844655558467,0.0135399457067251,0.0126982107758522,0.0107953604310751,0.0085143335163593,0.0061568454839289,0.00382557278499,0.001534667564556,-0.0006820302223786,-0.0019261975539848,-0.0013705887831747,0.0003987999807577,0.0026230602525174,0.0049548358656466,0.0072682034224271,0.0095391860231757,0.0117752598598599,0.013993582688272,0.0162159986793995,0.0184259749948978,0.0206180289387703,0.0228029005229473,0.0248885583132505,0.0259184502065182,0.0251534711569548,0.0232396125793457,0.0209179557859898,0.0184989646077156,0.0161474552005529,0.0145725840702653,0.0147841572761536,0.0163465403020382,0.0184665136039257,0.0207264721393585,0.0229350849986076,0.0242334678769112,0.0237253978848457,0.0219478234648705,0.0196763463318348,0.0172767788171768,0.0148942163214087,0.0125593673437834,0.0102568315342069,0.007974237203598,0.0056994743645191,0.0034272610209882,0.0011624672915786,-0.001089699100703,-0.0033393607009202,-0.0050183143466711,-0.0049848956987261,-0.0034757326357066,-0.0013226029695943,0.0010128348367288,0.0033549307845532,0.0056625790894031,0.0079263299703598,0.0095892585813999,0.0095451651141047,0.008031478151679,0.0058783497661352,0.0035558310337364,0.0012199293123558,-0.0010667821625247,-0.0033217167947441,-0.0055685844272375,-0.0078095626085996,-0.0100330477580428,-0.0122424373403192,-0.0140416417270899,-0.0142678134143353,-0.0128915067762136,-0.0107547668740153,-0.0083952257409691,-0.0060205198824405,-0.0036779670044779,-0.0013802027096971,0.0008962833089753,0.0031750362832099,0.0054401564411819,0.0076928944326937,0.0099301608279347,0.0121475057676435,0.0138666005805135,0.0139430500566959,0.0124944318085909,0.0103484317660332,0.0080012287944555,0.0056348834186792,0.003577169496566,0.00297856121324,0.004083034582436,0.0060748322866857,0.0083369286730885,0.0106549812480807,0.0129256239160895,0.0151590453460813,0.0173739790916443,0.019578292965889,0.021765174344182,0.0239457823336124,0.0261180400848389,0.0282804630696774,0.0301037058234215,0.0304077193140984,0.0290594194084406,0.0269017238169909,0.0245004035532475,0.0220642313361168,0.0198401547968388,0.0188780408352613,0.0196961518377066,0.0215480718761683,0.0237388163805008,0.025986073538661,0.0282050259411335,0.030382189899683,0.0325356498360634,0.0346825569868088,0.0368235297501087,0.0389510653913021,0.0409019216895103,0.0415986478328705,0.0405250713229179,0.0384482964873314,0.0360461659729481,0.0335797891020775,0.031139237806201,0.0287369452416897,0.0264545679092407,0.0252301394939423,0.0258026346564293,0.0275258608162403,0.0296698212623596,0.031887661665678,0.0340963117778301,0.0362645126879215,0.0383192710578442,0.0392902716994286,0.038464143872261,0.03651187941432,0.0341415330767632,0.0316865555942059,0.0292565003037453,0.0268670096993446,0.0245095975697041,0.0221673548221588,0.0198447033762932,0.0175280049443245,0.0152551820501685,0.0138310603797436,0.0141928596422076,0.015858992934227,0.0180113092064857,0.0202918313443661,0.0225600507110357,0.0247832871973515,0.0269376691430807,0.028211984783411,0.0277005471289158,0.0258985459804535,0.023609658703208,0.0211977399885654,0.0188036672770977,0.0164589546620846,0.0141465282067657,0.0118559189140797,0.0095708724111318,0.0072917086072266,0.0050369505770504,0.0034515669103711,0.0035941619426012,0.0051578464917838,0.0073126256465911,0.0096314204856753,0.0119551969692111,0.0142278214916587,0.016467334702611,0.0186845771968365,0.0208619944751263,0.0222607254981995,0.0219049379229546,0.0202017799019814,0.0179583169519901,0.0155785428360105,0.0132115790620446,0.0108927823603153,0.0086005255579948,0.0063199084252119,0.0040446473285555,0.0022544129751622,0.0021171560510993,0.0035407799296081,0.0056507838889956,0.0079594515264034,0.010273577645421,0.0119665693491697,0.0119349434971809,0.010428705252707,0.0082611413672566,0.0059201964177191,0.0035819092299789,0.001283983932808,-0.0009730168967507,-0.0032207935582846,-0.0054621552117168,-0.0076965186744928,-0.0099163139238953,-0.0121292304247618,-0.0143295135349035,-0.0161772761493921,-0.0165287517011166,-0.0152268130332232,-0.0131073361262679,-0.010736295953393,-0.0083239963278174,-0.0059562185779213,-0.0036212517879903,-0.0013307619374245,0.0009510094532743,0.0032225919421762,0.0054822992533445,0.0077401134185493,0.0099862245842814,0.0122250597923994,0.0144500769674778,0.0163265839219093,0.0166950561106205,0.0154311861842871,0.0133425844833255,0.0112028699368238,0.0103696873411536,0.0113080935552716,0.013219065964222,0.0154572147876024,0.0177441835403442,0.01999481767416,0.0222082957625389,0.0243984796106815,0.0265668146312237,0.0287302639335394,0.0308856964111328,0.0330353565514088,0.0351777449250221,0.0370260775089264,0.0374486148357391,0.0361792147159576,0.034042552113533,0.0316293612122536,0.0291663222014904,0.0267404839396477,0.0243572480976582,0.0220075622200966,0.0196670796722174,0.0173396952450275,0.0150287337601185,0.0127181401476264,0.0104126892983913,0.0081308837980032,0.0058513679541647,0.0035812328569591,0.0013170787133276,-0.0008246034849435,-0.0018005047459155,-0.0009860385907813,0.000901369494386,0.0031673130579292,0.0055141123011708,0.0078305630013346,0.0101055465638638,0.0122932968661189,0.0135070774704218,0.0129115451127291,0.0111135700717568,0.0088627897202968,0.0065164025872945,0.0041901748627424,0.0019025291549041,-0.0003624920500442,-0.0026139400433749,-0.0047572045587003,-0.0058282068930566,-0.0051123010925948,-0.0032650595530867,-0.0009950303938239,0.0013632676564157,0.0037054994609206,0.0060005476698279,0.0082645416259765,0.0105098998174071,0.0127164628356695,0.0141691360622644,0.0138555048033595,0.0121877817437053,0.0099748354405164,0.0076280804350972,0.0052853068336844,0.0029806643724441,0.0007092285668477,-0.0015499563887715,-0.0037974053993821,-0.0060385800898075,-0.0082715190947055,-0.0104920705780387,-0.0127038974314928,-0.0149056110531092,-0.0170654579997063,-0.0184606984257698,-0.0180975645780563,-0.0163744129240513,-0.0141156306490302,-0.0123084522783756,-0.012195561081171,-0.0135703990235925,-0.0156094077974558,-0.0172764826565981,-0.0172755066305399,-0.0157620161771774,-0.0135788545012474,-0.011197229847312,-0.008801931515336,-0.0064458665437996,-0.0041302628815174,-0.0018459992716088,0.000429901847383,0.0026932465843856,0.0049532945267856,0.0071972985751926,0.0094371829181909,0.0116688963025808,0.0138897933065891,0.0156903676688671,0.015928078442812,0.0145596209913492,0.0124293435364962,0.0100757563486695,0.0077056596055626,0.005865279585123,0.0056828912347555,0.0070463279262185,0.0091183912009,0.0114049315452576,0.0136892218142748,0.0159357152879238,0.0181498825550079,0.0203412920236588,0.022523295134306,0.0246969629079103,0.0268626324832439,0.0290176775306463,0.0311692338436842,0.0330385863780975,0.0334730744361877,0.0322209112346172,0.0300985928624868,0.0276836864650249,0.0252346023917198,0.022828608751297,0.0204662587493658,0.0181210730224848,0.0158006679266691,0.0134877022355795,0.011183513328433,0.0091508794575929,0.0085406862199306,0.0096335122361779,0.0116135273128748,0.0138730239123106,0.0161747075617313,0.0184341929852962,0.0206557437777519,0.0226707980036736,0.023439459502697,0.0224513541907072,0.0204497873783112,0.0181239396333694,0.0157255884259939,0.0133704924955964,0.0110436137765646,0.0087508652359247,0.0064700157381594,0.0041931732557714,0.0019309477647766,-0.0001675128442002,-0.0010055423481389,-8.38569540064782e-05,0.0018483215244486,0.0041236095130443,0.006465854588896,0.0087734851986169,0.0110513493418694,0.0131975850090384,0.0142619777470827,0.0135366637259722,0.01168192923069,0.0094144232571125,0.0070667713880538,0.0048432974144816,0.0038193776272237,0.0046151089482009,0.0064872652292251,0.0087322192266583,0.0110529204830527,0.0133346011862159,0.0155772296711802,0.0177996661514044,0.0199994891881943,0.0221888162195683,0.0243749357759953,0.0265591442584991,0.0287325251847506,0.0308516547083855,0.0321224741637707,0.0315875746309757,0.0297693274915218,0.0274616703391075,0.0250402837991714,0.022628877311945,0.0202604737132788,0.0179217047989368,0.0156102385371923,0.0132980467751622,0.0109948804602027,0.0086987996473908,0.0064169620163738,0.0041364347562193,0.0018764776177704,-0.0003313093911856,-0.0016945424722507,-0.0012573706917464,0.0004642340645659,0.0026587732136249,0.0043104626238346,0.0042148581705987,0.0026858805213123,0.0005664339405484,-0.0010841207113117,-0.0010030884295702,0.0005350100109353,0.002696908544749,0.0050300797447562,0.0073707029223442,0.0096681471914053,0.0119310971349478,0.0141709260642529,0.0163930896669626,0.0186100732535124,0.020819678902626,0.0230194441974163,0.0252098254859447,0.0273942649364471,0.0295681301504374,0.0312453918159008,0.0312640592455864,0.0297431889921427,0.0275386199355125,0.0256075970828533,0.0252863466739655,0.0265374518930912,0.0285311434417963,0.0307451039552689,0.0329711884260178,0.0351582728326321,0.0373163893818855,0.0394593551754951,0.0415911450982094,0.0437115617096424,0.0458257868885994,0.0479349866509438,0.050025749951601,0.0521174035966396,0.054202564060688,0.0559254102408886,0.0561404004693031,0.0547171980142593,0.0524811372160912,0.0499893724918365,0.0474683530628681,0.0449938140809536,0.042549267411232,0.0401513203978539,0.0377606600522995,0.0353754423558712,0.0329968854784966,0.0306415874511003,0.0282873399555683,0.0259399842470884,0.0236008204519749,0.0216123573482037,0.0211276561021805,0.0222812034189701,0.0242648161947727,0.0262826047837734,0.0269815288484097,0.0259198993444443,0.0238967947661877,0.0217757299542427,0.0209170430898666,0.0218111798167229,0.0236861482262611,0.0258980579674244,0.0281763784587383,0.0304118413478136,0.0326163396239281,0.0347898863255978,0.036944754421711,0.0390966087579727,0.041245099157095,0.0433924496173859,0.0455195978283882,0.047643069177866,0.0497578084468842,0.0517270714044571,0.0525296926498413,0.0515577979385853,0.0495111085474491,0.0470842197537422,0.0445805266499519,0.0421133041381836,0.039693895727396,0.0372937805950642,0.0349094644188881,0.0327075980603695,0.0317460522055626,0.0325568839907646,0.0343850962817669,0.0365553386509418,0.0387851893901825,0.0409733913838863,0.0431427210569382,0.0452850386500359,0.0474051870405674,0.0494627095758915,0.0505356937646866,0.0498041287064552,0.0478667318820953,0.0454923585057259,0.0430135428905487,0.0405557826161385,0.0381353832781315,0.0358152166008949,0.0344591028988361,0.0349051393568516,0.0365595519542694,0.0386697947978973,0.0408756583929062,0.0430676341056824,0.0452258251607418,0.0473511181771755,0.0494711957871914,0.0515766441822052,0.053692027926445,0.0557599067687988,0.0570444911718369,0.0565558262169361,0.0547266528010368,0.0523777790367603,0.0498815141618252,0.0473946370184422,0.0449475422501564,0.0425293073058128,0.0401365756988525,0.0377520695328712,0.0353879891335964,0.0330506823956966,0.0314740799367428,0.0316768735647202,0.0332109518349171,0.0352960154414177,0.0375193804502487,0.0397395975887775,0.0419182032346725,0.0440651848912239,0.0455972775816917,0.0454240962862968,0.0437955558300018,0.0415305495262146,0.0390831865370274,0.0366421565413475,0.0348991006612778,0.0349309705197811,0.0364004783332348,0.0384615808725357,0.0406762734055519,0.0428904592990875,0.0450583584606647,0.0472049936652184,0.0493329763412476,0.0514474846422672,0.0535646937787533,0.0556622222065926,0.0577564723789692,0.0598400086164474,0.061489712446928,0.0615587793290615,0.0600358918309212,0.0577531568706036,0.0552502274513245,0.0527211800217628,0.0502421669661999,0.0478028729557991,0.0453893765807152,0.0429814979434013,0.0405881255865097,0.0382069647312164,0.0358245670795441,0.0334548726677895,0.0315918289124966,0.031381793320179,0.0326910316944122,0.034703716635704,0.0369191877543926,0.0391476601362228,0.0410686358809471,0.0415144339203835,0.0402696058154106,0.038146547973156,0.0357494056224823,0.033313162624836,0.0309198312461376,0.0285660475492477,0.0262287445366383,0.0239097960293293,0.0216062739491463,0.0193048007786274,0.0172931551933289,0.0166997946798801,0.017793957144022,0.0197781231254339,0.0220365393906832,0.0243342891335487,0.0265933312475681,0.028809629380703,0.0308288931846619,0.0315990671515465,0.0305949058383703,0.0285907071083784,0.0262586157768965,0.0238686315715313,0.0215024650096893,0.0191795025020838,0.0168757699429989,0.0145872440189123,0.0123142199590802,0.0100491531193256,0.0079551665112376,0.0071177016943693,0.0080381967127323,0.0099624190479517,0.0122254453599453,0.0145545769482851,0.0168619658797979,0.0191255155950785,0.0212543830275536,0.0223156586289406,0.021582618355751,0.01972128264606,0.0174486394971609,0.0150868492200971,0.0127393789589405,0.0104395393282175,0.0082538537681102,0.0071447659283876,0.0078325904905796,0.009656211361289,0.0118855992332101,0.0142120430245996,0.0165193509310484,0.0187829360365868,0.021020358428359,0.0232340041548014,0.0254427716135979,0.0276450924575329,0.0297845657914877,0.0310660973191261,0.030542328953743,0.028747146949172,0.0264575034379959,0.0240439623594284,0.0216486062854528,0.0193106178194284,0.0170046947896481,0.0147200440987945,0.0124977212399244,0.0112380627542734,0.0117840738967061,0.0135290566831827,0.0157231912016869,0.0180195383727551,0.0203115474432707,0.0225546769797802,0.0247695110738277,0.0269676633179188,0.0291351936757565,0.0306226648390293,0.030381103977561,0.0287284441292286,0.0264766179025173,0.0240769609808922,0.0216802638024092,0.0193290673196316,0.017009474337101,0.01471196860075,0.0124260308220983,0.0101426616311073,0.0078690666705369,0.0056072142906487,0.0033475600648671,0.0010998575016856,-0.0011290677357465,-0.0026758071035146,-0.0024881949648261,-0.0008827827405184,0.0013137244386598,0.0031791813671588,0.0033801081590354,0.0020240293815732,-5.86554742767476e-05,-0.0023430807050317,-0.0046410323120653,-0.0068994546309113,-0.0091324038803577,-0.011342654004693,-0.0135381678119302,-0.0151279494166374,-0.015010841190815,-0.0134305395185947,-0.0112176481634378,-0.0088256057351827,-0.0064284582622349,-0.0040691806934773,-0.0017537651583552,0.0005410567391663,0.002830205950886,0.004763794131577,0.0051934197545051,0.0039830934256315,0.001948005403392,-0.0003345184377394,-0.002654445823282,-0.0049360897392034,-0.0071787391789257,-0.0093951895833015,-0.0116067677736282,-0.0138115845620632,-0.0160035155713558,-0.0181910917162895,-0.0203703157603741,-0.0225336849689484,-0.0246949288994074,-0.0264966171234846,-0.0267854668200016,-0.0254361480474472,-0.0232834275811911,-0.0210892092436552
-0.0233833771198988,-0.020752752199769,-0.0181322991847992,-0.0155258690938354,-0.0129345515742898,-0.0103626251220703,-0.007795219309628,-0.0052370796911418,-0.0026891506277024,-0.0001686024916125,0.0016575691988691,0.0015544375637546,-0.0001650437770877,-0.0025713567156344,-0.0046858470886945,-0.0050375573337078,-0.0035756230354309,-0.0012629349948838,0.0008062511915341,0.0011042312253266,-0.0003744071000255,-0.0026996319647878,-0.0052920952439308,-0.0078983381390571,-0.0104670943692327,-0.0129948686808348,-0.0154967717826366,-0.0179737396538258,-0.0204401314258575,-0.0228947103023529,-0.0253480914980173,-0.0277811903506517,-0.0302038751542568,-0.0326135978102684,-0.0346928238868713,-0.0351415686309338,-0.0337189137935638,-0.0313467979431152,-0.0290136523544788,-0.0282574631273746,-0.0294022038578987,-0.0315336287021637,-0.0339750945568085,-0.0364743135869503,-0.0389272198081017,-0.0413272008299828,-0.0436976924538612,-0.0460526794195175,-0.0484037362039089,-0.0507485270500183,-0.0530843734741211,-0.0554051771759987,-0.0577205792069435,-0.060026865452528,-0.0621289908885956,-0.0628029033541679,-0.0615027397871017,-0.0591125413775444,-0.0563567019999027,-0.0535174533724785,-0.0507194325327873,-0.0479710586369038,-0.0452540554106236,-0.0425560139119625,-0.0398582853376865,-0.0371805503964424,-0.0345100164413452,-0.0318543389439583,-0.0292139053344727,-0.0265802852809429,-0.0241733826696873,-0.0232040472328663,-0.0242283176630735,-0.0263315755873919,-0.0286793634295464,-0.0298763588070869,-0.0290539283305407,-0.0269525237381458,-0.0244925953447819,-0.0231531914323568,-0.0238537602126598,-0.0258233118802309,-0.0282517820596695,-0.0307897757738829,-0.033293642103672,-0.0357543081045151,-0.0381794422864914,-0.0405838713049889,-0.0429763719439507,-0.0453531667590141,-0.0477299652993679,-0.0500937849283218,-0.0524520315229893,-0.0547968111932278,-0.0570781603455544,-0.0583653450012207,-0.0576218627393246,-0.0554950051009655,-0.0528255328536034,-0.0500289425253868,-0.0472510606050491,-0.0445170402526855,-0.0418226048350334,-0.0391475856304169,-0.0365628711879253,-0.0351229123771191,-0.0356922000646591,-0.0375668928027153,-0.0399311706423759,-0.0424127764999866,-0.0448795147240162,-0.0472862832248211,-0.0496704317629337,-0.0520261228084564,-0.0543425492942333,-0.0558736957609653,-0.0554672069847584,-0.0535181313753128,-0.05091492831707,-0.0481303706765175,-0.0453615002334118,-0.0426354110240936,-0.0399737060070038,-0.0381428264081478,-0.0382581911981106,-0.039915069937706,-0.0422074384987354,-0.0446768775582314,-0.0471341088414192,-0.0495421066880226,-0.0519272685050964,-0.0542804673314095,-0.0566292777657509,-0.0589703358709812,-0.0612972378730774,-0.0630506500601768,-0.0629052892327309,-0.0610836111009121,-0.0585199072957039,-0.0557173192501068,-0.0529157146811485,-0.0501562543213367,-0.0474424920976162,-0.0447426177561283,-0.0420660264790058,-0.0393959395587444,-0.0367433279752731,-0.0346840247511864,-0.0344878248870373,-0.0359857119619846,-0.0382438004016876,-0.0407140925526619,-0.0431967191398144,-0.0456339344382286,-0.048032283782959,-0.0500012114644051,-0.050250917673111,-0.048688318580389,-0.0462461449205875,-0.0435210540890694,-0.0407695360481739,-0.0385789386928082,-0.0382154956459999,-0.0396202504634857,-0.0418353080749512,-0.0442995093762875,-0.0467822290956974,-0.0492088124155998,-0.051591545343399,-0.0539558604359627,-0.0563052147626877,-0.0586482584476471,-0.060980286449194,-0.0633079186081886,-0.0656289532780647,-0.0676840469241142,-0.0681807175278664,-0.0667607858777046,-0.0643288642168045,-0.0615575611591339,-0.0587313510477543,-0.0559342242777348,-0.0531925857067108,-0.0504851341247559,-0.0477890931069851,-0.0451030097901821,-0.0424331612884998,-0.0397674776613712,-0.037107065320015,-0.0348018258810043,-0.0341167896986008,-0.0353379398584366,-0.037505604326725,-0.0399598591029644,-0.0424606278538704,-0.0447477623820305,-0.0456809476017952,-0.0446195639669895,-0.0423817001283169,-0.0397242158651352,-0.0369891002774239,-0.0342823639512062,-0.0316239930689335,-0.0289993435144424,-0.0263963975012302,-0.0238015372306108,-0.0212135501205921,-0.0188013147562742,-0.0177367199212313,-0.0186556242406368,-0.0207364521920681,-0.023223303258419,-0.0257915314286947,-0.0283279307186604,-0.030827047303319,-0.0331994518637657,-0.034438282251358,-0.0336664691567421,-0.0315861329436302,-0.0290021859109402,-0.0263089742511511,-0.0236397199332714,-0.0210309494286776,-0.0184424184262753,-0.0158791802823544,-0.013315400108695,-0.0107621643692255,-0.0083144279196858,-0.0069916052743792,-0.0076814158819615,-0.0096854101866483,-0.0121822003275156,-0.0147876301780343,-0.0173779502511024,-0.0199151746928692,-0.0223694406449795,-0.0239270925521851,-0.0235030818730593,-0.0215966962277889,-0.0191009938716888,-0.016449311748147,-0.0138049907982349,-0.011207964271307,-0.0086921900510788,-0.0070960316807031,-0.0074994303286075,-0.0093764625489711,-0.0118277352303267,-0.0144229419529438,-0.0170069709420204,-0.0195510238409042,-0.0220429860055447,-0.0245202723890543,-0.0269816629588604,-0.0294355880469084,-0.031870149075985,-0.0336157530546188,-0.0334450304508209,-0.0316573083400726,-0.029167003929615,-0.026470210403204,-0.0237748324871063,-0.0211319662630558,-0.0185236465185881,-0.0159309394657612,-0.0133833568543196,-0.0116591490805149,-0.0118973758071661,-0.0136519465595484,-0.0160533674061298,-0.0186273101717234,-0.0211963560432196,-0.0237160380929708,-0.0261962227523327,-0.0286570284515619,-0.0311005637049675,-0.0330457575619221,-0.0331966914236546,-0.0315720923244953,-0.0291320011019707,-0.0264514423906803,-0.0237505212426186,-0.0210891030728817,-0.0184740610420704,-0.0158951170742512,-0.0133215812966228,-0.010748902335763,-0.0081866728141903,-0.0056426338851451,-0.0031117890030145,-0.0005933822831138,0.001920171896927,0.0039151478558778,0.0041125598363578,0.0025488683022558,0.0001702881709206,-0.0021123383194208,-0.0027910168282687,-0.0015582218766212,0.0006452259258367,0.0031731359194964,0.005750086158514,0.0082939881831407,0.0107965413480997,0.0132538303732872,0.0157080292701721,0.0177270267158747,0.0180168207734823,0.0164974238723516,0.0141115700826049,0.0114549333229661,0.0087592992931604,0.0061139371246099,0.0035211094655096,0.0009570522233843,-0.0016045032534748,-0.0039383796975016,-0.0048425598070025,-0.0037663956172764,-0.0016049370169639,0.0009196882601827,0.00351446820423,0.0060879373922944,0.0086112106218934,0.0111031513661146,0.0135730355978012,0.0160380825400352,0.0184914655983448,0.0209404081106186,0.0233744904398918,0.0257983710616827,0.0282160900533199,0.0304154083132744,0.0311706010252237,0.0299407243728638,0.0276481807231903,0.0251078754663467,0.0237126983702183,0.0243473574519157,0.0262610949575901,0.0286475345492363,0.031147787347436,0.0336200334131718,0.0360464788973331,0.0384352952241898,0.0408061183989048,0.0431653186678886,0.0455140173435211,0.0477471202611923,0.0487578101456165,0.0477233976125717,0.0454709902405739,0.0427783578634262,0.0399858504533768,0.0372171029448509,0.0345021188259125,0.0318859294056892,0.0302764773368835,0.0307028740644455,0.0325186923146248,0.0348714776337147,0.037353478372097,0.0398209355771542,0.042235441505909,0.0446267016232014,0.0469938814640045,0.0493477806448936,0.0517002940177917,0.0540451779961586,0.0563824661076069,0.0587089285254478,0.0610198713839054,0.0632577836513519,0.0644886046648026,0.0636866837739944,0.0615110397338867,0.058831974864006,0.056811947375536,0.0567536056041718,0.0582807995378971,0.0604872778058052,0.0628791674971581,0.0652660578489304,0.0676115155220032,0.0698882192373276,0.0713471919298172,0.0708424523472786,0.0688016712665558,0.0661411136388779,0.063301146030426,0.0604756064713001,0.0576887615025043,0.0549328960478306,0.0522094368934631,0.0495038777589798,0.0468012727797031,0.0441138334572315,0.0420226268470287,0.0418113358318806,0.0432884320616722,0.0455233976244926,0.0479765869677067,0.0504466965794563,0.0528666153550148,0.055249210447073,0.0576140992343426,0.0599586442112923,0.0622921735048294,0.0646088048815727,0.0663221627473831,0.0661813169717789,0.0643519386649132,0.0617793425917625,0.0589801222085953,0.0561658069491386,0.0534050315618515,0.0506977885961533,0.0484128296375275,0.0478532016277313,0.0491070002317429,0.0512544363737106,0.053677074611187,0.0561305098235607,0.0580201782286167,0.058075487613678,0.0563739761710167,0.0538703054189682,0.0511194616556168,0.0483411885797977,0.0456166006624699,0.0429341793060303,0.0402715913951397,0.0376219376921654,0.0349768847227097,0.0323510803282261,0.0297365672886372,0.0271349083632231,0.0248065069317818,0.0240200739353895,0.0251585971564054,0.027310386300087,0.0298174172639847,0.0323704406619072,0.034541342407465,0.0350321531295776,0.033617228269577,0.031267661601305,0.0286194011569023,0.0259383395314217,0.0233016610145569,0.020708829164505,0.0181393027305603,0.0155975800007582,0.0130613883957267,0.0105332164093852,0.0080084847286343,0.0054861311800777,0.0031470521353185,0.0021348127629607,0.0031136223115027,0.005253592506051,0.0078104045242071,0.0104609848931432,0.0130687300115824,0.015634723007679,0.0181763209402561,0.0206825789064169,0.0229616165161133,0.0237894468009472,0.0226339474320412,0.0204188302159309,0.0178278144448996,0.015170319005847,0.0125584788620472,0.0099917976185679,0.0074558882042765,0.0049320482648909,0.0025099217891693,0.0011970333289355,0.0019148492719978,0.0039303274825215,0.0064442716538906,0.00908088311553,0.0116883395239711,0.0142469750717282,0.0167832653969526,0.0192877035588026,0.0216483604162931,0.0227633900940418,0.0218807514756918,0.0197645034641027,0.0172060281038284,0.0145516851916909,0.0119167445227504,0.009328712709248,0.0067840022966265,0.0042636846192181,0.0017905526328831,0.0001995956990867,0.0006023156456649,0.0024840210098773,0.0049171363934874,0.0065858210436999,0.0062714805826544,0.0044594672508537,0.002040283055976,-0.0005432802718132,-0.003114391118288,-0.0056394911371171,-0.008124747313559,-0.0105985347181559,-0.0130476532503963,-0.0154851619154215,-0.017915029078722,-0.0203340165317059,-0.0227573905140162,-0.0251718126237392,-0.0275508165359497,-0.0292378552258015,-0.0290104001760483,-0.027173126116395,-0.0246378872543573,-0.0218991357833147,-0.0191698484122753,-0.0164945255964994,-0.0138599667698145,-0.0112427249550819,-0.0086428616195917,-0.0060564610175788,-0.0034730192273855,-0.0009044475154951,0.001654420280829,0.0042103892192244,0.0067354952916503,0.0085461530834436,0.0084344735369086,0.00671495962888,0.0043129194527864,0.0021944846957922,0.0018596792360767,0.003337682923302,0.0056471964344382,0.0082306982949376,0.0108289588242769,0.0133755877614021,0.0158852767199278,0.0183569621294737,0.0208171177655458,0.0232756435871124,0.0257223788648844,0.0276460535824299,0.0277688130736351,0.0261437855660915,0.0237048603594303,0.0210313852876425,0.0183369796723127,0.0156817082315683,0.0130790621042252,0.0108387731015682,0.0102365566417575,0.011506412178278,0.0137179996818304,0.016244376078248,0.0188072342425585,0.020925872027874,0.0212537944316864,0.0197605937719345,0.0173897091299295,0.0147508215159178,0.0120784481987357,0.0094587337225675,0.0068758176639676,0.0043299980461597,0.0017975501250475,-0.0007218020036816,-0.0032309386879205,-0.0057352748699486,-0.0082322275266051,-0.0105070015415549,-0.0113584659993649,-0.0102144880220294,-0.0079879369586706,-0.0053902668878436,-0.0027305600233376,-0.0001086007105186,0.0024665324017405,0.0050174919888377,0.0075635914690792,0.0100871352478862,0.0126060759648681,0.0148805100470781,0.0157085508108139,0.0145802730694413,0.0123769547790289,0.0098057268187403,0.0071534756571054,0.0045464416034519,0.001988735049963,-0.0004114007460884,-0.0015797642990946,-0.0007520440267398,0.0013169453013688,0.003834631992504,0.0064557488076388,0.0090580871328711,0.0115962289273739,0.0140957459807396,0.0165883004665375,0.0190665386617184,0.0215310994535685,0.0239916406571865,0.0264316592365503,0.0287052299827337,0.0296150781214237,0.0285303965210915,0.0263110958039761,0.0236803404986858,0.0209631305187941,0.0183354634791613,0.0167562495917082,0.0172382518649101,0.0191135909408331,0.0215275883674622,0.0240606088191271,0.0264840163290501,0.0277332440018654,0.026953773573041,0.0248496104031801,0.0222599543631077,0.019566485658288,0.0168903693556786,0.0142629072070122,0.0116735035553575,0.0091062933206558,0.0065574720501899,0.0040082768537104,0.0014772163704037,-0.0010419100290164,-0.0035240738652646,-0.005217645317316,-0.0049656522460281,-0.0031555618625134,-0.0007001284975558,0.0019322530133649,0.004565801937133,0.0071481931954622,0.0096549596637487,0.0113382684066892,0.0110673056915402,0.0092642419040203,0.0068222726695239,0.0042121317237615,0.0015952882822603,-0.000966619583778,-0.0034901008475571,-0.0059896572493016,-0.0084763690829277,-0.0109526375308633,-0.0134149473160505,-0.0152951190248132,-0.0152852945029736,-0.0135960597544909,-0.0111635029315948,-0.0084992069751024,-0.0058202622458338,-0.0031963663641363,-0.0006163600482977,0.0019468505633994,0.0044956295751035,0.0070264749228954,0.0095465388149023,0.0120523013174534,0.0145354392006993,0.0163218695670366,0.0161816161125898,0.0144107080996037,0.0119677744805813,0.0093360757455229,0.0066920947283506,0.0045103966258466,0.0040731434710323,0.0054658586159348,0.0077393972314894,0.010303134098649,0.012891661375761,0.0154356295242906,0.0179344676434994,0.0204029157757759,0.0228585675358772,0.0253039076924324,0.0277380086481571,0.030171712860465,0.0325857140123844,0.0344715118408203,0.0345504209399223,0.032891683280468,0.0304316580295563,0.027721930295229,0.0249959100037813,0.0225795861333609,0.0217427834868431,0.0228537246584892,0.0249787233769894,0.0274210534989834,0.029935460537672,0.0324138402938843,0.0348384641110897,0.0372344404459,0.0396218448877335,0.0420073270797729,0.0443785563111305,0.0464658737182617,0.0470010042190552,0.0456263795495033,0.0432378128170967,0.0405115596950054,0.0377358794212341,0.0350021235644817,0.0323212146759033,0.0298408716917038,0.0286972150206566,0.0295428521931171,0.0315568335354328,0.0339727811515331,0.0364699177443981,0.0389405600726604,0.0413681231439114,0.0435898676514626,0.0444593392312527,0.0433388613164425,0.0410652533173561,0.038381040096283,0.0356204584240913,0.0328916721045971,0.0302124563604593,0.0275695119053125,0.0249382592737675,0.0223139952868223,0.0197050105780363,0.0172000862658024,0.0158259328454733,0.0164614077657461,0.0184129793196917,0.0208532158285379,0.0234152041375637,0.0259564835578203,0.0284438766539097,0.0308030396699905,0.0320094786584377,0.0312027335166931,0.0290965009480715,0.0265106074512005,0.023813284933567,0.0211304537951946,0.0185029394924641,0.0159112382680178,0.0133383981883526,0.0107826869934797,0.0082362508401274,0.0057325675152242,0.0041303792968392,0.0045142429880797,0.0063844332471489,0.0088342605158686,0.0114435702562332,0.0140482764691114,0.0165964029729366,0.0190990604460239,0.0215801000595093,0.0239916834980249,0.0253764484077692,0.0247282944619656,0.0227203853428364,0.0201749876141548,0.0174983721226454,0.0148408059030771,0.012242779135704,0.0096725393086671,0.0071198246441781,0.0045921951532363,0.0027826228179037,0.0028812231030315,0.0045844297856092,0.0069834562018513,0.0095876501873135,0.0121725797653198,0.0139006841927767,0.013611146248877,0.0117795635014772,0.0093244425952434,0.0067058354616165,0.0040979669429361,0.0015359353274107,-0.0009808435570448,-0.0034786220639944,-0.005966292694211,-0.0084427092224359,-0.0109073538333178,-0.0133748445659876,-0.0158345066010952,-0.0177932884544134,-0.017951313406229,-0.0163418501615524,-0.0139244943857193,-0.0112549243494868,-0.0085637830197811,-0.005924985744059,-0.0033350058365613,-0.0007655339431948,0.0017956637311726,0.004348752554506,0.0068897372111678,0.0094181802123785,0.0119438450783491,0.014457680284977,0.0169537216424942,0.0189322344958782,0.01910918392241,0.0175136178731918,0.0151225114241242,0.0128292571753263,0.0121393147855997,0.0133517319336534,0.0155409770086408,0.0180553644895554,0.0206149145960808,0.0231408588588238,0.0256137400865555,0.0280581377446651,0.0304823126643896,0.0329064466059208,0.0353139042854309,0.0377104580402374,0.040100485086441,0.042055569589138,0.0422532968223095,0.0406501851975918,0.0382002890110016,0.035469226539135,0.0327120125293732,0.0300016421824694,0.0273344852030277,0.02470338717103,0.0220829453319311,0.019466707482934,0.01686423830688,0.0142720369622111,0.0116951605305076,0.0091317733749747,0.0065736868418753,0.0040405956096947,0.0015062590828165,-0.0007998788496479,-0.0016590186860412,-0.0005701457266695,0.0016093767480924,0.004171778447926,0.0068029342219233,0.0093925772234797,0.0119334477931261,0.0143187027424574,0.0154366511851549,0.0145645067095757,0.0124640008434653,0.0099247358739376,0.0072860131040215,0.0046702236868441,0.0021102288737893,-0.0004209803300909,-0.0029349529650062,-0.0052689765579998,-0.0062665799632668,-0.0052753849886357,-0.0031239436939358,-0.0005663786432705,0.0020832773298025,0.0046977186575532,0.0072605907917022,0.0097990445792675,0.0123104890808463,0.0147504936903715,0.0161668173968792,0.0155546683818102,0.0135738262906671,0.0110656302422285,0.0084249358624219,0.0057939426042139,0.003211231669411,0.000674876908306,-0.0018452953081578,-0.0043552611023187,-0.0068565588444471,-0.0093425195664167,-0.0118175251409411,-0.01429065130651,-0.0167438238859177,-0.0191407445818186,-0.0205207485705614,-0.0198670253157616,-0.0178409013897181,-0.0153186405077577,-0.0134585052728653,-0.0135638397186995,-0.0152475237846375,-0.0175718404352665,-0.0193052515387535,-0.0190641283988953,-0.0172323789447546,-0.0147400703281164,-0.0120540782809258,-0.0093732960522174,-0.0067495838738977,-0.0041582700796425,-0.0015915813855826,0.0009695636108517,0.0035176381934434,0.0060437726788222,0.0085693001747131,0.0110749490559101,0.0135840950533748,0.016067486256361,0.0179467499256134,0.0179465990513563,0.016256844624877,0.013832101598382,0.0111900493502617,0.0085436860099434,0.0066256308928132,0.0066573796793818,0.008332846686244,0.0107004549354315,0.0132618760690093,0.0158205106854439,0.0183351822197437,0.0208053085952997,0.0232565347105265,0.025695389136672,0.0281300060451031,0.030557956546545,0.0329760313034058,0.035382017493248,0.0373456180095673,0.0375903025269508,0.0360295325517654,0.0336025282740593,0.0308912433683872,0.0281581543385983,0.0254596564918756,0.0228036250919104,0.0201751310378313,0.0175734702497721,0.0149798896163702,0.0123947421088815,0.0102263558655977,0.0097960568964481,0.0111796772107482,0.013431990519166,0.0159656330943108,0.0185387842357159,0.0210684984922409,0.0235553495585918,0.0257286801934242,0.0263313688337803,0.0250231791287661,0.0227217152714729,0.0200888905674219,0.0174013394862413,0.0147560779005289,0.0121565219014883,0.0095850769430398,0.00703562842682,0.0044907690025866,0.0019574584439396,-0.0002913666830863,-0.00100207189098,0.0002113913797074,0.0024406544398516,0.0050064022652804,0.0076288199052214,0.0102197881788015,0.0127569083124399,0.0150930508971214,0.0160821005702019,0.0150813069194555,0.0129193523898721,0.0103543708100915,0.007723297458142,0.0053305607289075,0.0044043585658073,0.0054634818807244,0.0076205590739846,0.0101568987593055,0.0127546805888414,0.0153187066316605,0.0178401097655296,0.0203179009258747,0.0227827727794647,0.0252414532005787,0.0276985429227352,0.0301449317485094,0.0325799807906151,0.0349057912826538,0.0360953696072102,0.0352705828845501,0.0331489704549313,0.0305316299200058,0.0278018489480019,0.0250945705920458,0.0224370043724775,0.0198300890624523,0.0172306839376688,0.0146423727273941,0.0120604438707232,0.0094835627824068,0.0069255409762263,0.0043749744072556,0.0018438270781189,-0.0005874438211321,-0.0018946684431284,-0.0011885522399097,0.0008305859519168,0.0032951389439404,0.0049596629105508,0.0046161459758877,0.002775345928967,0.0003787443274632,-0.0012673976598307,-0.000926021777559,0.0009110639803111,0.0033613215200603,0.0059799551963806,0.0085924137383699,0.0111504821106791,0.0136798899620771,0.0161876529455185,0.0186808370053768,0.0211582779884338,0.0236194357275963,0.0260783210396767,0.0285159926861525,0.0309527032077312,0.0333558805286884,0.035051453858614,0.0348285883665085,0.0330056063830853,0.030500303953886,0.0284743681550026,0.0283589698374271,0.0299171507358551,0.0321968086063862,0.0346790291368961,0.037163034081459,0.0396093800663948,0.0420019924640656,0.0443813689053059,0.0467452891170979,0.049103170633316,0.0514552406966686,0.0538001358509064,0.0561282522976398,0.0584541410207748,0.0607696324586868,0.0625728219747543,0.0625705793499947,0.0608040392398834,0.0582347773015499,0.055426687002182,0.0526020154356956,0.0498237907886505,0.0470808893442154,0.0443764664232731,0.0416852757334709,0.039001002907753,0.036336325109005,0.0336798988282681,0.0310306493192911,0.028404152020812,0.025785144418478,0.0236771740019321,0.0233661122620106,0.0248300675302744,0.0270938687026501,0.0292534790933132,0.0297978557646275,0.028442244976759,0.0261314436793327,0.0238289814442396,0.0230999682098627,0.0242989491671324,0.0264604724943638,0.0289536826312542,0.0314983054995537,0.0339997783303261,0.0364646688103676,0.0388897769153118,0.0412923134863377,0.043698500841856,0.0460911206901073,0.0484665632247925,0.0508398748934269,0.0532073527574539,0.0555619485676289,0.0576933696866035,0.0583729222416878,0.0570689477026463,0.0547037422657013,0.0519678443670273,0.0491654053330421,0.0463927537202835,0.0436803810298443,0.0409967117011547,0.0383362174034119,0.0359537452459335,0.0351392477750778,0.0362348407506943,0.0383385494351387,0.0407744832336903,0.0432673543691635,0.0457143858075142,0.0481190532445908,0.0504997968673706,0.0528600662946701,0.0550838932394981,0.0560703575611115,0.0550506487488747,0.0528099350631237,0.0501234568655491,0.0473332926630974,0.0445760414004326,0.0418657623231411,0.0393152125179768,0.0380269959568977,0.038730800151825,0.0406659431755543,0.0430467911064625,0.0455246344208717,0.0479895621538162,0.0504009127616882,0.052778847515583,0.0551367066800594,0.0574827417731285,0.0598241575062275,0.062094010412693,0.0633326023817062,0.0625545829534531,0.0604044198989868,0.0577290877699852,0.054919358342886,0.0521253570914268,0.0493799857795238,0.046673908829689,0.0439848750829697,0.0413141809403896,0.0386525206267834,0.0360649675130844,0.0344981662929058,0.0349406450986862,0.0367760770022869,0.0391396284103394,0.0416399054229259,0.0441156104207039,0.0465540364384651,0.0489235520362854,0.0504652559757233,0.0500455982983112,0.0481041967868805,0.0455259010195732,0.0427818149328232,0.0400783605873585,0.0383246764540672,0.0385951325297356,0.040329348295927,0.0426636263728142,0.0451426766812801,0.0476121641695499,0.0500315278768539,0.0524188056588173,0.0547806657850742,0.0571315139532089,0.0594765022397041,0.0618135258555412,0.0641459599137306,0.0664620473980904,0.0681643187999725,0.0679794400930405,0.0661277323961258,0.0635373145341873,0.060728907585144,0.0579136088490486,0.0551391206681728,0.0524040423333645,0.0497043952345848,0.0470116473734379,0.0443389378488064,0.0416800044476986,0.0390253141522408,0.0363950543105602,0.0344524085521698,0.0344405546784401,0.0360586047172546,0.0383613556623459,0.0408568009734154,0.0433645062148571,0.0453883111476898,0.0456523075699806,0.0440916828811169,0.0416653081774712,0.0389544032514095,0.0362198315560818,0.0335286781191826,0.0308855287730694,0.0282741859555244,0.0256771929562092,0.0230870191007853,0.0205042231827974,0.0183576103299856,0.0179398581385612,0.0193354785442352,0.0215982459485531,0.0241404622793198,0.026713278144598,0.0292439125478268,0.0317314453423023,0.0338968709111214,0.0344927683472633,0.0331825166940689,0.0308750458061695,0.0282441712915897,0.0255558677017689,0.0229054968804121,0.0203036423772573,0.01773452013731,0.0151756424456835,0.0126247815787792,0.0100906519219279,0.0078358640894293,0.007124294526875,0.0083274971693754,0.0105471294373274,0.0131124779582024,0.0157229751348495,0.018296742811799,0.0208215452730656,0.0231394320726395,0.0240961685776711,0.0230774916708469,0.0209041405469179,0.0183270107954741,0.0156727619469166,0.013048505410552,0.0104751791805029,0.0080974632874131,0.0070767430588603,0.0080393981188535,0.0101604526862502,0.0126840518787503,0.0152893178164959,0.0178603008389473,0.0203786324709654,0.0228729732334614,0.0253528635948896,0.0278119593858719,0.0302686616778374,0.032613642513752,0.0338082760572433,0.0330039374530315,0.0309120044112206,0.0283311940729618,0.0256348885595798,0.0229609217494726,0.0203354563564062,0.0177445933222771,0.0151757467538118,0.0127498125657439,0.0115599585697055,0.0123704019933939,0.0144086042419076,0.0168951358646154,0.0194851998239756,0.0220400542020798,0.0245390459895134,0.0270192995667458,0.0294846314936876,0.031885027885437,0.0333700329065323,0.0328653454780579,0.0308826472610235,0.0283255558460951,0.0256249383091927,0.0229431204497814,0.0203061103820801,0.0177034083753824,0.0151241589337587,0.0125617105513811,0.0100040202960372,0.0074620735831558,0.0049175177700817,0.0024012690410018,-0.0001133972400566,-0.0025818482972681,-0.0041373181156814,-0.0036899361293762,-0.0017721690237522,0.0007010668632574,0.0026093875057995,0.0025904509238898,0.0009277871577069,-0.0014331911224871,-0.0039977366104722,-0.0065629389137029,-0.0090781282633543,-0.0115513512864709,-0.0140073634684086,-0.016427107155323,-0.0180317834019661,-0.0176895968616009,-0.015815632417798,-0.0133089451119304,-0.0106154214590788,-0.007929041981697,-0.0052965963259339,-0.0027090618386864,-0.0001390895195072,0.0024255949538201,0.0044726682826876,0.0046907062642276,0.0031497853342443,0.0008257410372607,-0.0017434670589864,-0.0043397159315645,-0.0068830586969852,-0.0093920119106769,-0.0118749840185046,-0.0143489753827453,-0.0168081559240818,-0.0192611888051033,-0.0217048842459917,-0.0241312459111214,-0.026544202119112,-0.028957013040781,-0.0308560617268085,-0.0309431999921799,-0.0292842835187912,-0.0268252901732922,-0.0244876518845558,-0.0237646009773016,-0.0249277204275131,-0.0270592328161001,-0.0295066796243191,-0.0319976508617401,-0.0344408638775349,-0.0368481278419495,-0.0392305441200733,-0.0415980219841003,-0.0439573302865028,-0.0463175475597382,-0.0483318977057934,-0.0486943982541561,-0.0471825562417507,-0.044738657772541,-0.0419923961162567,-0.0392096787691116,-0.036458358168602,-0.0337578952312469,-0.0313085913658142,-0.0303376279771328,-0.0313290953636169,-0.0333811044692993,-0.0357929989695549,-0.0382741168141365,-0.040716752409935,-0.0431155040860176,-0.0454770103096962,-0.0478312820196152,-0.0501848012208939,-0.0525245703756809,-0.0548473224043846,-0.0571657344698906,-0.0594740211963654,-0.0617696717381477,-0.0638645440340042,-0.0645000711083412,-0.0631591826677322,-0.0607538372278214,-0.0581281594932079,-0.056682676076889,-0.0572542957961559,-0.0590852051973343,-0.0613819472491741,-0.0637685656547546,-0.0661311373114586,-0.0684534907341003,-0.070612370967865,-0.0715252682566643,-0.0704519897699356,-0.0681518614292145,-0.0653971955180168,-0.062549002468586,-0.0597257018089294,-0.0569496378302574,-0.0542058497667313,-0.0514853000640869,-0.0487761981785297,-0.0460812225937843,-0.0434671826660633,-0.0418833307921886,-0.0423142202198505,-0.044116135686636,-0.0464523583650589,-0.0489115826785564,-0.0513607673346996,-0.0537626780569553,-0.056120578199625,-0.0584595985710621,-0.0607965029776096,-0.063121423125267,-0.0653728172183037,-0.0666027665138245,-0.0658350586891174,-0.0636867955327034,-0.060998197644949,-0.0581754334270954,-0.0553769432008266,-0.0526311583817005,-0.0499476492404938,-0.0480994135141373,-0.0482188910245895,-0.0498711653053761,-0.0521415360271931,-0.0545849427580833,-0.0569887235760689,-0.0584321692585945,-0.0578634813427925,-0.0558180063962936,-0.0531929135322571,-0.0504125840961933,-0.0476403720676899,-0.0449221394956112,-0.0422520637512207,-0.0395920649170876,-0.0369370467960835,-0.0343018062412739,-0.031670343130827,-0.0290508344769478,-0.0264550093561411,-0.0244731865823269,-0.0243735946714878,-0.0259523466229439,-0.0282739326357841,-0.0308067481964827,-0.0333299413323402,-0.0351176187396049,-0.0349425561726093,-0.0331360958516598,-0.0306454412639141,-0.0279679000377655,-0.0252822451293468,-0.022652842104435,-0.0200593788176775,-0.0174936428666115,-0.0149398539215326,-0.0123921940103173,-0.0098474472761154,-0.0073348847217857,-0.0048350943252444,-0.0027624759823083,-0.0024124414194375,-0.0038776416331529,-0.0062136249616742,-0.0088148023933172,-0.0114490352571011,-0.0140285072848201,-0.0165699291974306,-0.0190839394927025,-0.0215826276689768,-0.0235698819160461,-0.0237422734498978,-0.022154875099659,-0.0197838209569454,-0.0171527415513992,-0.0145060271024704,-0.0118988323956728,-0.0093368524685502,-0.0067925900220871,-0.0042684264481067,-0.0020346632227301,-0.0013679303228855,-0.0026113216299563,-0.0048548546619713,-0.0074230111204087,-0.010052802041173,-0.0126406392082572,-0.0151845561340451,-0.0176932476460934,-0.0201823320239782,-0.0223076399415731,-0.0227898899465799,-0.0214133821427822,-0.0191051941365004,-0.01649134978652,-0.0138324582949281,-0.0112130269408226,-0.008641317486763,-0.0060996729880571,-0.0035685617476701,-0.0012159750331193,-0.0002243104099761,-0.0012266136473044,-0.0033750585280358,-0.0057540656998753,-0.006866583134979,-0.0059796702116727,-0.003903831820935,-0.0014019457157701,0.0011986395111307,0.0037734662182629,0.0062998314388096,0.0087809050455689,0.0112431198358536,0.013706243596971,0.0161624345928431,0.0186032634228468,0.021038306877017,0.0234630741178989,0.0258687827736139,0.0281748902052641,0.0293387174606323,0.0284987203776836,0.0263667274266481,0.0237547606229782,0.0210165996104479,0.0183015801012516,0.0156411342322826,0.0130182486027479,0.0104150641709566,0.0078167449682951,0.0052467114292085,0.0026771114207804,0.0001097662752727,-0.0024403561837971,-0.0049785990267992,-0.0074071548879146,-0.0086945882067084,-0.0079769380390644,-0.0059569729492068,-0.0034906319342553,-0.0018305466510355,-0.0021724815014749,-0.0040195756591856,-0.0064598470926284,-0.0090596880763769,-0.0116542279720306,-0.0141833182424307,-0.0166614316403866,-0.0191295761615038,-0.0215812902897596,-0.0240322947502136,-0.026424141600728,-0.0279014855623245,-0.0273975357413292,-0.0254405178129673,-0.0228834226727486,-0.0201891642063856,-0.0175047013908625,-0.014859514310956,-0.0122721111401916,-0.0104189328849316,-0.0105017963796854,-0.012188863940537,-0.0145471384748816,-0.0170964319258928,-0.0196340493857861,-0.0213162507861853,-0.02099877782166,-0.0191362965852022,-0.0166375618427992,-0.0139675904065371,-0.0112956594675779,-0.0086761470884084,-0.0061024706810712,-0.0035519213415682,-0.0010109040886163,0.0015203586081042,0.0040342374704778,0.0065429732203483,0.0090333381667733,0.0110192755237222,0.0111778816208243,0.0095735406503081,0.0071752993389964,0.0045391819439828,0.0018782699480652,-0.0007349881343543,-0.0033012400381267,-0.0058394037187099,-0.0083585903048515,-0.010871103964746,-0.0133741330355406,-0.0153472870588303,-0.0155195510014892,-0.0139605710282922,-0.0115919942036271,-0.0089701488614082,-0.0063207629136741,-0.0037171393632888,-0.0011665832716971,0.0010068347910419,0.0015157321467995,0.0001656726235523,-0.0020996839739382,-0.004663320723921,-0.0072782100178301,-0.0098415873944759,-0.0123621672391891,-0.0148556269705296,-0.0173315685242414,-0.0197925344109535,-0.0222532525658607,-0.0247072000056505,-0.0271488800644875,-0.0291608832776546,-0.0294193364679813,-0.027876865118742,-0.0254680551588535,-0.0227848943322897,-0.0200826358050108,-0.0176376886665821,-0.0167014431208372,-0.0177494660019875,-0.0198666751384735,-0.0223303250968456,-0.0248591192066669,-0.0270794257521629,-0.0277206730097532,-0.0264245849102736,-0.024111395701766,-0.0214558988809586,-0.0187475141137838,-0.0160847567021847,-0.0134587921202183,-0.0108705842867494,-0.0083000930026173,-0.0057425405830144,-0.0031903202179819,-0.0006532801198773,0.0018713227473199,0.0042580314911902,0.0053936913609504,0.0045226505026221,0.0024214750155806,-0.000110504523036,-0.0027392953634262,-0.0053475773893296,-0.0078981919214129,-0.0102920681238174,-0.0114459060132504,-0.0105826975777745,-0.008493123576045,-0.0059609115123748,-0.0033331015147268,-0.0007234764052554,0.0018292053136974,0.0043514464050531,0.0068456307053566,0.009337019175291,0.0118166115134954,0.0142408451065421,0.015609335154295,0.014957663603127,0.0129436580464244,0.0104017127305269,0.0077247601002454,0.0050665000453591,0.0024653556756675,-9.76109149632975e-05,-0.0026381921488791,-0.0051702349446713,-0.0076922327280044,-0.010204198770225,-0.0127082075923681,-0.0151113718748093,-0.0163709074258804,-0.0156080694869161,-0.0135427406057715,-0.0109915304929018,-0.0083312802016735,-0.0057259714230895,-0.003998220898211,-0.0042519331909716,-0.0060323644429445,-0.0084446081891655,-0.011022774502635,-0.0135938134044409,-0.0161184016615152,-0.0186015442013741,-0.021063007414341,-0.0235151574015617,-0.0259567480534315,-0.0283845607191324,-0.0308007001876831,-0.0331609584391117,-0.034594465047121,-0.0340458527207375,-0.0320534110069275,-0.0294702313840389,-0.0267334617674351,-0.0240275766700506,-0.0219878405332565,-0.0218610186129808,-0.0234014391899109,-0.0256879925727844,-0.0281766653060913,-0.0306904371827841,-0.0331471674144268,-0.0355698652565479,-0.0379589162766933,-0.0403406918048859,-0.0427111312747002,-0.0450614839792252,-0.0468006655573845,-0.0466836765408516,-0.0448808223009109,-0.0423377975821495,-0.0395770519971848,-0.0368107482790947,-0.0340949222445488,-0.0314186997711658,-0.0292001869529486,-0.0287174638360739,-0.0300539843738079,-0.0322627946734428,-0.0347222834825516,-0.037207018584013,-0.0396542735397816,-0.0420516468584538,-0.0440085381269455,-0.04423563554883,-0.0426571071147919,-0.0402030162513256,-0.0374828204512596,-0.0347278937697411,-0.032018817961216,-0.0293532200157642,-0.0267057344317436,-0.0240794159471989,-0.0214663185179234,-0.0188522431999445,-0.0165430046617985,-0.0158065296709538,-0.0169781167060137,-0.0191485844552517,-0.0216473340988159,-0.0242039188742638,-0.0267102997750044,-0.0291769988834858,-0.0313422046601772,-0.0319332107901573,-0.0306215062737465,-0.0283178649842739,-0.0256714820861816,-0.0229730699211359,-0.020307993516326,-0.0176762044429779,-0.0150823770090938,-0.0125162787735462,-0.0099532334133982,-0.0073998868465423,-0.0050308899953961,-0.0040283356793224,-0.0050119096413254,-0.0071424371562898,-0.0096702594310045,-0.0122729195281863,-0.0148462206125259,-0.0173777714371681,-0.0198715422302485,-0.0223397817462683,-0.0246027261018753,-0.0253755133599043,-0.0241986270993948,-0.0219567157328129,-0.0193439442664385,-0.0166693963110447,-0.0140210194513202,-0.0114218238741159,-0.0088571505621075,-0.0063054389320313,-0.0038701151497662,-0.0025897691957652,-0.0033104009926319,-0.0053239394910633,-0.0078150378540158,-0.0104207610711455,-0.0128877237439156,-0.0140542816370726,-0.0131955742835999,-0.011105939745903,-0.0085582118481397,-0.0059245913289487,-0.003310001688078,-0.0007440429762937,0.0017779743066057,0.004279201850295,0.0067704981192946,0.0092590786516666,0.0117446221411228,0.0142172574996948,0.0166353434324265,0.0181300397962332,0.017626378685236,0.0156560111790895,0.0131132174283266,0.0104299560189247,0.0077653098851442,0.005148310214281,0.0025603978428989,-8.95335688255727e-07,-0.0025431907270103,-0.0050785453058779,-0.0076027819886803,-0.0101204365491867,-0.0126229971647263,-0.0151179227977991,-0.0175637565553188,-0.0191010814160109,-0.0186231452971697,-0.0166888497769833,-0.0142025202512741,-0.0122828390449286,-0.0122817419469357,-0.0139169339090586,-0.0162561871111393,-0.0188053585588932,-0.0213483832776546,-0.0238426718860865,-0.026291947811842,-0.0287241041660309,-0.0311445705592632,-0.0335524864494801,-0.0359458103775978,-0.038335133343935,-0.0406924523413181,-0.0422214455902576,-0.0417857244610786,-0.0398322828114033,-0.0372639149427414,-0.0345168933272362,-0.0317808426916599,-0.0290889125317335,-0.0264328699558973,-0.0237978659570217,-0.0211760364472866,-0.0185638405382633,-0.0159503314644098,-0.0133571811020374,-0.010781429708004,-0.00821862090379,-0.0056687938049435,-0.0031324345618486,-0.0005987649201415,0.0013972783926874,0.0015892917290329,3.41721752192825e-05,-0.0023165305610746,-0.004912270233035,-0.007530877366662,-0.0100977085530758,-0.0126258321106434,-0.0147781213745475,-0.0152723453938961,-0.0138990450650454,-0.0116023747250438,-0.008996807038784,-0.0063554113730788,-0.00375642394647,-0.0012044141767546,0.0013188507873565,0.0038323123008012,0.0058936132118105,0.0062163122929632,0.0047291875816881,0.0023776893503963,-0.0002279937616549,-0.0028637135401368,-0.0054424321278929,-0.0079927928745746,-0.0105114215984941,-0.0130195626989007,-0.0153103601187468,-0.0161232501268387,-0.0149813573807478,-0.0127686820924282,-0.0101802181452513,-0.0075271259993314,-0.0049120555631816,-0.0023447680287063,0.00018588360399,0.0026994235813617,0.0052091074176132,0.0077055543661117,0.0101892249658704,0.0126718794927001,0.0151480156928301,0.0176061596721411,0.0198386963456869,0.020579170435667,0.0193659923970699,0.017097644507885,0.0146019514650106,0.0132765453308821,0.013971084728837,0.0159312598407269,0.0182288568466902,0.0193653106689453,0.0184824652969837,0.0163537133485079,0.013766348361969,0.0110729243606329,0.008412423543632,0.0057963943108916,0.0032197991386055,0.0006620028289034,-0.0018862154101952,-0.0044164964929223,-0.0069416966289281,-0.009444884955883,-0.0119441188871861,-0.0144278490915895,-0.0168542619794607,-0.018230440095067,-0.0175977423787117,-0.0155848823487759,-0.0130503512918949,-0.0103781875222921,-0.0078231394290924,-0.0064601474441587,-0.0071445014327764,-0.0091397315263748,-0.0116054005920887,-0.0141769517213106,-0.0167181007564068,-0.0192070435732603,-0.0216686129570007,-0.0241105817258358,-0.0265426933765411,-0.0289651285856962,-0.0313826091587543,-0.0337806940078735,-0.0361394546926022,-0.0376894399523735,-0.0372906289994717,-0.0353563912212849,-0.0327892601490021,-0.0300537310540676,-0.0273228287696838,-0.0246478617191315,-0.0220080055296421,-0.0193848721683025,-0.016774570569396,-0.0141709335148335,-0.0116085903719068,-0.009879951365292,-0.0101223727688193,-0.0118780368939042,-0.0142643358558416,-0.016825444996357,-0.0193768721073866,-0.0218867380172014,-0.0243471655994654,-0.0261856112629175,-0.0261448472738266,-0.024433197453618,-0.0219842456281185,-0.0193192847073078,-0.0166419968008995,-0.0140065113082528,-0.0114167304709554,-0.0088474219664931,-0.0062892008572816,-0.0037482217885553,-0.0012080911546945,0.0007074897293932,0.0007464433438144,-0.0009009544737637,-0.0032839642371982,-0.0058867735788226,-0.0084899719804525,-0.0110507551580667,-0.0135685596615076,-0.0156335942447186,-0.0159738902002573,-0.0145006729289889,-0.0121694374829531,-0.0095583563670516,-0.0069122887216508,-0.0048439325764775,-0.0046343579888343,-0.0061646122485399,-0.0084928963333368,-0.0110686644911766,-0.013652490451932,-0.0161914397031069,-0.0186821315437555,-0.0211539342999458,-0.0236161909997463,-0.0260669272392988,-0.0285029467195272,-0.0309411995112896,-0.0333558022975922,-0.0354772657155991,-0.0360404811799526,-0.0346952192485332,-0.0323479250073433,-0.0296693369746208,-0.0269367024302483,-0.024234838783741
-0.0249562654644251,-0.0244682803750038,-0.0223355703055859,-0.0195223540067673,-0.016541875898838,-0.0135598182678223,-0.0106300301849842,-0.0077423369511961,-0.0048872060142457,-0.0020540398545563,0.000110254928586,0.0001931997976498,-0.0016299238195642,-0.0042998837307095,-0.00659498013556,-0.0068571176379919,-0.0051400894299149,-0.0025062796194106,0.0003976327134296,0.0033170436508953,0.0061844466254115,0.0090002100914716,0.0117916502058506,0.0145650673657656,0.0173276197165251,0.0200818981975317,0.0228220392018557,0.0255566015839577,0.0282878950238228,0.0310025028884411,0.0332573764026165,0.0336002185940742,0.031878050416708,0.0291468501091003,0.0261100903153419,0.0230420231819153,0.020021416246891,0.0170430280268192,0.0140956956893206,0.0111740650609136,0.0082576619461178,0.0053643332794308,0.0024813862983137,-0.0003956309228669,-0.0032611186616122,-0.006111797876656,-0.0085074119269847,-0.0089811729267239,-0.0073884213343262,-0.0047886655665934,-0.0021769471932202,-0.0012468502391129,-0.0025121103972196,-0.0049668541178107,-0.0078230751678347,-0.010750237852335,-0.0136331832036376,-0.0164593309164047,-0.0192465111613274,-0.0220279656350613,-0.0247944723814726,-0.0275479890406132,-0.0299989283084869,-0.0307522863149643,-0.0293172635138035,-0.0267314426600933,-0.0237552542239428,-0.020709715783596,-0.0177031382918358,-0.0147517994046211,-0.0120113547891378,-0.0107747074216604,-0.0117948371917009,-0.0141199575737119,-0.0169124156236649,-0.0197936557233334,-0.0224103927612305,-0.0233881622552872,-0.022139560431242,-0.0196469165384769,-0.0167117025703192,-0.0136968661099672,-0.0107236430048943,-0.0078121339902281,-0.0049376962706446,-0.002086779801175,0.0007519432692788,0.0035868003033101,0.0064168074168264,0.0092287296429276,0.0119331944733858,0.0133882109075785,0.0125947017222643,0.0103026321157813,0.0074465260840952,0.0044499174691736,0.0014809931162744,-0.0014273026026785,-0.004297093488276,-0.0071481419727206,-0.0099824108183383,-0.0128122344613075,-0.0155387064442039,-0.0170542374253273,-0.0162657480686903,-0.0139952227473259,-0.0111542111262679,-0.0081725474447011,-0.0052142366766929,-0.0023135067895054,0.000508101307787,0.0023294612765312,0.0018761525861918,-0.0002325772948097,-0.0030062696896493,-0.0059380969032645,-0.0088614001870155,-0.0117186168208718,-0.0145412310957909,-0.0173445772379637,-0.0201364904642105,-0.0229234360158443,-0.025702677667141,-0.0284657143056393,-0.0311485044658184,-0.0327072441577911,-0.0320152714848518,-0.0297396499663591,-0.026844659820199,-0.0237978845834732,-0.0207855924963951,-0.0186102613806725,-0.0185915697365999,-0.0204223282635212,-0.02303715236485,-0.0258686449378729,-0.0286942217499018,-0.0305903144180775,-0.0302528645843267,-0.0281630121171474,-0.0253446586430073,-0.0223137326538563,-0.0192833058536053,-0.016308793798089,-0.0133822383359075,-0.0104813780635595,-0.0075993221253156,-0.004727691411972,-0.0018739805091172,0.0009751917095854,0.0038075847551226,0.0060896938666701,0.0063411556184291,0.00461813993752,0.0019776024855673,-0.0009579277248121,-0.0039217621088028,-0.0068203443661332,-0.0096780881285667,-0.0119822835549712,-0.012247359380126,-0.0105297015979886,-0.007889281027019,-0.0049643707461655,-0.0020051100291311,0.0008997045224532,0.0037557207979261,0.0065784282051026,0.0093942880630493,0.0121858855709434,0.0149672944098711,0.0173733066767454,0.0179626457393169,0.0164352580904961,0.013838161714375,0.0108829718083143,0.007874596863985,0.004918054677546,0.0020071268081665,-0.0008632715325802,-0.0037176595069468,-0.0065603465773165,-0.0093996338546276,-0.0122270602732897,-0.0150388004258275,-0.0173778105527163,-0.017798762768507,-0.0161741673946381,-0.013550927862525,-0.0105922827497125,-0.007598256226629,-0.0048906272277236,-0.0038393111899495,-0.0050202179700136,-0.0074325073510408,-0.0102709243074059,-0.0131885213777423,-0.0160567741841078,-0.0188707057386637,-0.0216564107686281,-0.0244159251451492,-0.0271660331636667,-0.0299112647771835,-0.032645583152771,-0.0353714302182198,-0.037791520357132,-0.038504458963871,-0.0370244719088078,-0.0344000980257988,-0.0313896089792252,-0.0283217821270227,-0.0254271142184734,-0.0239521805197001,-0.0247499961405993,-0.0269573330879211,-0.0296771582216024,-0.032513715326786,-0.0353203266859055,-0.038068849593401,-0.0407815352082253,-0.0434751063585281,-0.0461595803499222,-0.0488330125808716,-0.0513633564114571,-0.0525244399905205,-0.0514370277523994,-0.0489533841609955,-0.0459526516497135,-0.0428330712020397,-0.0397418141365051,-0.0367083214223385,-0.0337804704904556,-0.0319945476949215,-0.0324681773781776,-0.0345214456319809,-0.0371811911463737,-0.0399970710277557,-0.0427954010665417,-0.0455317534506321,-0.0481657646596432,-0.049665242433548,-0.0489209070801735,-0.0466044545173645,-0.043661929666996,-0.0405631549656391,-0.0374790206551552,-0.0344550088047981,-0.0314716547727585,-0.0285074878484011,-0.0255669616162777,-0.0226307343691587,-0.0197395347058773,-0.0177281573414803,-0.0179073810577393,-0.0198446698486805,-0.022518340498209,-0.0253915153443813,-0.0282530710101128,-0.0310680754482746,-0.033814400434494,-0.0356762781739235,-0.0353372432291508,-0.0332379080355167,-0.0304101146757603,-0.0273937694728374,-0.024372685700655,-0.0213968455791473,-0.0184692945331335,-0.0155693851411343,-0.012680278159678,-0.009797447361052,-0.006952092051506,-0.0047662840224802,-0.0046716332435607,-0.0064776437357068,-0.0091302562505006,-0.012035621330142,-0.014958843588829,-0.0178311746567488,-0.0206569172441959,-0.0234595313668251,-0.0262295342981815,-0.0282324720174074,-0.0280849076807499,-0.0261107999831438,-0.0233483575284481,-0.0203585289418697,-0.0173646919429302,-0.0144190723076463,-0.0115140788257122,-0.0086361523717641,-0.0057816272601485,-0.0033907270990312,-0.0029200825374573,-0.0045114350505173,-0.0070979394949972,-0.0100019024685025,-0.0129261929541826,-0.0152589194476604,-0.0155540741980076,-0.0138460732996464,-0.0111992126330733,-0.0082604829221963,-0.0052991844713687,-0.0023928789887577,0.0004624419379979,0.0032977710943669,0.006112893577665,0.0089163994416594,0.0117162456735969,0.0144994640722871,0.0172649752348661,0.0197292193770409,0.0204761773347855,0.0190471708774567,0.0164750255644321,0.0135149462148547,0.0104877175763249,0.007502706721425,0.0045800553634762,0.0016875262372195,-0.0011849253205582,-0.0040550041012466,-0.0069047883152961,-0.0097438246011734,-0.0125718768686056,-0.015388946980238,-0.0181910675019026,-0.0206927284598351,-0.021477771922946,-0.0201029516756535,-0.0175627954304218,-0.0148085346445441,-0.0134622985497117,-0.0144105069339275,-0.0167057700455189,-0.0194799248129129,-0.0223568938672543,-0.025207381695509,-0.027997137978673,-0.03075310587883,-0.0334831178188324,-0.0362058728933334,-0.038922019302845,-0.0416202619671822,-0.0443205647170544,-0.0467691272497177,-0.0476106107234955,-0.0462515689432621,-0.0436573661863804,-0.0406236797571182,-0.03751565143466,-0.0344418734312057,-0.0314265042543411,-0.0284483954310417,-0.0254877563565969,-0.0225432123988867,-0.0196113269776106,-0.0166829507797956,-0.013766379095614,-0.0108864307403564,-0.0080140903592109,-0.0051455558277666,-0.0022859955206513,0.0004691143112722,0.0019660796970129,0.0011683988850563,-0.0010966059053316,-0.0039141443558037,-0.0068755280226469,-0.0098069021478295,-0.0126819768920541,-0.0154728358611465,-0.0172749664634466,-0.0168092604726553,-0.0146961100399494,-0.0119140241295099,-0.0089496113359928,-0.0060000251978635,-0.0031019197776913,-0.0002443814300931,0.0025825314223766,0.005337736569345,0.0069472910836339,0.0063082068227231,0.0041079684160649,0.0012989157112315,-0.0016712123760953,-0.00461739115417,-0.0074984082020819,-0.0103461854159832,-0.0131717557087541,-0.0159648358821869,-0.0180080812424421,-0.0179092437028885,-0.0159756019711494,-0.0132427709177136,-0.01027886942029,-0.0073064640164375,-0.0043920986354351,-0.0015215246239677,0.0013139635557308,0.0041455398313701,0.0069663980975747,0.0097712147980928,0.0125689543783665,0.015351252630353,0.0181249212473631,0.0208682455122471,0.0228361636400223,0.022656487300992,0.0206583756953478,0.0178663395345211,0.0153947249054909,0.0149077577516437,0.0164601989090443,0.0189643539488316,0.0212103836238384,0.0214935634285212,0.0197686087340117,0.017079995945096,0.0140877766534686,0.0110685452818871,0.0081007275730371,0.0051914574578404,0.0023123580031096,-0.0005561615689657,-0.0034155608154833,-0.0062555689364671,-0.0090828351676464,-0.0119028622284532,-0.0147129502147436,-0.0175155326724052,-0.0199305638670921,-0.0205219052731991,-0.0190021675080061,-0.0164082497358322,-0.013458657078445,-0.0104565490037203,-0.0079771848395466,-0.0074606807902455,-0.0090098930522799,-0.0115539189428091,-0.014415742829442,-0.0173124484717846,-0.0201534498482943,-0.0229483395814896,-0.0257152169942856,-0.0284676291048527,-0.0312046706676483,-0.0339435338973999,-0.0366700403392315,-0.0393733754754066,-0.0418533161282539,-0.0427078939974308,-0.0413647443056107,-0.0387880355119705,-0.0357871241867542,-0.032696794718504,-0.0296475421637297,-0.0266470536589622,-0.0236779414117336,-0.0207321811467409,-0.0178031139075756,-0.0148903112858534,-0.0122293420135975,-0.0111770089715719,-0.0123285809531808,-0.0147170117124915,-0.0175313930958509,-0.0204198323190212,-0.0232594981789589,-0.0260502696037292,-0.0286729745566845,-0.0299415234476328,-0.0289541520178318,-0.0265588108450174,-0.0236478801816702,-0.0206163804978132,-0.0176113620400429,-0.0146619081497192,-0.0117554720491171,-0.0088771469891071,-0.0060082795098424,-0.0031418923754245,-0.000435971742263,0.0008822424570098,-4.97206783620641e-05,-0.0023640112485736,-0.0051889941096305,-0.0081383567303419,-0.0110550262033939,-0.0139214051887393,-0.016690032556653,-0.0183170698583126,-0.0176920797675848,-0.0154931899160147,-0.0126682948321104,-0.0096990680322051,-0.0068380665034055,-0.0052846213802695,-0.0060545071028173,-0.0082945078611373,-0.0110896918922663,-0.0140108652412891,-0.0168993528932333,-0.0197325274348259,-0.0225306730717421,-0.0253210049122572,-0.0280888956040144,-0.0308396182954311,-0.0335845425724983,-0.0363238975405693,-0.0390212386846542,-0.0408399365842342,-0.0404696576297283,-0.0383393727242947,-0.0354744642972946,-0.032417818903923,-0.0293625965714455,-0.026360560208559,-0.023407056927681,-0.0204755179584026,-0.017557792365551,-0.0146506167948246,-0.0117541467770934,-0.0088725928217172,-0.00600082334131,-0.0031352627556771,-0.0003142394707538,0.001611344050616,0.0013322619488462,-0.0006967043154872,-0.0034352873917669,-0.0057157957926392,-0.0059213563799858,-0.0041937613859772,-0.0015737854409962,0.0006649934221059,0.0008344844100065,-0.0009482749737799,-0.0036139371804893,-0.0065477788448333,-0.0094836298376321,-0.0123719610273838,-0.0152257708832622,-0.0180432796478271,-0.0208469312638044,-0.0236423816531897,-0.0264176093041897,-0.029180072247982,-0.0319340154528618,-0.0346867516636848,-0.0374167189002037,-0.0396925993263721,-0.0400563888251781,-0.0383386574685574,-0.0356248430907726,-0.0330621972680092,-0.03238170966506,-0.0337719582021236,-0.036201037466526,-0.0389680750668049,-0.0417681597173214,-0.0445276498794556,-0.0472393073141575,-0.0499208122491837,-0.0525820404291153,-0.0552380234003067,-0.057888500392437,-0.0605325177311897,-0.0631638690829277,-0.0657830759882927,-0.0683969184756279,-0.070697695016861,-0.0712855681777,-0.0697068646550179,-0.0669835060834885,-0.0638587921857834,-0.0606704950332642,-0.0575340315699577,-0.0544349737465382,-0.0513869747519493,-0.0483627878129482,-0.0453479923307896,-0.0423374138772488,-0.0393385626375675,-0.0363589972257614,-0.0333993807435036,-0.0304419826716185,-0.0278106294572353,-0.0268970709294081,-0.0281436145305634,-0.0305463299155235,-0.0331677943468094,-0.0343931838870049,-0.0333145558834076,-0.0308784786611795,-0.0281469170004129,-0.0268176943063736,-0.0277340523898602,-0.0300013851374388,-0.0327684804797173,-0.0356232672929764,-0.0384418927133083,-0.0412163846194744,-0.0439506098628044,-0.0466663390398026,-0.0493611358106136,-0.0520535185933113,-0.0547438636422157,-0.0574097745120525,-0.0600703060626984,-0.062717393040657,-0.065252348780632,-0.0665445029735565,-0.0655755028128624,-0.0631257221102715,-0.0601062886416912,-0.0569527186453342,-0.0538285970687866,-0.0507561080157757,-0.0477205663919449,-0.0447108969092369,-0.0418554656207561,-0.0403931476175785,-0.0411810800433159,-0.0433648973703384,-0.0460570454597473,-0.0488525629043579,-0.0516267046332359,-0.0543361753225327,-0.0570171661674976,-0.0596758909523487,-0.0622895061969757,-0.0639212876558304,-0.0632912069559097,-0.0610016360878944,-0.0580498054623604,-0.0549157708883286,-0.0517937168478966,-0.0487237498164177,-0.0457410737872124,-0.0437902249395847,-0.044093381613493,-0.0460468083620071,-0.048666425049305,-0.0514498502016068,-0.0542233847081661,-0.0569444000720978,-0.059614721685648,-0.0622713714838028,-0.0649200156331062,-0.0675519555807114,-0.0701646730303764,-0.0719990953803062,-0.0716998130083084,-0.0695729479193687,-0.0666545704007149,-0.0635060146450996,-0.0603450313210487,-0.057242039591074,-0.0541948303580284,-0.0511658638715744,-0.0481514632701874,-0.0451503396034241,-0.0421639233827591,-0.0399647541344166,-0.039937436580658,-0.0417289361357689,-0.0443007908761501,-0.047092042863369,-0.0498968809843063,-0.0526378974318504,-0.0553309209644794,-0.0574618577957153,-0.0575812384486198,-0.0557149834930897,-0.0529377497732639,-0.0498614236712456,-0.0467726998031139,-0.0444003529846668,-0.0441636480391026,-0.0458572469651699,-0.0483957678079605,-0.0511676073074341,-0.0539653971791267,-0.0567117407917976,-0.0593996644020081,-0.062066562473774,-0.0647219121456146,-0.0673672631382942,-0.0699922665953636,-0.0726119875907898,-0.0752096399664879,-0.0774228796362877,-0.0778253674507141,-0.0761204957962036,-0.0733399093151093,-0.0701982006430626,-0.067014679312706,-0.0638792291283607,-0.0607855804264545,-0.0577361434698105,-0.0547075122594833,-0.0516845658421516,-0.0486670844256878,-0.0456622987985611,-0.0426811501383781,-0.0401791222393513,-0.0396082177758217,-0.04107566177845,-0.0435435883700848,-0.046328529715538,-0.0491422973573208,-0.0516893044114113,-0.0525720007717609,-0.051233597099781,-0.0486669614911079,-0.0456690900027752,-0.0425850935280323,-0.0395505279302597,-0.0365688316524029,-0.0336205884814262,-0.0306867957115173,-0.0277747623622417,-0.0248662419617176,-0.0222174823284149,-0.0211737304925919,-0.0223389081656933,-0.0247373916208744,-0.0275569707155228,-0.0304456520825624,-0.0333000719547272,-0.0361013635993004,-0.0387403666973114,-0.0400069579482079,-0.0390111021697521,-0.0366196371614933,-0.0336950086057186,-0.0306586138904095,-0.0276518408209085,-0.0247002430260181,-0.0217878744006157,-0.0189013630151749,-0.0160296931862831,-0.0131601141765714,-0.0104327350854874,-0.0090987561270594,-0.0100274328142405,-0.0123474579304457,-0.0151604935526848,-0.0180929899215698,-0.021001311019063,-0.0238536279648542,-0.0265943426638842,-0.0281973518431187,-0.0275391265749931,-0.0253183245658875,-0.0224891342222691,-0.0195034109055996,-0.0165326315909624,-0.0136180846020579,-0.0108088748529553,-0.0091558676213026,-0.0097499955445528,-0.0118992943316698,-0.0146632567048073,-0.0175822768360376,-0.0204867050051689,-0.0233456157147884,-0.0261582415550947,-0.0289483070373535,-0.0317287556827068,-0.0344970673322678,-0.0372298881411552,-0.0390899628400803,-0.038734745234251,-0.0366094782948494,-0.033777229487896,-0.0307488478720188,-0.0277184788137674,-0.0247351825237274,-0.0218060072511435,-0.0188955143094063,-0.0160423219203949,-0.0142138516530395,-0.014635669067502,-0.016689732670784,-0.0193998031318188,-0.0222849361598492,-0.025162611156702,-0.0279840640723705,-0.0307668745517731,-0.0335244163870811,-0.0362629145383835,-0.0383442416787148,-0.0383396558463573,-0.0364401303231716,-0.0336716249585152,-0.0306519269943237,-0.027622427791357,-0.0246443822979927,-0.0217239391058683,-0.0188173688948154,-0.0159236751496792,-0.0130373649299145,-0.0101585574448109,-0.0072997179813683,-0.0044635501690208,-0.0016365782357752,0.0011764481896534,0.0033045192249119,0.0033429774921387,0.0014838862698525,-0.001221492071636,-0.0037229263689369,-0.0043332055211067,-0.0028254038188606,-0.0002936743258032,0.0025759879499673,0.0054883826524019,0.0083472803235054,0.0111466767266393,0.0139177972450852,0.0166838746517897,0.018879696726799,0.0190386157482862,0.0172188617289066,0.0144949704408646,0.0114989457651973,0.0084879398345947,0.005518838763237,0.0025929939001798,-0.0003019797732122,-0.0031766016036272,-0.0057452954351902,-0.0065867686644196,-0.0052726259455084,-0.0027998923324048,6.7798828240484e-05,0.0030039278790354,0.005887456703931,0.0087199760600924,0.0115141542628407,0.0142888873815536,0.0170620232820511,0.0198291018605232,0.022578364238143,0.0253186337649822,0.0280502904206514,0.0307651236653328,0.0331625528633595,0.0338378101587296,0.0323601700365543,0.0297385156154633,0.0269007720053196,0.025478033348918,0.0263572558760643,0.028585247695446,0.0312961414456367,0.034113846719265,0.0368961803615093,0.039625495672226,0.0423236452043056,0.0450004488229752,0.0476682186126709,0.0503285005688667,0.052789606153965,0.0537588745355606,0.0524910911917686,0.0499084666371346,0.0468634366989136,0.0437289737164974,0.040632676333189,0.0375950746238232,0.0346906967461109,0.033047191798687,0.0336638763546944,0.0357572510838509,0.0384329743683338,0.041232094168663,0.0440023764967918,0.0467270985245705,0.0494148582220078,0.0520796626806259,0.0547351464629173,0.0573756285011768,0.0600132122635841,0.062648631632328,0.0652793422341347,0.0678991824388504,0.0703888386487961,0.0716304257512093,0.0706161707639694,0.0681252703070641,0.0651127398014069,0.0629571676254272,0.063075065612793,0.0648811459541321,0.0673856884241104,0.0700716227293015,0.0727601051330566,0.0753978341817856,0.0779602378606796,0.0794822201132774,0.0787499025464058,0.0763852149248123,0.0733620375394821,0.0701602622866631,0.0669727474451065,0.0638427734375,0.0607688091695309,0.0577061101794243,0.0546551272273064,0.0516148880124092,0.0486103631556034,0.0463859848678112,0.0463076233863831,0.0480543226003647,0.0505969636142254,0.0533641949295998,0.0561380162835121,0.0588585138320923,0.0615414530038834,0.064194492995739,0.0668484270572662,0.069489449262619,0.0721080303192139,0.0739450752735138,0.0736066922545433,0.071460485458374,0.0685386955738068,0.0653933361172676,0.062239333987236,0.0591400004923344,0.0560849979519844,0.0536024123430252,0.0531630031764507,0.054689709097147,0.0571431256830692,0.0598782375454903,0.0626275241374969,0.0646734982728958,0.064580112695694,0.0625571087002754,0.0596975050866604,0.0565965473651886,0.0534829571843147,0.050425186753273,0.0474201887845993,0.0444465838372707,0.0414777845144272,0.0385183021426201,0.0355685614049435,0.0326315835118294,0.02971076592803,0.0271848812699318,0.0264648329466581,0.027870049700141,0.0303471926599741,0.0331798829138279,0.0360569357872009,0.0384079664945602,0.0387877747416496,0.0371058881282806,0.0344366133213043,0.0314513854682446,0.0284326784312725,0.0254724957048893,0.0225467029958963,0.0196684300899506,0.0168049968779087,0.0139530636370182,0.0111028365790844,0.0082707395777106,0.005442842375487,0.0028537702746689,0.0018870329950004,0.0031250603497028,0.005591104272753,0.0084842592477798,0.0114560835063457,0.0143893416970968,0.0172689761966467,0.020111445337534,0.0229390189051628,0.0254377461969852,0.0261943638324738,0.0247961673885584,0.0222688131034374,0.019362099468708,0.0163908638060093,0.0134591832756996,0.0105827348306775,0.0077402452006936,0.0049048759974539,0.002212569117546,0.0008827792480587,0.0018204106017947,0.0041734878905117,0.0070281522348523,0.0099961385130882,0.0129270488396287,0.0157947838306427,0.0186291690915823,0.0214513540267944,0.0240806844085455,0.0251947920769453,0.0240506939589977,0.0216178875416517,0.0187304429709911,0.0157445836812258,0.0127895623445511,0.0099056996405124,0.0070606372319161,0.0042249802500009,0.0014650671510025,-0.0001592467888258,0.0004657668760046,0.0026561776176095,0.0053828679956495,0.0071363123133778,0.0066333669237792,0.0045074634253978,0.0017488816520199,-0.0011677497532218,-0.004050925374031,-0.006890919059515,-0.009689649567008,-0.0124654024839401,-0.0152309415861964,-0.0179804768413305,-0.0207268875092268,-0.0234587304294109,-0.0261835269629955,-0.0289030782878399,-0.0315922275185585,-0.0333940163254738,-0.0329918824136257,-0.0308370646089315,-0.027949333190918,-0.0248730331659317,-0.0218071267008781,-0.0187908504158258,-0.0158121399581432,-0.0128758167847991,-0.0099582532420754,-0.0070470599457621,-0.0041378145106136,-0.001239706412889,0.0016441813204437,0.0045108310878276,0.0073349722661078,0.0092685278505086,0.0089969895780086,0.0069656544364988,0.0042336909100413,0.0019513452425599,0.001747699920088,0.0034890933893621,0.0061169927939772,0.0090222917497158,0.0119423065334558,0.0148104652762413,0.0176326036453247,0.020418930798769,0.0231950134038925,0.0259554963558912,0.0287008583545685,0.0307780541479588,0.0307629704475403,0.0288306716829538,0.026058953255415,0.0230393745005131,0.0200061146169901,0.0170276835560799,0.0140955615788698,0.0116531476378441,0.0111281741410494,0.0126742403954268,0.0152114555239677,0.0180655382573605,0.0209500156342983,0.0232195910066366,0.0234327651560307,0.0216502025723457,0.0189422033727169,0.0159587189555168,0.0129624549299479,0.0100207887589931,0.0071316440589726,0.0042636045254766,0.001415044767782,-0.0014259507879614,-0.0042594252154231,-0.0070741134695708,-0.0098857712000608,-0.0123722776770592,-0.0131388353183866,-0.0117443446069956,-0.0092098256573081,-0.0062872543931007,-0.0032901435624808,-0.0003350784245412,0.00256894598715,0.0054369927383959,0.0082814479246735,0.0111187985166907,0.0139510128647089,0.0164768304675817,0.0172543153166771,0.0158456973731518,0.0133115500211716,0.0103957653045654,0.0074138343334198,0.0044805463403463,0.0015993642155081,-0.0010777801508083,-0.0022514131851494,-0.0011631567031145,0.0012165226507931,0.0040584951639175,0.007004328072071,0.0099235931411385,0.0127829797565937,0.015603493899107,0.0184009894728661,0.0211860463023186,0.0239613372832537,0.0267351157963276,0.0294856131076813,0.0319803282618523,0.0328619815409184,0.0315432399511337,0.0289893615990877,0.0260155126452446,0.0229727923870087,0.020074512809515,0.0184610262513161,0.019127681851387,0.0212952271103859,0.0240208450704813,0.0268864706158638,0.0295905712991953,0.0308398120105267,0.0298227965831757,0.0274110548198223,0.0244851671159267,0.0214485265314579,0.0184542294591665,0.0155065469443798,0.0126031385734677,0.0097212987020611,0.0068459291942417,0.0039790240116417,0.0011249633971601,-0.001718632876873,-0.004514243453741,-0.0062929224222898,-0.005825244821608,-0.0037078973837196,-0.0009259274229407,0.002032000105828,0.0049830637872219,0.0078781945630908,0.0106956381350756,0.0124722206965089,0.0119839273393154,0.0098679168149828,0.007094856351614,0.0041577778756618,0.0012358712265268,-0.0016487037064507,-0.0044792089611291,-0.0072913067415356,-0.0100899543613195,-0.0128828138113022,-0.0156542230397463,-0.01763647608459,-0.0174761600792408,-0.0154909752309322,-0.0127073246985674,-0.0097046010196209,-0.006699469871819,-0.0037580551579594,-0.000860160740558,0.0020178779959678,0.0048838797956705,0.0077363499440252,0.0105646997690201,0.0133883506059647,0.0161753837019205,0.0180561244487762,0.0177297126501799,0.0156837608665228,0.0129035385325551,0.0099256969988346,0.0069629959762096,0.0046020280569791,0.0042971433140337,0.0059768548235297,0.0085832923650741,0.0114723108708858,0.0143888313323259,0.0172507371753454,0.0200659707188606,0.0228501837700605,0.0256205163896084,0.0283790044486523,0.0311221666634083,0.0338553674519062,0.0365771502256393,0.0386289283633232,0.038573257625103,0.0366082303225994,0.0338062755763531,0.0307594388723373,0.0276985019445419,0.0250699426978827,0.0242950953543186,0.0256532095372677,0.0280967615544796,0.0308877117931843,0.0337251722812653,0.0365108735859394,0.0392505899071693,0.0419600158929825,0.0446570254862309,0.04733532294631,0.050007876008749,0.0522916428744793,0.0527371056377888,0.0510628744959831,0.0483403429389,0.0452718213200569,0.0421521291136742,0.0390791893005371,0.0360668525099754,0.0333252847194672,0.0322151407599449,0.0332952663302422,0.0355921648442745,0.0383244901895523,0.0411523468792439,0.0439360328018665,0.0466543026268482,0.0491073727607727,0.0499176606535912,0.0485235378146172,0.0459241941571236,0.0429048053920269,0.039801649749279,0.0367446728050709,0.033737413585186,0.0307679269462824,0.0278287325054407,0.0248980522155762,0.0219779312610626,0.0192094389349222,0.0177956745028496,0.0186542216688395,0.0209203008562326,0.0236987229436636,0.0265920516103506,0.029451034963131,0.0322525165975094,0.0348798334598541,0.0361092127859592,0.0350683890283108,0.0326421596109867,0.0297178998589516,0.0266849063336849,0.0236835330724716,0.0207378678023815,0.0178287290036678,0.0149351209402084,0.0120580838993192,0.0091910315677523,0.0063967034220695,0.0047315275296568,0.0053236382082104,0.0074874134734273,0.0102653317153454,0.0131986830383539,0.016111433506012,0.0189742278307676,0.021790973842144,0.0245888270437717,0.0272524431347847,0.0286548286676407,0.0277987830340862,0.0254784803837538,0.0225937850773335,0.0195822007954121,0.0166052002459764,0.01367621216923,0.0107891354709864,0.0079216677695512,0.0051019908860325,0.0031500761397182,0.0034031602554023,0.0054170531220734,0.0081517435610294,0.0110854338854551,0.0139638502150774,0.0157617423683405,0.0152930188924074,0.0131815504282713,0.0103995520621538,0.0074441572651267,0.0045097609981894,0.0016282327705994,-0.0012099617160856,-0.0040286318399012,-0.0068279495462775,-0.009622392244637,-0.012404509820044,-0.0151762859895825,-0.0179283376783133,-0.0200131591409445,-0.0200094655156136,-0.0181145705282688,-0.0153648126870394,-0.0123580060899258,-0.009329698048532,-0.006358434446156,-0.0034442325122654,-0.0005472193006426,0.0023315069265663,0.0051898993551731,0.0080479476600885,0.0108863897621632,0.0137154683470726,0.0165319498628378,0.0193219128996134,0.0214342027902603,0.0214563999325037,0.0195811428129673,0.0168656129390001,0.0143465558066964,0.0137350978329778,0.0152331292629242,0.0177481416612864,0.0205856189131737,0.0234759729355574,0.0263028517365456,0.0290838517248631,0.0318350270390511,0.0345709435641766,0.0372907742857933,0.0400015786290169,0.0427023693919182,0.0453912019729614,0.0474992655217648,0.0475837253034115,0.0457113087177277,0.0429201610386372,0.0398463681340218,0.0367455147206783,0.0336941033601761,0.0307002924382687,0.0277351215481758,0.0247899647802114,0.0218595452606678,0.0189333241432905,0.0160240102559328,0.0131240412592888,0.0102320304140449,0.007364546880126,0.004512308165431,0.0016562509117648,-0.0008916052756831,-0.0016915907617658,-0.0003193977172486,0.0021851800847798,0.0050783124752342,0.0080347433686256,0.0109432637691498,0.0138036552816629,0.0164485909044743,0.0175640247762203,0.0164336208254099,0.0140186483040452,0.0111491158604622,0.0081845130771398,0.005252513103187,0.0023660694714635,-0.0004793391562998,-0.0033081634901464,-0.005879336502403,-0.0068233590573072,-0.0055760135874152,-0.0030967174097895,-0.0001961611269507,0.0027925034519285,0.0057287029922008,0.0086083877831697,0.0114541137591004,0.0142874792218208,0.0170038007199764,0.0184502471238375,0.0176462177187204,0.0153514845296741,0.01250403188169,0.0095338560640811,0.0065778521820902,0.0036894432269036,0.0008283023489639,-0.0020186088513582,-0.0048425458371639,-0.0076454430818557,-0.0104393884539604,-0.0132368253543973,-0.0160215850919485,-0.0187885351479053,-0.0214423052966595,-0.0228306669741869,-0.0219618044793606,-0.019620144739747,-0.0167544912546873,-0.0147953890264034,-0.015097257681191,-0.0170691311359406,-0.0196842439472675,-0.0214813351631165,-0.0210536774247885,-0.0189201962202787,-0.0160857141017914,-0.0130653148517013,-0.0100512402132154,-0.0070982417091727,-0.0041845710948109,-0.0012908815406262,0.0015834855148568,0.0044468943960964,0.0072919568046927,0.0101256240159273,0.0129386456683278,0.0157430376857519,0.0185274016112089,0.0205140076577663,0.0203469917178154,0.0183635577559471,0.0155943669378757,0.0126026347279549,0.0096370931714773,0.0076126572676003,0.0078222174197435,0.0097837876528501,0.0124793779104948,0.0153657775372267,0.0182342100888491,0.02106555365026,0.0238540843129158,0.0266163423657417,0.029365174472332,0.0321083813905716,0.0348335839807987,0.0375494137406349,0.0402563959360123,0.0423976741731167,0.042500913143158,0.0406360328197479,0.0378643348813057,0.0348067842423916,0.0317288637161255,0.0286936908960342,0.0257274191826582,0.022786283865571,0.0198523532599211,0.0169415939599276,0.0140406526625156,0.0116976480931044,0.0113665712997317,0.0130211310461164,0.0156036503612995,0.0184698402881622,0.0213612858206034,0.0242018681019545,0.0269899591803551,0.0293619185686111,0.0298839975148439,0.0283109471201897,0.0256753824651241,0.0226900707930326,0.0196663048118353,0.0166865773499012,0.0137601401656866,0.010872595012188,0.0080043971538543,0.0051399068906903,0.0022910456173121,-0.0001687192416284,-0.0007862639031372,0.0007037537870928,0.0032465441618114,0.0061454256065189,0.0090943193063139,0.0119927302002907,0.014848374761641,0.0174266826361418,0.0183517169207335,0.0170810483396053,0.014594011940062,0.0116858156397939,0.0087065696716308,0.0060610207729041,0.0052024899050593,0.0065336795523762,0.0090051684528589,0.011861976236105,0.0147822611033916,0.0176595114171505,0.0204830914735794,0.0232737381011248,0.026044113561511,0.0288064107298851,0.0315588414669037,0.0343034937977791,0.0370400696992874,0.0396166890859604,0.040811825543642,0.0397481545805931,0.0372839085757732,0.0343217626214027,0.0312514267861843,0.028199128806591,0.0252030603587627,0.0222622156143188,0.019337261095643,0.0164277460426092,0.0135251209139824,0.0106407525017858,0.0077679236419498,0.0049034259282052,0.0020490870811045,-0.0006480448064394,-0.0019759621936827,-0.001047246158123,0.0013024855870753,0.0040716836228966,0.0058011198416352,0.0052565392106771,0.0031244524288922,0.0004391256370581,-0.001296515809372,-0.0007641663542017,0.0013990132138133,0.004191864747554,0.0071469834074378,0.0100854216143489,0.0129609387367964,0.015786848962307,0.0185869857668877,0.0213867090642452,0.0241791475564241,0.0269636660814285,0.0297277495265007,0.0324834063649178,0.0352179519832134,0.0379260554909706,0.0397451743483543,0.0393384583294392,0.0371838994324207,0.0343502201139927,0.032197616994381,0.0322358720004559,0.0340528413653374,0.0366382859647274,0.0394429042935371,0.0422427393496037,0.0449922755360603,0.0476950779557228,0.0503854900598526,0.0530527606606483,0.0557112097740173,0.058360829949379,0.0609973967075348,0.063631683588028,0.0662558376789093,0.0688614696264267,0.0707809552550316,0.0706076472997665,0.0685429871082306,0.0656341537833214,0.0624744817614555,0.0593037679791451,0.056182935833931,0.0531198754906654,0.0500766597688198,0.0470507591962814,0.044047474861145,0.0410446189343929,0.0380645021796227,0.0350938998162746,0.0321291089057922,0.0291933082044125,0.0269450806081295,0.0267766155302525,0.028513366356492,0.0310898087918758,0.0334618091583252,0.0338994562625885,0.0322444103658199,0.0295886341482401,0.0270812921226025,0.026447668671608,0.0279026813805103,0.0303878597915173,0.0332119353115559,0.0360647365450859,0.0388719066977501,0.0416363030672073,0.0443690791726112,0.047091618180275,0.0497958734631538,0.0524929985404015,0.0551839247345924,0.0578668005764484,0.0605363771319389,0.0631854310631752,0.0655044838786125,0.0660920217633247,0.0645216032862663,0.0618208535015583,0.0587394088506699,0.0555996671319008,0.052494864910841,0.0494454056024551,0.0464326143264771,0.0434318035840988,0.0408269092440605,0.0400583446025848,0.04140729829669,0.0438295044004917,0.0465852320194244,0.0493851825594902,0.052126619964838,0.0548288710415363,0.0575162768363953,0.0601903721690178,0.062670573592186,0.0636179149150848,0.0623104348778725,0.0597270727157593,0.056688480079174,0.0535536035895348,0.0504537001252174,0.0474140048027039,0.0445743799209595,0.0432740077376366,0.0442120879888535,0.0464490652084351,0.0491474680602551,0.0519393086433411,0.0547072626650333,0.0574268773198128,0.0601008087396622,0.0627630949020386,0.0654221773147583,0.0680646523833275,0.0705891996622086,0.0718352198600769,0.0708257257938385,0.0683512091636658,0.0653197765350342,0.0621611922979355,0.0590213499963284,0.0559393428266048,0.0529011562466621,0.0498829521238804,0.0468740686774254,0.0438753925263882,0.0409852750599384,0.0393718369305134,0.0400291308760643,0.0421528816223145,0.0448386892676353,0.0476531088352203,0.0504426285624504,0.0531859435141087,0.0558418035507202,0.0574434585869312,0.056801687926054,0.0545330867171288,0.0516113862395287,0.0485210940241814,0.0455068796873093,0.0436678119003773,0.0441285446286201,0.0461750254034996,0.0488336607813835,0.0516254380345345,0.0544071830809116,0.0571412593126297,0.0598275735974312,0.0624818541109562,0.0651420280337334,0.0677849128842354,0.0704163461923599,0.0730360224843025,0.0756307542324066,0.0774304866790771,0.0770789757370949,0.0749150067567825,0.0719730108976364,0.0688089355826378,0.065643422305584,0.0625276863574982,0.0594602301716805,0.0564256906509399,0.0534068122506142,0.0503902658820152,0.047384649515152,0.0444022491574287,0.0414560362696648,0.039419412612915,0.0395827703177929,0.0414688475430012,0.0440863743424416,0.0469024293124676,0.049704734236002,0.0518933907151222,0.0520042032003403,0.0501463413238525,0.0473736971616745,0.0443315543234348,0.041265707463026,0.0382519215345383,0.0352867916226387,0.0323493294417858,0.0294330231845379,0.0265331454575062,0.02364132553339,0.021318357437849,0.0210117120295763,0.0226831585168839,0.025279812514782,0.0281510353088379,0.0310497712343931,0.0338887795805931,0.0366852283477783,0.0390675365924835,0.039588313549757,0.0380137749016285,0.0353750251233578,0.0324056893587112,0.0293854549527168,0.0264069754630327,0.0234915688633919,0.0206101685762405,0.0177421420812607,0.0148805556818843,0.0120305623859167,0.0095707513391971,0.0089557450264692,0.0104352934285998,0.0129793453961611,0.0158764850348234,0.0188208222389221,0.0217129196971655,0.0245581436902285,0.027117533609271,0.0280365664511919,0.0267664641141891,0.0242805015295744,0.0213685147464275,0.0183763541281223,0.0154295694082975,0.0125408861786127,0.0099210776388645,0.008923559449613,0.0101352278143167,0.0125709902495146,0.015438811853528,0.0183809734880924,0.0212827958166599,0.0241324622184038,0.0269378833472729,0.029725905507803,0.0325021147727966,0.0352694019675255,0.0378828532993793,0.039110541343689,0.0380718223750591,0.0356454961001873,0.0327120646834373,0.0296780485659838,0.026667557656765,0.0236973017454147,0.0207747630774975,0.0178849715739489,0.0151744410395622,0.0139912953600287,0.0150565784424543,0.0174076557159424,0.0202181842178106,0.0231197252869606,0.0259944014251232,0.0288187060505152,0.031601257622242,0.0343622639775276,0.037042923271656,0.0385697484016418,0.0378379933536053,0.0355626828968525,0.0326848514378071,0.0296508856117725,0.0266397148370743,0.0236833766102791,0.0207703094929457,0.0178687777370214,0.0149917434900999,0.0121227875351906,0.0092602036893367,0.0064210649579763,0.0035805362276732,0.0007497491315007,-0.0019932268187403,-0.0035915435291826,-0.0029375259764492,-0.0007314456161111,0.0020620231516659,0.0041128876619041,0.0039239120669663,0.0019658314995467,-0.0007291225483641,-0.0036248986143618,-0.0065135331824421,-0.0093466155230999,-0.0121364993974566,-0.0149040473625064,-0.01762112416327,-0.0192982442677021,-0.0187338478863239,-0.0165381003171206,-0.0136830098927021,-0.0106555912643671,-0.0076390635222196,-0.0046819923445582,-0.0017599842976778,0.0011323567014187,0.004002365283668,0.0061733461916446,0.0062484787777066,0.0044407099485397,0.0017846941482275,-0.0011111142812296,-0.0040258299559354,-0.0068865530192852,-0.009701901115477,-0.0124945491552353,-0.0152775477617979,-0.0180512554943562,-0.0208086092025042,-0.0235550217330456,-0.0262882094830275,-0.0290149115025997,-0.0317204333841801,-0.0337398238480091,-0.0336767882108688,-0.0317219309508801,-0.0289136320352554,-0.0263253636658192,-0.0256855580955744,-0.0271308161318302,-0.0295768063515425,-0.0323372632265091,-0.0351385548710823,-0.0378935188055038,-0.0406060926616192,-0.0432953834533691,-0.0459598675370216,-0.0486099608242512,-0.0512500405311584,-0.0534125193953514,-0.0536365807056427,-0.0518293082714081,-0.049041960388422,-0.0459437929093838,-0.0428089462220669,-0.0397253893315792,-0.0366933308541775,-0.0340068936347961,-0.0330699197947979,-0.0342912748456001,-0.0366481728851795,-0.0393783003091812,-0.0421743206679821,-0.0449311099946499,-0.0476323068141937,-0.0503093041479588,-0.0529791042208672,-0.0556333921849728,-0.0582699179649353,-0.0609024092555046,-0.0635205954313278,-0.066131629049778,-0.0687301978468895,-0.0710010007023811,-0.071548618376255,-0.0699398964643478,-0.0671921074390411,-0.0642496272921562,-0.0627807155251503,-0.0635744333267212,-0.0656963065266609,-0.0682952255010605,-0.07098788022995,-0.0736509636044502,-0.0762649029493332,-0.0786740034818649,-0.0795374661684036,-0.0781763792037964,-0.0755257979035378,-0.0724169760942459,-0.069202296435833,-0.0660240054130554,-0.0629086121916771,-0.0598344504833221,-0.0567733459174633,-0.0537333413958549,-0.0507016852498055,-0.0477929562330246,-0.0461638942360878,-0.0467832759022713,-0.0488810315728188,-0.0515425354242325,-0.0543303862214088,-0.0570904165506363,-0.0598013922572136,-0.062467485666275,-0.0651061534881592,-0.0677428022027016,-0.0703684240579605,-0.0728813260793686,-0.0741293355822563,-0.073112353682518,-0.0706263929605484,-0.0675806030631065,-0.0644079968333244,-0.0612587556242943,-0.0581724420189857,-0.0551668368279934,-0.0532275289297104,-0.0535341016948223,-0.0554638206958771,-0.058046855032444,-0.0608023181557655,-0.0634752288460732,-0.0649806559085846,-0.0641756951808929,-0.0618027523159981,-0.0588273070752621,-0.0556985139846802,-0.0525916218757629,-0.0495316088199615,-0.0465246327221394,-0.0435468852519989,-0.0405671074986458,-0.0376029834151268,-0.0346588343381882,-0.0317264273762703,-0.0288258548825979,-0.026713065803051,-0.0267522428184748,-0.0286141168326139,-0.0312513522803783,-0.0341035313904285,-0.0369318947196007,-0.0388147532939911,-0.0384670756757259,-0.036374069750309,-0.0335626639425755,-0.0305452942848206,-0.0275297835469246,-0.0245746374130249,-0.0216733850538731,-0.0187921412289143,-0.0159229971468449,-0.0130673330277205,-0.0102108120918274,-0.0073738768696785,-0.0045508071780204,-0.0022992067970335,-0.0020929058082401,-0.0038353593554347,-0.0064935032278299,-0.0094360159710049,-0.0124000180512667,-0.0153057146817446,-0.0181618165224791,-0.020986357703805,-0.0237818025052547,-0.0258855149149895,-0.0259050093591213,-0.024028716608882,-0.021317470818758,-0.0183481685817242,-0.0153727801516652,-0.0124440211802721,-0.0095710773020982,-0.0067219892516732,-0.0038904654793441,-0.0014650516677647,-0.0008763587102293,-0.0023962461855262,-0.0049751852639019,-0.0078894719481468,-0.0108425654470921,-0.0137492492794991,-0.0166037622839212,-0.0194311663508415,-0.0222370717674494,-0.0245774369686842
0.0755841657519341,0.078484520316124,0.0802675113081932,0.079540841281414,0.0769081264734268,0.0735022723674774,0.070704311132431,0.0703249573707581,0.0721047297120094,0.0748738273978233,0.0779129266738892,0.0809605717658997,0.0839484632015228,0.0868856310844421,0.0889538004994392,0.0885972157120705,0.0861236900091171,0.0827197134494781,0.079086035490036,0.0754660442471504,0.0719071105122566,0.0684046149253845,0.0649231597781181,0.0614882260560989,0.0580733083188534,0.0546756684780121,0.0518652833998203,0.0513206720352173,0.0530461706221104,0.0558547899127007,0.0590075701475143,0.062170572578907,0.0652950033545494,0.0683574751019478,0.0713963732123375,0.0744211450219154,0.0774251520633698,0.0804001539945602,0.0827676653862,0.0828956142067909,0.0807400271296501,0.0774884819984436,0.073920875787735,0.0703334361314774,0.0667989179491997,0.0633388981223106,0.0602964535355568,0.0593068823218346,0.0607367791235447,0.0634225457906723,0.0665288120508194,0.0696914196014404,0.0722878277301788,0.0726851746439934,0.0707109197974205,0.0675537064671516,0.0640472918748856,0.0604908131062984,0.0570034496486187,0.0535713620483875,0.0501820966601372,0.0468170009553432,0.0434689670801163,0.0401408784091473,0.0368329845368862,0.0335400477051735,0.0304952189326286,0.0292377285659313,0.0304965823888779,0.0332006290555,0.0363903120160103,0.0396782234311104,0.0426110923290253,0.0435442216694355,0.0419730916619301,0.0390632972121239,0.0357081294059753,0.0322818532586098,0.0289044342935085,0.0255895536392927,0.0223155058920383,0.019078716635704,0.0158476680517197,0.0126191452145576,0.0093972226604819,0.0061963433399796,0.0031408062204718,0.0015998792368918,0.0026343194767832,0.0053051002323627,0.0085602002218365,0.0119358096271753,0.0152888931334019,0.0185841917991638,0.0218185614794493,0.0250406544655561,0.0280533824115992,0.0293701477348804,0.0281420405954123,0.0253964215517044,0.0221144687384367,0.0187310911715031,0.0153837781399488,0.0120948255062103,0.0088583631440997,0.0056394599378109,0.0025053983554244,0.0006243482930585,0.0012709149159491,0.0037414662074297,0.0069410437718033,0.0103091355413198,0.0136504461988807,0.0169364716857672,0.0201754011213779,0.0233849920332432,0.0264598503708839,0.0281482003629208,0.0272870715707541,0.0247011762112379,0.0214465968310833,0.0180486589670181,0.0146764693781734,0.0113755203783512,0.0081246756017208,0.004897425416857,0.0017161413561552,-0.0005217716097831,-0.0002521168207749,0.0020279227755963,0.005133403930813,0.007497327402234,0.0073972512036562,0.0052475905977189,0.0021946744527667,-0.0011115509551018,-0.0044126035645604,-0.0076456777751445,-0.01083411462605,-0.0139864683151245,-0.0171135719865561,-0.0202397014945745,-0.0233612414449453,-0.0264522507786751,-0.0295378677546978,-0.0326139740645885,-0.0356597937643528,-0.0379954650998116,-0.0379908941686153,-0.0358095429837704,-0.0326105318963528,-0.0291295293718576,-0.025627575814724,-0.0222006272524595,-0.0188279338181019,-0.0154861267656088,-0.012165985070169,-0.0088526513427496,-0.0055446280166506,-0.002264785580337,0.0009963763877749,0.0042457096278667,0.007469686679542,0.0099508594721555,0.0100943502038717,0.008074689656496,0.00503441831097,0.0021481201983988,0.00142129114829,0.0030953877139836,0.0059784669429063,0.0092594139277935,0.0125802522525191,0.0158529952168465,0.0190556850284338,0.022221252322197,0.025370329618454,0.028492646291852,0.0316113382577896,0.0342119000852108,0.0346620865166187,0.0327775292098522,0.0297099854797125,0.0262915547937155,0.022840166464448,0.0194319617003202,0.0160944815725088,0.0131074814125896,0.0120362620800734,0.0134529788047075,0.0162158664315939,0.0194446258246899,0.0227438528090715,0.0255730897188187,0.0263046883046627,0.0246135629713535,0.0216537564992905,0.0182780008763075,0.0148660792037845,0.0115040680393577,0.0082094222307205,0.0049698296934366,0.0017334441654384,-0.0014882052782923,-0.0046956799924373,-0.0078955944627523,-0.011068063788116,-0.0140613988041878,-0.0153843034058809,-0.0141655532643199,-0.0114128161221743,-0.008114818483591,-0.0047129755839705,-0.0013443701900541,0.0019583362154662,0.0052300840616226,0.0084762629121542,0.0117058362811804,0.014920168556273,0.0179315600544214,0.019269835203886,0.0180668085813522,0.0153271919116378,0.0120336683467031,0.0086456201970577,0.0052928924560546,0.0020054406486451,-0.0011433844920247,-0.0028998721390962,-0.0021037205588072,0.0004447263781912,0.0036716694012284,0.0070375995710492,0.010357728227973,0.0136161986738443,0.0168312042951584,0.0200091786682606,0.0231845770031214,0.0263377297669649,0.029483238235116,0.032614141702652,0.0355744175612926,0.0369904562830925,0.0358587950468063,0.0331264734268188,0.0297785867005587,0.0262981858104467,0.022901551797986,0.0206713974475861,0.0209831725805998,0.0232249833643436,0.0262744184583426,0.02952672354877,0.0326954536139965,0.0345637835562229,0.0338177233934402,0.0312462784349918,0.0279621314257383,0.0245107337832451,0.0210811290889978,0.0177259631454945,0.0144155826419592,0.0111292004585266,0.0078639006242156,0.0046228654682636,0.0013852062402293,-0.001826508087106,-0.0050253933295607,-0.0073855929076671,-0.0073366779834032,-0.0051661785691976,-0.0020503206178546,0.001315681496635,0.0046911742538213,0.0079955402761697,0.0112315788865089,0.0135820331051946,0.0135180531069636,0.0113629074767232,0.0082756336778402,0.0049377824179828,0.0015924002509564,-0.0016892177518457,-0.0049219783395528,-0.008123111911118,-0.0112877106294036,-0.0144455386325717,-0.0175847075879574,-0.0201209764927626,-0.0204071253538132,-0.0184279810637236,-0.0153611274436116,-0.0119576780125499,-0.0085268737748265,-0.0051513565704226,-0.001845050486736,0.0014171432703733,0.0046594142913818,0.0078956028446555,0.011123888194561,0.0143353715538979,0.017520422115922,0.0199755020439625,0.0200518239289522,0.017958041280508,0.0148693351075053,0.0115004424005747,0.008120447397232,0.0051698312163353,0.0043053389526903,0.0058985138311982,0.0087541323155164,0.0120226982980967,0.0153424143791199,0.0185979567468166,0.0218079332262278,0.0249696988612413,0.0281200557947159,0.0312462262809277,0.0343812480568886,0.0374861136078835,0.0405811667442322,0.0431588180363178,0.0435728132724762,0.041638258844614,0.0385394021868706,0.0350848957896233,0.0316023118793964,0.0284261554479599,0.0270797498524189,0.0282594002783298,0.0308966860175133,0.0340421833097935,0.0372744873166084,0.0404589027166367,0.0435760952532291,0.0466623455286026,0.0497214160859585,0.0527685880661011,0.0558100119233131,0.0585801228880882,0.05956095084548,0.0579907223582268,0.055008202791214,0.0515468865633011,0.0479919761419296,0.0444952547550201,0.0410518422722816,0.0377859212458134,0.0360315963625908,0.0368795096874237,0.039335984736681,0.0424099862575531,0.0456238612532616,0.0487980879843235,0.0519140213727951,0.0548468716442585,0.0562354363501072,0.0550291538238525,0.0522207617759705,0.0488184690475464,0.0452963411808014,0.0418162196874619,0.0384083315730095,0.0350453555583954,0.0316992327570915,0.0283685382455587,0.0250601880252361,0.0218317080289125,0.0198471583425999,0.0204050131142139,0.022774962708354,0.0258794352412224,0.0291709862649441,0.0324243381619453,0.035613939166069,0.0386847853660583,0.0404837504029274,0.039742648601532,0.0371962301433086,0.0339159891009331,0.0304632876068354,0.0270347539335489,0.0236691497266293,0.0203642919659615,0.0170837137848139,0.013825829140842,0.0105816200375557,0.0073580802418291,0.005115452222526,0.0053852377459406,0.0076511688530445,0.0107652917504311,0.0141014885157347,0.0174408555030823,0.0207167286425829,0.0239261575043201,0.0270942412316799,0.0302149727940559,0.032199963927269,0.0316647738218307,0.0292395818978548,0.0260229557752609,0.0226131752133369,0.0192123930901289,0.0158746354281902,0.0125918015837669,0.0093318670988082,0.006108212750405,0.0036118738353252,0.0034399030264467,0.0054557537660002,0.0084875104948878,0.0118146874010563,0.0151470964774489,0.017567940056324,0.0175168085843325,0.0153511725366116,0.0122587131336331,0.0089095346629619,0.0055636651813983,0.0022829819936305,-0.0009415195090696,-0.0041489098221063,-0.0073258890770375,-0.0104929618537426,-0.0136472601443529,-0.0167902372777462,-0.0199077762663364,-0.0225538611412048,-0.0230169333517551,-0.0211264193058014,-0.0180831998586655,-0.0146771175786853,-0.011227292008698,-0.0078274328261613,-0.0044915210455656,-0.0011974169174209,0.0020757697056978,0.0053387526422739,0.0085759479552507,0.0118079110980034,0.0150311607867479,0.0182369090616703,0.0214093215763569,0.0240698046982288,0.0245541650801897,0.022700747475028,0.0196974687278271,0.0166402906179428,0.015446069650352,0.0167525988072157,0.0194602254778147,0.0226556770503521,0.025938592851162,0.0291711427271366,0.0323277786374092,0.0354411192238331,0.0385399982333183,0.041629109531641,0.0447110906243324,0.0477761887013912,0.0508193485438824,0.0534413903951645,0.0540128871798515,0.0521847121417522,0.0491170585155487,0.045644499361515,0.0421192981302738,0.0386376790702343,0.0352237410843372,0.0318619012832642,0.0285101924091578,0.0251731984317303,0.0218666214495897,0.0185682848095894,0.015285181812942,0.0120028331875801,0.008745421655476,0.0054980595596134,0.0022666803561151,-0.0007559092482551,-0.0021188554819673,-0.0009310088935308,0.0017949249595403,0.005065731704235,0.0084375562146306,0.0117739737033844,0.015042632818222,0.0181635282933712,0.0198846738785505,0.019044890999794,0.0164901670068502,0.013256860896945,0.009894685819745,0.0065605277195572,0.0032818354666233,5.01388713018969e-05,-0.0031589153222739,-0.0062174415215849,-0.0077424654737114,-0.0066855070181191,-0.0040187477134168,-0.0007497225888073,0.0026360829360783,0.0059927641414105,0.0092818653210997,0.012522591277957,0.0157476607710123,0.0189027674496174,0.0209248140454292,0.0204267129302025,0.018019400537014,0.0148280821740627,0.0114376693964005,0.0080652208998799,0.0047631291672587,0.0015215598978102,-0.0016998327337205,-0.0049104834906756,-0.0080960365012288,-0.0112558212131262,-0.014420660212636,-0.0175638515502214,-0.0207036733627319,-0.0237905234098434,-0.0257449243217707,-0.0251901112496853,-0.0227286033332348,-0.0194891467690468,-0.0168813653290272,-0.0167150106281042,-0.0187016595155001,-0.0216300748288631,-0.0240093693137169,-0.0239928662776947,-0.0218241661787033,-0.0186797119677067,-0.0152531219646335,-0.0118181155994534,-0.0084526576101779,-0.0051383515819907,-0.0018625347875058,0.0014021950773894,0.0046415124088525,0.0078728683292865,0.011095080524683,0.0142927775159478,0.0174802485853434,0.0206416696310043,0.0231845639646053,0.0234632752835751,0.0214786119759083,0.0184193421155214,0.0150315072387457,0.0116189960390329,0.0089771533384919,0.0087474975734949,0.0107151716947556,0.0136773474514484,0.0169406998902559,0.0202153623104095,0.0234379135072231,0.0266042836010456,0.0297445058822632,0.0328686609864235,0.0359709970653057,0.0390655472874641,0.042142353951931,0.0452184602618217,0.0478716567158699,0.0484916307032108,0.0466665178537369,0.0435955338180065,0.0401332676410675,0.0366252884268761,0.0331609770655632,0.0297669656574726,0.0264082606881857,0.0230851378291845,0.0197705570608377,0.016462579369545,0.013574818149209,0.012732595205307,0.0143069494515657,0.0171507019549608,0.0203915182501078,0.023697841912508,0.0269443802535534,0.0301421545445919,0.0330250971019268,0.0340931266546249,0.0326656401157379,0.0298170708119869,0.0264628976583481,0.0230286084115505,0.019638130441308,0.0163068510591984,0.013019410893321,0.0097597893327474,0.0065181441605091,0.0032819900661706,0.000300428160699,-0.0008795080357231,0.0004763380566146,0.0032557817175984,0.0065362071618437,0.0098963193595409,0.0132120717316866,0.0164575222879648,0.0195203218609095,0.0210437327623367,0.0199822019785643,0.0173185430467129,0.0140531100332737,0.0106540881097317,0.0075029134750366,0.0060611125081777,0.0071876258589327,0.0098525555804371,0.0130716972053051,0.0164022576063871,0.0196828860789537,0.0229069590568542,0.0260825324803591,0.0292415581643581,0.0323752164840698,0.0355086252093315,0.0386148765683174,0.0417112521827221,0.0447369888424873,0.0464884266257286,0.0456955544650555,0.0430972650647163,0.0397838242352009,0.036294549703598,0.0328241512179375,0.0294149033725262,0.0260672625154257,0.0227406322956085,0.0194416493177414,0.0161622390151024,0.0128889540210366,0.0096168825402855,0.0063655795529484,0.0031335735693574,-1.86724646482617e-05,-0.0019131225999444,-0.0012779908720403,0.0011794760357588,0.004350556526333,0.0067127533257007,0.006547337397933,0.0043467259965837,0.0013041601050645,-0.0010022355709224,-0.0008660949533805,0.0013406878570094,0.0044450024142861,0.0077947890385985,0.0111399739980698,0.0144305359572172,0.0176712386310101,0.0208628848195076,0.0240421090275049,0.0272034108638763,0.0303583424538374,0.0334899425506592,0.0365986712276936,0.0396979711949825,0.0427811667323112,0.0451250001788139,0.045128483325243,0.0429425351321697,0.03975785151124,0.0369786247611046,0.0365443080663681,0.0383460372686386,0.0411941185593605,0.0443559773266315,0.0475411489605904,0.0506650358438492,0.0537334010004997,0.0567634589970112,0.0597911067306995,0.0627914816141129,0.065779983997345,0.0687690302729607,0.071737602353096,0.074695847928524,0.0776462107896805,0.0800783187150955,0.0803490728139877,0.0782709568738937,0.0750397741794586,0.0714547336101532,0.0678358823060989,0.0642830729484558,0.0607885345816612,0.0573453828692436,0.0539169050753117,0.0504944697022438,0.0470875054597855,0.0437162965536118,0.0403545424342155,0.0369999632239342,0.0336572118103504,0.0308189075440168,0.0301558747887611,0.0318466536700726,0.034707173705101,0.0375946499407291,0.0386091992259026,0.0371139422059059,0.0342333689332008,0.0311897359788418,0.0300013329833746,0.0313059315085411,0.034002996981144,0.037184476852417,0.0404399707913399,0.0436522848904133,0.0467991046607494,0.0498948469758034,0.0529901497066021,0.0560654476284981,0.0591194629669189,0.0621501430869102,0.0651826709508896,0.0682042390108109,0.0712046921253204,0.074011042714119,0.0751294493675232,0.073710024356842,0.0707707032561302,0.0672943145036697,0.0637132003903389,0.0601729527115822,0.0566948652267456,0.0532593578100204,0.0498402640223503,0.04671311378479,0.0453805699944496,0.0465530231595039,0.0491706505417824,0.0522794052958488,0.0554777011275291,0.0586365982890129,0.061732217669487,0.0647847726941109,0.0678161382675171,0.0707236155867577,0.0722296237945557,0.0711822435259819,0.0684106945991516,0.0649823024868965,0.0614159777760506,0.057883583009243,0.0544320531189442,0.0511147081851959,0.0491966791450977,0.0498277135193348,0.0521947480738163,0.0552344620227814,0.0584113895893097,0.061569556593895,0.0646506547927856,0.0676894038915634,0.0707126185297966,0.073728509247303,0.0767337158322334,0.0796582028269768,0.0814590007066727,0.0807271748781204,0.07810939848423,0.0747208148241043,0.0711231157183647,0.067548394203186,0.0640399158000946,0.0605985075235367,0.0571797229349613,0.0537759847939014,0.0503776520490646,0.0470508486032486,0.0448208712041378,0.0451169945299625,0.0473423711955547,0.0503604523837566,0.0535660311579704,0.0567723251879215,0.0599226839840412,0.0630064308643341,0.0651894882321358,0.0649400874972343,0.0625911131501198,0.0593388229608536,0.0558366402983665,0.0523470938205719,0.0499003566801548,0.0499694123864174,0.0520563200116158,0.0550125204026699,0.0582036525011063,0.0613729432225227,0.0644938498735428,0.0675578340888023,0.0705881267786026,0.0736122131347656,0.076606810092926,0.079592652618885,0.0825603678822517,0.08551324903965,0.0878405421972275,0.0879194885492325,0.0857163816690445,0.0824541300535202,0.0788664370775223,0.0752509385347366,0.0716985538601875,0.0682090520858765,0.0647465139627457,0.0613174065947533,0.0578996203839779,0.054503858089447,0.0511227399110794,0.0477587543427944,0.0451330840587616,0.0448603071272373,0.0467718616127968,0.049691092222929,0.0528943613171577,0.0561104156076908,0.0588435903191566,0.0594880022108555,0.0576818697154522,0.0546393543481827,0.0512094497680664,0.0477285012602806,0.0442987680435181,0.0409336015582085,0.0376031585037708,0.0343001037836075,0.0310057699680328,0.0277162957936525,0.0248621590435505,0.0240547303110361,0.0256474800407887,0.0285107623785734,0.0317638665437698,0.0350642763078213,0.0383199602365494,0.0415098965167999,0.0443928241729736,0.0454629585146904,0.0440318360924721,0.0411755926907063,0.03782007843256,0.0343875959515572,0.0310118347406387,0.0276908222585917,0.0243987422436476,0.0211415980011225,0.017895195633173,0.0146683054044843,0.011684712022543,0.010521269403398,0.0118916761130095,0.0146817462518811,0.0179560203105211,0.021319143474102,0.0246317815035582,0.0278964191675186,0.0309658721089363,0.0324659943580627,0.0313829481601715,0.0287006124854088,0.025428231805563,0.0220375545322895,0.0186880379915237,0.0153960231691599,0.0122717078775167,0.0106892492622137,0.0117067843675613,0.0143244573846459,0.0175372920930386,0.0208870768547058,0.0242071058601141,0.0274440981447697,0.0306345093995333,0.0338030681014061,0.0369648933410645,0.0401114746928215,0.0431622341275215,0.0449473336338997,0.0441930778324604,0.0416330769658089,0.0383479744195938,0.0349057167768478,0.0314833000302315,0.028115214779973,0.0247963797301054,0.0215068720281124,0.0183351263403893,0.0165547765791416,0.0173503234982491,0.0198515113443136,0.0230239927768707,0.0263328775763512,0.0296097807586193,0.032826155424118,0.0359846651554108,0.0391342602670193,0.0422435998916626,0.0443520769476891,0.0439584888517857,0.0415733829140663,0.0383552387356758,0.0349024906754494,0.0314705483615398,0.0280964225530624,0.0247674211859703,0.0214820634573698,0.0181994345039129,0.0149339810013771,0.0117002669721842,0.0084751853719353,0.0052578123286366,0.0020480654202401,-0.0011324532097205,-0.0033167779911309,-0.0030009634792804,-0.0007076280307956,0.0024280855432152,0.0050595747306942,0.0053562624379992,0.0034289807081222,0.000477116118418,-0.0027878093533217,-0.0060722115449607,-0.0093053961172699,-0.0124806761741638,-0.0156056489795446,-0.0187003873288631,-0.0209468994289637,-0.0207688454538584,-0.0184994284063578,-0.0153198493644595,-0.0118823144584894,-0.0084411306306719,-0.0050721713341772,-0.0017529169563204,0.0015420401468873,0.0048205675557255,0.0075685563497245,0.0081288740038871,0.0063638016581535,0.0034469407983124,0.0001499305653851,-0.0031801280565559,-0.0064546335488557,-0.0096680158749222,-0.0128396730870008,-0.0159947760403156,-0.0191429182887077,-0.0222745109349489,-0.0253803189843893,-0.0284744687378407,-0.0315549895167351,-0.0346244163811207,-0.0371772535145283,-0.0375667288899422,-0.0356239601969719,-0.0325282663106918,-0.0294079706072807,-0.0281731486320496,-0.0294456500560045,-0.0320895425975323,-0.0351899601519108,-0.038380429148674,-0.0415189266204834,-0.044606052339077,-0.0476506091654301,-0.0506705492734909,-0.0536688975989819,-0.0566549003124237,-0.0593147203326225,-0.0600352510809898,-0.0583030954003334,-0.0552469193935394,-0.0517433173954487,-0.0481628961861134,-0.0446456409990788,-0.0412022583186626,-0.0379913821816444,-0.0364801324903965,-0.0375053845345974,-0.0400257185101509,-0.043105311691761,-0.0462868511676788,-0.0494281314313412,-0.0525077097117901,-0.0555329024791718,-0.0585462488234043,-0.0615508817136288,-0.0645201578736305,-0.0674861967563629,-0.0704413577914238,-0.0733925253152847,-0.0763270556926727,-0.0790637657046318,-0.0801416337490082,-0.0786763280630112,-0.0756919980049133,-0.0722678452730179,-0.0701255798339844,-0.0705771073698997,-0.0727981477975845,-0.0756992474198341,-0.0787715762853622,-0.0818028301000595,-0.0847705751657486,-0.0875938981771469,-0.0890166759490967,-0.0878830030560493,-0.0850165709853172,-0.0815118998289108,-0.0778680890798569,-0.0742449760437012,-0.0707020685076714,-0.0672169849276543,-0.063769742846489,-0.0603224076330662,-0.056889746338129,-0.0535191372036934,-0.0512819811701775,-0.0515646897256374,-0.0537504777312279,-0.0567163154482841,-0.0598829314112663,-0.0630489960312843,-0.0661439895629883,-0.0691894963383675,-0.07220259308815,-0.0751939043402672,-0.0781729817390442,-0.0810955241322517,-0.0829098895192146,-0.0822094157338142,-0.0795691609382629,-0.0761802271008492,-0.0725773125886917,-0.0689937248826027,-0.0654717683792114,-0.0620260164141655,-0.0594597607851028,-0.0593282766640186,-0.0613072998821735,-0.0641971379518509,-0.0673263669013977,-0.0704261437058449,-0.0725035965442657,-0.0720631927251816,-0.069600410759449,-0.0662913024425507,-0.0627420097589493,-0.0592020712792873,-0.0557442978024483,-0.0523358918726444,-0.0489593632519245,-0.0456092320382595,-0.0422724224627018,-0.0389635339379311,-0.0356584936380386,-0.0323612280189991,-0.0296817049384117,-0.0292691960930824,-0.0311116389930248,-0.0340361967682838,-0.0372992195188999,-0.0405891053378582,-0.0430963970720768,-0.0431718342006207,-0.0410619154572487,-0.0379587411880493,-0.0345620438456535,-0.0311519354581833,-0.0277956463396549,-0.0244973711669445,-0.0212305746972561,-0.0179931856691837,-0.0147622032091022,-0.0115378480404615,-0.0083312755450606,-0.0051326351240277,-0.0023563841823488,-0.0016258342657238,-0.0033255415037274,-0.0062695541419088,-0.0096139414235949,-0.0130063518881798,-0.0163485482335091,-0.0196189358830452,-0.022849079221487,-0.0260544754564762,-0.02875692024827,-0.0292633958160877,-0.0274310447275639,-0.0244478359818459,-0.0210925694555044,-0.0177111160010099,-0.0143792843446136,-0.0111153880134225,-0.0078841615468263,-0.004658552352339,-0.0017089950852096,-0.0005812473245896,-0.0019574398174881,-0.0047507318668067,-0.0080470666289329,-0.0114224459975958,-0.0147474948316813,-0.0179974157363176,-0.0212228931486607,-0.0244163759052753,-0.0272660255432129,-0.0281668528914452,-0.0266165807843208,-0.0237164963036776,-0.0203876662999392,-0.0169871039688587,-0.0136461360380054,-0.0103575950488448,-0.0071157272905111,-0.0039001386612653,-0.0008252707775682,0.0006907047936692,-0.0003590222913771,-0.0030156732536852,-0.0061202016659081,-0.0078233107924461,-0.0069568892940878,-0.0044170934706926,-0.0012533997651189,0.0020614396780729,0.0053460835479199,0.008560586720705,0.0117403557524085,0.0148962438106537,0.0180131029337645,0.0211339946836233,0.0242468286305666,0.0273399837315083,0.0304346978664398,0.0334972515702248,0.0364878512918949,0.0382128842175007,0.0373916365206242,0.034765213727951,0.0314270444214344,0.0279171913862228,0.0244326554238796,0.0210070218890905,0.0176436826586723,0.0143120093271136,0.011009206995368,0.0077153402380645,0.0044199973344802,0.0011454998748377,-0.0021043973974883,-0.00533630233258,-0.0084905046969652,-0.0103749185800552,-0.0097100604325532,-0.0072361584752798,-0.0040607638657093,-0.0017042263643816,-0.0018688298296183,-0.0040616784244775,-0.0071375351399183,-0.0104443924501538,-0.0137498024851084,-0.0169959627091885,-0.0201694220304489,-0.023319948464632,-0.0264567621052265,-0.0295880455523729,-0.0326642394065857,-0.0347617901861668,-0.0343839265406132,-0.032008808106184,-0.0287783984094858,-0.0253121517598629,-0.0218564327806234,-0.0184818208217621,-0.0151597280055285,-0.0125963725149632,-0.0123847993090749,-0.0143480254337192,-0.0173183102160692,-0.0205697100609541,-0.0238260272890329,-0.026174359023571,-0.0260607935488224,-0.0238439440727234,-0.0206891987472773,-0.017282422631979,-0.0138701945543289,-0.0105316815897822,-0.0072462386451661,-0.0040074088610708,-0.0007642894634045,0.0024589044041931,0.0056713060475885,0.0088779684156179,0.0120600629597902,0.0147255165502429,0.0152061292901635,0.0133534707129002,0.0103525128215551,0.0069892788305878,0.0035708574578166,0.0002178568392992,-0.0030541049782186,-0.0063064759597182,-0.0095388432964682,-0.0127568989992142,-0.0159493200480938,-0.018628753721714,-0.0191459320485592,-0.017319954931736,-0.0143226915970445,-0.0109680974856019,-0.0075778625905513,-0.0042466716840863,-0.0009710361482575,0.0019306167960166,0.0028843921609222,0.0013784826733171,-0.0014578329864889,-0.0047469967976212,-0.0080904625356197,-0.0113900601863861,-0.0146208871155977,-0.0178191512823105,-0.0209868364036083,-0.0241456385701895,-0.027286509051919,-0.0304124690592289,-0.0335199944674969,-0.0362009778618813,-0.0368117988109589,-0.0350326821208,-0.0320086404681206,-0.028598852455616,-0.0251275058835745,-0.0219021812081337,-0.0204269737005234,-0.0215094070881605,-0.0241083912551403,-0.0272521041333675,-0.0305064972490072,-0.0334753282368183,-0.0345706716179848,-0.0331178791821003,-0.0302292462438345,-0.0268602222204208,-0.0234069190919399,-0.0200049206614494,-0.016654197126627,-0.0133441546931863,-0.0100625222548842,-0.0067967637442052,-0.0035584550350904,-0.0003214502066839,0.0028909230604767,0.006004421506077,0.0077113164588809,0.0068442155607044,0.0042536789551377,0.0010218907846137,-0.0023570377379655,-0.0057127531617879,-0.0090035712346434,-0.0121412938460708,-0.0138678718358278,-0.0130228213965893,-0.0104572791606188,-0.0072434386238455,-0.0038769890088588,-0.0005569700151681,0.0027038489934057,0.0059347795322537,0.0091316802427172,0.0123127289116383,0.015482778660953,0.0185951888561249,0.0205542016774416,0.019998237490654,0.0175416637212038,0.0143159907311201,0.0108907464891672,0.0074962633661925,0.0041678701527416,0.0008792462176643,-0.0023722620680928,-0.0056079868227243,-0.0088272038847208,-0.0120295127853751,-0.0152331767603755,-0.018341725692153,-0.0201870389282703,-0.0194651540368795,-0.0169515907764435,-0.0137220378965139,-0.0103246904909611,-0.006958772893995,-0.0045112459920346,-0.0045528644695878,-0.0067020943388342,-0.0097594745457172,-0.0130713433027267,-0.0163787361234426,-0.0196178928017616,-0.0228005405515432,-0.0259501691907644,-0.0290941037237644,-0.0322132259607315,-0.0353106036782265,-0.0384081974625587,-0.0414571538567543,-0.0435073040425777,-0.0430900305509567,-0.0406662151217461,-0.0374040678143501,-0.0339145362377167,-0.0304473452270031,-0.0276589244604111,-0.0271836966276169,-0.0289730653166771,-0.031830195337534,-0.0350098647177219,-0.0382200665771961,-0.0413718335330486,-0.0444757267832756,-0.0475373640656471,-0.0505712032318115,-0.0535894632339478,-0.0565967783331871,-0.0590123906731606,-0.0591512732207775,-0.0570136196911335,-0.0538166798651218,-0.0502856895327568,-0.0467516630887985,-0.0432777069509029,-0.0398670807480812,-0.0368904583156109,-0.0360013395547867,-0.0375375486910343,-0.0402885489165783,-0.0434503667056561,-0.0466683655977249,-0.0498211979866028,-0.0529093742370605,-0.0555696971714497,-0.0561494342982769,-0.0543128699064255,-0.0512504801154137,-0.0477829873561859,-0.0442668199539185,-0.0408040881156921,-0.0374054759740829,-0.0340350307524204,-0.0306937359273434,-0.0273609049618244,-0.0240571964532137,-0.0210233628749847,-0.0198140367865562,-0.0210906192660332,-0.0238125436007977,-0.0270223319530487,-0.0303107965737581,-0.0335418246686459,-0.0367183610796928,-0.0395960509777069,-0.0406423173844814,-0.0391922146081924,-0.0363272577524185,-0.032966360449791,-0.0295194834470749,-0.0261193700134754,-0.0227979086339474,-0.0195052679628134,-0.0162315834313631,-0.0129677588120103,-0.0097193568944931,-0.0066054118797183,-0.0050674797967076,-0.0060972408391535,-0.0087335836142301,-0.0119554651901126,-0.0153140742331743,-0.0186408627778292,-0.0218976382166147,-0.0251024309545755,-0.0282676704227924,-0.0312233921140432,-0.0324849858880043,-0.0312237553298473,-0.0284498017281294,-0.0251412410289049,-0.0217078365385532,-0.0183310993015766,-0.0150286192074418,-0.0117450021207333,-0.0084967697039246,-0.0053361672908067,-0.0034498309250921,-0.0041017420589923,-0.0065609631128609,-0.0097585972398519,-0.0131130563095212,-0.0163297392427921,-0.0180859100073576,-0.0172519385814667,-0.0146988146007061,-0.0114758927375078,-0.0081115532666444,-0.0047772312536835,-0.0015116962604224,0.0017136059468612,0.0049056857824325,0.0080857938155531,0.0112614613026381,0.014412309974432,0.0175547748804092,0.0206631645560265,0.0227527394890785,0.0223701894283295,0.0199773367494345,0.0167579185217619,0.0133185926824808,0.0098943822085857,0.0065366071648895,0.0032300823368132,-5.44927024748176e-05,-0.0033184718340635,-0.0065651796758174,-0.0097957951948046,-0.0130127742886543,-0.0162083581089973,-0.0193941220641136,-0.0225441679358482,-0.0246840994805098,-0.0243265703320503,-0.0219911672174931,-0.0188137963414192,-0.0161434896290302,-0.0158261097967625,-0.0177273862063885,-0.0206629186868668,-0.0239218361675739,-0.0271953158080578,-0.0303916484117508,-0.0335342288017273,-0.0366333611309528,-0.0397220999002457,-0.0427980907261372,-0.0458671934902668,-0.0489175394177437,-0.0519229210913181,-0.0540650337934494,-0.0537955313920975,-0.0514389500021935,-0.0481642335653305,-0.0446359291672707,-0.0411117896437645,-0.0376503877341747,-0.0342471450567245,-0.0308868288993835,-0.0275358948856592,-0.0242061540484428,-0.0208992119878531,-0.0176066812127829,-0.0143116377294064,-0.0110300211235881,-0.007779736071825,-0.0045406725257635,-0.0013154020998626,0.0013933914015069,0.0019353157840669,0.0001331865350948,-0.0028410893864929,-0.0061738663353025,-0.0095397308468818,-0.01285052113235,-0.016100138425827,-0.0189871117472649,-0.0199237652122974,-0.0183964148163795,-0.0155244003981352,-0.012213827110827,-0.0088350512087345,-0.0055079087615013,-0.0022482662461698,0.0009811744093894,0.0041831769049167,0.0069624078460037,0.0076446598395705,0.0059217410162091,0.002990328008309,-0.0003551413537934,-0.0037427046336233,-0.0070666158571839,-0.0103176180273294,-0.0135396812111139,-0.0167363919317722,-0.0197184402495623,-0.0210154242813587,-0.0197820030152798,-0.0170319210737944,-0.0137444278225303,-0.0103469453752041,-0.0069943852722644,-0.0037217398639768,-0.0004869969561696,0.00273471721448,0.0059439679607749,0.0091277174651622,0.0122921634465456,0.0154572930186987,0.0186115670949221,0.0217569805681705,0.0246744081377983,0.0259100627154112,0.0246153436601162,0.0218210779130459,0.0185538250952959,0.0165684334933758,0.0171775761991739,0.0195829104632139,0.0225694924592972,0.02430085465312,0.023452389985323,0.0208466090261936,0.0175723321735859,0.0141386287286878,0.0107433721423149,0.0074085602536797,0.0041110897436738,0.0008351214928552,-0.002408389467746,-0.0056545939296484,-0.008873607032001,-0.0120688313618302,-0.0152519233524799,-0.0184299275279045,-0.0215403772890568,-0.0235218498855829,-0.0229797661304474,-0.0205427184700966,-0.0173137988895178,-0.0138979274779558,-0.0105664590373635,-0.0085806548595428,-0.0091902557760477,-0.0116020254790783,-0.0147258127108216,-0.0180278979241848,-0.021292120218277,-0.0244912374764681,-0.0276459008455276,-0.0307599492371082,-0.0338661037385464,-0.0369582548737526,-0.0400484912097454,-0.0431195646524429,-0.0461671613156796,-0.0483727939426899,-0.0481257103383541,-0.0457650981843472,-0.0425175167620182,-0.0390081107616425,-0.0355046838521957,-0.032077182084322,-0.0286862906068563,-0.0253352914005518,-0.0220079552382231,-0.0187089089304209,-0.0154355149716139,-0.0130338743329048,-0.0130600966513157,-0.0151578104123473,-0.0181821882724762,-0.0214625634253025,-0.0247458331286907,-0.027958020567894,-0.0311088226735592,-0.0336134508252144,-0.0338529050350189,-0.0318461209535599,-0.0287570860236883,-0.0253427941352129,-0.0219038315117359,-0.0185323972254992,-0.0152119910344481,-0.0119276139885187,-0.0086616110056638,-0.0054230638779699,-0.0021991860121488,0.0004143734404351,0.000717086601071,-0.0012327816803008,-0.004247703589499,-0.0075782146304845,-0.0109374225139618,-0.0142336646094918,-0.0174648948013783,-0.0202620532363653,-0.0209847968071699,-0.0192825514823198,-0.0163506995886564,-0.0130357360467315,-0.0096522700041532,-0.0068500889465212,-0.0062756342813372,-0.0080383848398923,-0.010973084717989,-0.0142661696299911,-0.0175904147326946,-0.0208561848849058,-0.0240579955279827,-0.0272187627851963,-0.0303622856736183,-0.0334886088967323,-0.0366045720875263,-0.0397007130086422,-0.0427847988903522,-0.0456028282642365,-0.0465944707393646,-0.0450868420302868,-0.0421481132507324,-0.0387302413582802,-0.035224374383688,-0.0317723266780376,-0.0283697582781315,-0.025024002417922,-0.0217003356665373,-0.0183958820998669,-0.0150992954149842,-0.0118276625871658,-0.008570697158575,-0.0053281672298908,-0.0020980949047952,0.000853901146911,0.0019689125474542,0.000584632041864,-0.0022140950895845,-0.0053817415609955,-0.0070659779012203,-0.0061534424312412,-0.0035894778557121,-0.0005475559737533,0.0010629162425175,0.0001082300514099,-0.0024971971288323,-0.0057263812050223,-0.0090863481163978,-0.0124103277921677,-0.0156723745167255,-0.018885787576437,-0.0220661424100399,-0.0252188146114349,-0.0283679459244013,-0.0315101183950901,-0.0346346534788609,-0.0377378016710281,-0.0408285707235336,-0.0438394695520401,-0.0455818027257919,-0.0447776354849339,-0.0421544536948204,-0.0388849265873432,-0.0367219373583794,-0.0371465273201466,-0.0394082963466644,-0.0424095243215561,-0.0456031300127506,-0.0487751737236977,-0.0518685393035412,-0.0549113340675831,-0.0579405575990677,-0.0609510242938995,-0.0639295354485512,-0.0668932273983955,-0.0698499456048012,-0.0727979019284248,-0.0757466778159142,-0.0786648318171501,-0.0805743783712387,-0.0800034403800964,-0.0774532109498978,-0.074065163731575,-0.0704351216554642,-0.0668081268668175,-0.063260942697525,-0.0597771108150482,-0.0563274025917053,-0.0528974160552025,-0.0494858920574188,-0.0460753738880157,-0.0426938980817795,-0.0393250249326229,-0.0359654910862446,-0.0326604880392551,-0.0303686708211899,-0.0305604264140129,-0.032742191106081,-0.0357689298689365,-0.0382739342749119,-0.0384380891919136,-0.0363859757781029,-0.0332907401025295,-0.0306349657475948,-0.0303270779550076,-0.0322280786931515,-0.0351463966071606,-0.0383764021098614,-0.041636873036623,-0.044820748269558,-0.0479341074824333,-0.0510203689336777,-0.0540958642959595,-0.0571375004947186,-0.0601788647472858,-0.0632008016109467,-0.066218800842762,-0.0692070126533508,-0.0721980556845665,-0.0746596157550812,-0.0749502256512642,-0.0729176104068756,-0.0697239339351654,-0.0661694407463074,-0.0625875517725945,-0.059072345495224,-0.0556063875555992,-0.0521820783615112,-0.0487988442182541,-0.0460490845143795,-0.0455658882856369,-0.0473347753286362,-0.0501598529517651,-0.0533224307000637,-0.0565095506608486,-0.0596294812858105,-0.0626890137791634,-0.0657126381993294,-0.0687276721000671,-0.0713949725031853,-0.0721367374062538,-0.0704154521226883,-0.0673453509807587,-0.0638351291418076,-0.0602659471333027,-0.056749165058136,-0.0533050447702408,-0.0502356104552746,-0.0491219758987427,-0.0504767037928104,-0.0531607531011105,-0.0562708117067814,-0.0594469085335732,-0.0625807195901871,-0.0656620487570763,-0.0686847418546677,-0.071692056953907,-0.0746726617217064,-0.0776423364877701,-0.0803961604833603,-0.0814809575676918,-0.0800364390015602,-0.0770738944411278,-0.0735670849680901,-0.0699453055858612,-0.066392295062542,-0.0629015415906906,-0.0594465062022209,-0.0560310818254948,-0.0526319183409214,-0.0492559969425201,-0.0460823476314545,-0.0446061752736568,-0.0456618033349514,-0.0482397563755512,-0.0513501316308975,-0.0545606911182404,-0.0577258393168449,-0.0608341507613659,-0.0637822449207306,-0.0653369426727295,-0.0643065422773361,-0.0615623667836189,-0.0581722781062126,-0.0546536818146706,-0.051320917904377,-0.0496034324169159,-0.0504634231328964,-0.052933894097805,-0.0560165643692017,-0.0592243038117886,-0.0623803809285164,-0.0654672309756279,-0.0685093551874161,-0.0715190172195435,-0.0745027363300323,-0.0774902701377869,-0.0804630964994431,-0.0834169611334801,-0.0863054692745209,-0.0880689024925232,-0.0873140320181847,-0.0846661403775215,-0.0812329575419426,-0.0775992721319199,-0.0739937126636505,-0.0704693421721458,-0.0670087561011314,-0.0635702908039093,-0.0601337961852551,-0.0567077398300171,-0.0533068776130676,-0.0499262027442455,-0.0466253757476807,-0.0446327216923237,-0.0451853238046169,-0.0475294068455696,-0.0505879670381546,-0.0538049004971981,-0.0569875799119473,-0.0592596083879471,-0.059045821428299,-0.0567377954721451,-0.0535083748400211,-0.0500207543373108,-0.0465337559580803,-0.0431237444281578,-0.0397646315395832,-0.0364434793591499,-0.0331422500312328,-0.029847826808691,-0.0265820119529963,-0.0242031998932362,-0.0242413766682148,-0.026356678456068,-0.0293926801532507,-0.0326821431517601,-0.035973634570837,-0.0391978099942207,-0.0423622392117977,-0.0448762774467468,-0.0451214015483856,-0.0431128516793251,-0.0400202125310898,-0.0366149209439754,-0.0331804789602757,-0.0298086404800415,-0.0264978781342506,-0.023224214091897,-0.0199628435075283,-0.0167221743613482,-0.0134881790727377,-0.0108807478100061,-0.0105877360329032,-0.0125181954354048,-0.0155247934162617,-0.0188541226089001,-0.0221942029893398,-0.0254826731979847,-0.0287091247737408,-0.031491432338953,-0.0321752801537514,-0.0304562095552683,-0.0275134462863207,-0.0241793356835842,-0.0208016932010651,-0.0174857974052429,-0.0142114106565714,-0.0113817304372787,-0.0106470491737127,-0.0123149743303657,-0.0152099411934614,-0.0185000076889992,-0.021840076893568,-0.0251216739416122,-0.0283374469727278,-0.0315094590187073,-0.0346623249351978,-0.0378157533705235,-0.0409553870558739,-0.0438129156827927,-0.0448457635939121,-0.0433870740234852,-0.0405054464936256,-0.0371218025684357,-0.0336597375571728,-0.0302471686154604,-0.0268888920545578,-0.0235768146812916,-0.0202768370509148,-0.0173418596386909,-0.016365822404623,-0.0178565811365843,-0.020668501034379,-0.0239155627787113,-0.0272267535328865,-0.0304925143718719,-0.0336729139089584,-0.036830123513937,-0.039964534342289,-0.0429506525397301,-0.0443585589528084,-0.0432092845439911,-0.0404622629284859,-0.0371228083968163,-0.0336463265120983,-0.030230313539505,-0.0268730819225311,-0.0235583763569593,-0.0202646497637033,-0.0170132797211409,-0.0137627813965082,-0.010518322698772,-0.0072864084504544,-0.0040665175765752,-0.0008586944313719,0.0021882695145905,0.0036592087708413,0.0025759749114513,-0.00011252942204,-0.0033125032205134,-0.0053696488030254,-0.0048749390989542,-0.0025175989139825,0.0005899417446926,0.0038856051396578,0.0071545750834047,0.0103689869865775,0.0135481022298336,0.0166928954422474,0.0197034738957882,0.0212973952293396,0.0203166324645281,0.0176398474723101,0.0143354162573814,0.0108916526660323,0.0074754375964403,0.0041245324537158,0.0008180168224498,-0.0024686397518962,-0.0057079675607383,-0.0079264808446168,-0.0076571032404899,-0.0054022315889596,-0.0023149466142058,0.0010129678994417,0.0043312842026352,0.0075843106023967,0.0107883103191853,0.0139551628381014,0.0171138122677803,0.0202600844204426,0.0233710370957851,0.0264708232134581,0.029570771381259,0.0326646193861961,0.0357113294303417,0.0377341732382774,0.0372689366340637,0.03482685983181,0.0315612852573395,0.0288038495928049,0.0284011960029602,0.0302248913794756,0.0330866947770119,0.0362697914242744,0.0394595861434937,0.0425850935280323,0.0456611886620522,0.0486967116594315,0.0517191328108311,0.0547220669686794,0.0577223300933838,0.0599648132920265,0.0598401129245758,0.0575582534074783,0.0542831644415855,0.0507390610873699,0.0471839942038059,0.0436913669109344,0.0402618311345577,0.0373613685369492,0.0366642102599144,0.0383056662976742,0.0410885512828827,0.0442360863089561,0.0474306344985962,0.0505731850862503,0.0536477454006672,0.0566863715648651,0.0597124025225639,0.0627288371324539,0.0657257586717606,0.0687035098671913,0.071671225130558,0.0746384039521217
-0.0608905889093876,-0.0642583072185516,-0.0666226297616959,-0.0662508010864258,-0.0635686665773392,-0.0598743632435799,-0.0558995194733143,-0.0519389286637306,-0.0480333082377911,-0.0441969968378544,-0.0411305502057076,-0.0406602993607521,-0.0426882952451706,-0.0459002256393433,-0.0494554713368416,-0.0530319921672344,-0.0565331876277924,-0.0599808357656002,-0.0626903921365738,-0.0628318339586258,-0.0604497641324997,-0.0568650923669338,-0.0529255941510201,-0.0489721223711967,-0.04509487003088,-0.041284617036581,-0.0374998226761818,-0.0337596610188484,-0.0300436187535524,-0.0263315588235855,-0.0231073554605246,-0.022244643419981,-0.0240829940885305,-0.0272895433008671,-0.030924629420042,-0.034606471657753,-0.0382248684763908,-0.0417663641273975,-0.0447976812720299,-0.045491598546505,-0.0434814356267452,-0.0400998890399933,-0.0362713411450386,-0.0323947034776211,-0.0285788513720036,-0.0248295497149229,-0.0211405791342258,-0.0174652356654406,-0.0138075845316052,-0.010162141174078,-0.0068546431139111,-0.0056236097589135,-0.0071863615885376,-0.0103101246058941,-0.0139802983030677,-0.0177415665239096,-0.0214363094419241,-0.0250789150595665,-0.028661260381341,-0.0322196558117867,-0.0353784486651421,-0.036314319819212,-0.0344871580600739,-0.0311980210244656,-0.0274127814918756,-0.0235672295093536,-0.0197774302214384,-0.0160496179014444,-0.0123675735667348,-0.0087190251797437,-0.0052694203332066,-0.0035917796194553,-0.0048045250587165,-0.0077861072495579,-0.0114168263971806,-0.0151891689747572,-0.0186684280633926,-0.0201756283640862,-0.0188025832176208,-0.0157410800457001,-0.0120683079585433,-0.0082906354218721,-0.0045674866996705,-0.0009036159026436,0.0026925720740109,0.0062746414914727,0.0098338313400745,0.0133687220513821,0.0168910771608353,0.0204098876565695,0.0238195955753326,0.0257596299052238,0.02483587898314,0.0219072457402945,0.0182128474116325,0.0143235726282001,0.0104731330648065,0.0067025581374764,0.0029886465054005,-0.000680279568769,-0.0043239495716989,-0.0079600885510444,-0.0115850502625108,-0.0151878343895078,-0.0187675096094608,-0.0223375335335732,-0.0258066616952419,-0.0278161466121674,-0.0269671138375998,-0.0241037849336863,-0.0204812753945589,-0.0178063847124577,-0.0180014912039042,-0.0204545743763447,-0.0238679088652134,-0.0275397337973118,-0.0311932787299156,-0.0347739979624748,-0.0382751189172268,-0.0417519956827164,-0.0452140830457211,-0.0486555323004723,-0.0520936995744705,-0.0555194541811943,-0.058864638209343,-0.0609176084399223,-0.0601209439337254,-0.0572074204683304,-0.0534342750906944,-0.0494593679904938,-0.0455056205391884,-0.0416375920176506,-0.0378261171281338,-0.0340477377176285,-0.0302796345204115,-0.0265436451882124,-0.022828871384263,-0.0191205237060785,-0.0154352486133575,-0.0117734568193555,-0.0081278420984745,-0.0044834613800048,-0.0008527762256562,0.0019071582937613,0.0019397938158363,-0.0004412772832438,-0.0038891686126589,-0.007650826126337,-0.0114346090704203,-0.0151550304144621,-0.0187895987182856,-0.0217943117022514,-0.0223163291811943,-0.020229758694768,-0.0168788954615593,-0.013113928027451,-0.0093137538060545,-0.0055891331285238,-0.0019339749123901,0.0016990803414955,0.0052814208902418,0.0081182355061173,0.0083728693425655,0.0061146998777985,0.0026941529940813,-0.0010857084998861,-0.0048873471096158,-0.008613871410489,-0.0122723113745451,-0.0159034691751003,-0.01949492841959,-0.0226756259799004,-0.0236588753759861,-0.0218943115323782,-0.0186450015753508,-0.0148998126387596,-0.0110726691782475,-0.007327202707529,-0.0036650020629167,-2.71865865215659e-05,0.0035828757099807,0.0071867071092128,0.010766763240099,0.0143359731882811,0.0178899616003036,0.0214194543659687,0.0249292328953743,0.028031324967742,0.0289170257747173,0.0270417593419552,0.0237100888043642,0.0201041083782911,0.018356217071414,0.0195222198963165,0.022410100325942,0.0256782472133636,0.0271388869732618,0.0257350206375122,0.0226038135588169,0.0188331641256809,0.0149725647643209,0.0111573403701186,0.0074114948511123,0.0037073600105941,4.7842666390352e-05,-0.0035899570211768,-0.0072319372557103,-0.0108413640409708,-0.0144369518384337,-0.0180154405534267,-0.0215657390654087,-0.0249927788972855,-0.0268078371882439,-0.0257381051778793,-0.0227756891399622,-0.0190916433930397,-0.015237701125443,-0.0116104725748301,-0.0098424861207604,-0.0109592936933041,-0.0138716604560614,-0.0174337308853865,-0.0211377963423729,-0.024784866720438,-0.0283685307949781,-0.0318972282111645,-0.0353910326957703,-0.0388710796833038,-0.0423390828073025,-0.0457971356809139,-0.049237783998251,-0.0526099987328053,-0.0546711422502995,-0.0538819059729576,-0.0509915202856064,-0.0472639352083206,-0.0433056429028511,-0.0393636003136635,-0.0355045609176159,-0.0317127928137779,-0.0279498938471079,-0.024213120341301,-0.0204969979822636,-0.0168525204062462,-0.0145333465188742,-0.0150658078491688,-0.0177106931805611,-0.0212078653275967,-0.0249237939715385,-0.0285990815609694,-0.0322021767497063,-0.035733662545681,-0.0382378995418549,-0.037999227643013,-0.0354354828596115,-0.031862486153841,-0.0280201379209757,-0.0241717174649239,-0.0203946586698294,-0.0166799910366535,-0.0129821607843041,-0.0093234060332179,-0.005695064086467,-0.0020936483051627,0.0004935536999255,0.0003223985258955,-0.0021582047920674,-0.0056263757869601,-0.0093773230910301,-0.013141299597919,-0.0168313048779964,-0.0204462073743343,-0.0232992246747017,-0.0235696248710155,-0.0213454216718674,-0.0179381184279919,-0.0141640929505229,-0.0103612393140793,-0.0075052790343761,-0.0074149565771222,-0.0097353849560022,-0.0131527073681355,-0.0168713815510273,-0.0205940380692482,-0.0242534205317497,-0.0278397407382727,-0.0313795208930969,-0.0348973274230957,-0.0383967831730843,-0.0418892875313759,-0.0453610606491566,-0.048817403614521,-0.0517916865646839,-0.0524182431399822,-0.050347026437521,-0.0469069182872772,-0.0430496409535408,-0.0391222089529037,-0.0352456048130989,-0.0314435064792633,-0.0276761818677187,-0.0239368267357349,-0.0202277135103941,-0.0165333617478609,-0.0128572890534997,-0.009203627705574,-0.0055659576319158,-0.0019467421807348,0.0011657573049888,0.0019259630935266,-4.69465157948434e-06,-0.0033079597633332,-0.0067254970781505,-0.0081294048577547,-0.0066845729015767,-0.0036202915944159,-0.0002958046097774,0.0010617227526381,-0.0004578159714583,-0.0035758172161877,-0.0072635957039892,-0.0110424151644111,-0.0147528871893883,-0.0183911733329296,-0.0219785384833813,-0.0255501791834831,-0.0291055291891098,-0.0326523669064045,-0.0361918807029724,-0.0396943539381027,-0.0431722588837147,-0.0466214194893837,-0.0499062426388264,-0.0514516569674015,-0.0500820763409138,-0.0469312742352486,-0.0433211550116539,-0.0413611941039562,-0.0422797054052353,-0.0450210347771645,-0.0484512522816658,-0.0520393885672092,-0.0555840730667114,-0.0590469390153885,-0.0624588131904602,-0.0658551827073097,-0.0692267045378685,-0.0725909993052483,-0.0759414732456207,-0.0792675763368607,-0.0825903341174126,-0.0858977288007736,-0.0891042873263359,-0.0908485352993011,-0.089747279882431,-0.0866460502147675,-0.0827551409602165,-0.0786777958273888,-0.074625551700592,-0.0706572905182838,-0.0667595788836479,-0.0628920346498489,-0.0590446777641773,-0.055214237421751,-0.0514176338911057,-0.0476375184953213,-0.0438590049743652,-0.0400872714817524,-0.036422174423933,-0.0342505946755409,-0.0349552854895592,-0.0376403629779816,-0.0410863421857357,-0.0435879677534103,-0.0432264357805252,-0.0406145676970482,-0.0370840653777122,-0.0344559401273727,-0.0346311442553997,-0.0370575003325939,-0.0404437333345413,-0.0440927371382713,-0.0477374717593193,-0.0512947663664818,-0.0547905266284943,-0.0582576505839825,-0.0617000609636307,-0.065140075981617,-0.0685592815279961,-0.071966826915741,-0.0753417462110519,-0.0787120312452316,-0.0820634365081787,-0.0845412015914917,-0.0843579918146133,-0.0817531794309616,-0.0780569389462471,-0.0740493461489677,-0.070037841796875,-0.0660968348383904,-0.0622113160789013,-0.058361679315567,-0.0545554608106613,-0.0517773926258087,-0.0517585016787052,-0.0540769323706627,-0.0573888570070267,-0.0609619952738285,-0.0645332857966423,-0.0680306106805801,-0.0714626386761665,-0.0748633518815041,-0.0782535150647163,-0.0810415670275688,-0.0813422575592995,-0.0790341421961784,-0.0754542872309685,-0.0714928060770035,-0.0674842447042465,-0.0635445192456245,-0.0596786849200726,-0.0564614608883858,-0.0557521730661392,-0.0576387383043766,-0.0607841908931732,-0.0643147602677345,-0.0678940489888191,-0.0714056417346001,-0.0748412311077118,-0.0782285556197166,-0.0816003903746605,-0.0849645882844925,-0.0883210748434067,-0.0912611931562424,-0.0919847786426544,-0.0899554491043091,-0.0864671692252159,-0.0824833735823631,-0.0784339904785156,-0.0744409263134003,-0.0705265700817108,-0.0666648298501968,-0.0628252550959587,-0.0590051636099815,-0.0552191436290741,-0.0518104061484337,-0.0506644323468208,-0.0522619597613811,-0.0553224161267281,-0.0588565021753311,-0.0624665841460228,-0.0660153850913048,-0.0694828480482101,-0.0726850926876068,-0.0739263743162155,-0.0723407566547394,-0.0690772160887718,-0.0652226284146309,-0.0612595863640308,-0.0576564520597458,-0.0562085658311844,-0.0576287545263767,-0.0606002733111382,-0.0641059055924416,-0.067685067653656,-0.0712045356631279,-0.0746657699346542,-0.0780741721391678,-0.0814519599080086,-0.0848229229450226,-0.0881812423467636,-0.0915196985006332,-0.0948480293154716,-0.0980298072099686,-0.0995985195040703,-0.0982991307973862,-0.095100998878479,-0.0911851897835732,-0.0871068835258484,-0.083079032599926,-0.0791286304593086,-0.0752284750342369,-0.0713716149330139,-0.0675208866596222,-0.0636766627430916,-0.0598677098751068,-0.0560657680034637,-0.0524752326309681,-0.050680473446846,-0.0517354495823383,-0.0545751266181469,-0.0580696389079094,-0.061693973839283,-0.0652225166559219,-0.0673722475767136,-0.0666365474462509,-0.0637876242399216,-0.0600793659687042,-0.056160356849432,-0.0522769242525101,-0.0484582036733627,-0.0447075329720974,-0.0409725122153759,-0.0372585020959377,-0.0335594192147255,-0.0299555119127035,-0.0276566315442324,-0.0282132923603058,-0.0308827552944422,-0.0343859270215034,-0.0380956307053566,-0.0417786166071892,-0.0453873127698898,-0.0489076785743237,-0.0514191575348377,-0.0511819757521152,-0.0486091449856758,-0.0450323894619942,-0.04118737205863,-0.0373513288795948,-0.0335741639137268,-0.0298767350614071,-0.0261960066854954,-0.0225484073162079,-0.0189025178551674,-0.0152833089232445,-0.0127025563269854,-0.0128818256780505,-0.0153643479570746,-0.0188562832772732,-0.0226105935871601,-0.0263661555945873,-0.0300529636442661,-0.0336570292711258,-0.0365042686462402,-0.036758080124855,-0.0345124043524265,-0.0310867875814438,-0.0272895023226738,-0.0234854724258184,-0.0197461098432541,-0.0160701051354408,-0.013185597024858,-0.0128929913043976,-0.0150945838540792,-0.0184585973620415,-0.0221776701509953,-0.0259353164583445,-0.0296101644635201,-0.0331990793347359,-0.0367590039968491,-0.0403013378381729,-0.0438250489532948,-0.0473196655511856,-0.050315223634243,-0.050979919731617,-0.0489396303892136,-0.0455367602407932,-0.0417020618915558,-0.0378145575523376,-0.0339856147766113,-0.0302283056080341,-0.0265219993889332,-0.0228346791118383,-0.0197682753205299,-0.0192168820649385,-0.0212422478944063,-0.0245286654680967,-0.0281914249062538,-0.0319031104445457,-0.03554642572999,-0.0391183272004128,-0.0426505729556084,-0.0461588650941849,-0.0493359565734863,-0.0504285395145416,-0.0487337522208691,-0.0454599745571613,-0.0416546836495399,-0.0377583391964436,-0.0339212082326412,-0.0301548615098,-0.0264398194849491,-0.0227571986615658,-0.0190927442163229,-0.0154361985623837,-0.0117977010086179,-0.0081577096134424,-0.0045550190843641,-0.0009802404092624,0.0022781258448958,0.0034460758324712,0.001806434825994,-0.0013753124512732,-0.0049174237065017,-0.0068124560639262,-0.0057525681331753,-0.0028647815342992,0.0006841132417321,0.0043773334473371,0.0080370334908366,0.0116232438012958,0.0151629252359271,0.0186772327870131,0.0219275821000338,0.0232077725231647,0.0216669626533985,0.0184881910681725,0.0147080458700657,0.0108307115733624,0.0069946590811014,0.0032327189110219,-0.0004786843201145,-0.004157377872616,-0.0077186729758977,-0.0098115792497992,-0.0090366210788488,-0.0062587349675595,-0.002695680828765,0.001061467686668,0.004778403788805,0.0084166983142495,0.0120042497292161,0.0155657650902867,0.0191139653325081,0.0226269830018282,0.0261345319449902,0.029622932896018,0.0331086218357086,0.0365576967597008,0.0399016439914703,0.0417781472206116,0.0407850332558155,0.0378127731382847,0.0340947210788727,0.0313275568187237,0.031425766646862,0.0337759181857109,0.0370969623327255,0.0406681410968304,0.0442367643117905,0.0477368235588074,0.0511734746396542,0.0545655190944672,0.057946290820837,0.0613253638148308,0.0646469667553902,0.0667971819639206,0.0661539733409882,0.0633141919970512,0.059558991342783,0.0555575415492058,0.0515724569559097,0.0476595610380173,0.0438305735588074,0.040892705321312,0.0406297892332077,0.0427778512239456,0.0460246279835701,0.0495890006422997,0.0531663596630096,0.0566682294011116,0.0601119063794613,0.0635270401835442,0.0669047459959984,0.0702697336673737,0.0736316442489624,0.0769751742482185,0.080314926803112,0.083625853061676,0.0869177728891373,0.0893134027719498,0.089058943092823,0.086390420794487,0.0826514512300491,0.079208068549633,0.0782361477613449,0.0799070671200752,0.0828908532857895,0.0863028094172478,0.08974938839674,0.0931353569030762,0.0964572578668594,0.099128745496273,0.099293552339077,0.0968836396932602,0.0932209044694901,0.0891718715429306,0.0850978642702103,0.0810912325978279,0.0771554708480835,0.0732588991522789,0.069384440779686,0.0655308663845062,0.0616926178336143,0.0582730285823345,0.0570751279592514,0.0586323738098145,0.0616412945091724,0.06515022367239,0.0687387585639954,0.0722751170396805,0.0757210105657578,0.0791278555989265,0.0825011134147644,0.0858649089932442,0.0892234519124031,0.0921590030193329,0.0928461998701096,0.0907944813370705,0.087300717830658,0.0833255872130394,0.0792783573269844,0.0753001421689987,0.0714008435606956,0.0677785724401474,0.0661186799407005,0.0672987848520279,0.0701320841908455,0.0735722854733467,0.0771338269114494,0.0803169906139374,0.0813488438725471,0.0795217156410217,0.0761454105377197,0.0722460523247719,0.0682572275400162,0.0643203109502792,0.0604608431458473,0.0566556788980961,0.0528789944946766,0.049111969769001,0.0453662872314453,0.041634988039732,0.0379326418042183,0.034358199685812,0.0324147790670395,0.0333349816501141,0.0361694805324078,0.039741039276123,0.0434516705572605,0.0469324663281441,0.0485490411520004,0.0472623556852341,0.0441924259066582,0.0404791831970215,0.0366330854594707,0.0328295305371284,0.0291079040616751,0.0254466608166695,0.0218002032488585,0.0181640833616257,0.0145430481061339,0.0109491087496281,0.0073682963848114,0.003849912667647,0.0016520782373845,0.0022908656392246,0.0050261849537491,0.0086145587265491,0.0124265374615788,0.0162169840186834,0.0199181213974953,0.0235719196498394,0.0271919965744019,0.0306778140366077,0.0326841846108437,0.031820397824049,0.0289774015545845,0.0253524351865053,0.0215538628399372,0.0177782066166401,0.0140812480822206,0.010445692576468,0.0068390276283025,0.0032686598133295,0.0007018317701295,0.0008869278244674,0.0034057330340147,0.0069138659164309,0.0106919081881642,0.0144801838323474,0.0181923061609268,0.0218291617929935,0.0254352670162916,0.0289869867265224,0.0313575230538845,0.0308795012533665,0.0282217934727669,0.0246633440256119,0.0208579450845718,0.0170505195856094,0.0133352009579539,0.0096714543178677,0.0060402257367968,0.0024316587951034,-0.0004234692896716,-0.0006923653418198,0.0015385713195428,0.0049330214969813,0.0079427575692534,0.0084074959158897,0.0062803691253066,0.0029660854488611,-0.0007030968554317,-0.0044080708175897,-0.0080526210367679,-0.0116252638399601,-0.0151640716940165,-0.018664987757802,-0.0221587866544724,-0.0256291422992945,-0.0290965028107166,-0.0325495414435863,-0.0359899289906025,-0.0394168868660927,-0.0423604287207127,-0.0429542288184166,-0.0408460907638073,-0.0373781770467758,-0.0334677807986736,-0.0295105762779713,-0.0256398841738701,-0.0218267366290092,-0.0180646441876888,-0.0143252331763506,-0.01060785446316,-0.0069091259501874,-0.0032259109430015,0.0004459649208001,0.0040957173332572,0.0077390256337821,0.010861954651773,0.0116150109097362,0.0096653848886489,0.0063657248392701,0.0029557624366134,0.0015632405411452,0.0030052894726395,0.0060672853142023,0.009691278450191,0.0134258270263672,0.0171034131199121,0.0207068081945181,0.0242499727755785,0.02779321372509,0.0313057601451874,0.0348034054040909,0.0379841402173042,0.0390689820051193,0.0373274907469749,0.0340342856943607,0.0302274264395237,0.0263259597122669,0.02248290553689,0.01871133223176,0.0151686975732446,0.0134141016751528,0.0145715959370136,0.0174842439591885,0.0210474543273449,0.0247584208846092,0.0281594470143318,0.0295597054064274,0.0280771590769291,0.0249243322759867,0.0211922489106655,0.0173525754362345,0.0135533176362514,0.0098292231559753,0.0061684055253863,0.002546644071117,-0.0010661343112587,-0.0046459129080176,-0.0082280486822128,-0.0117880729958415,-0.015250438824296,-0.0172435510903597,-0.0163739956915379,-0.0135048944503069,-0.0098498668521642,-0.0060060429386794,-0.0021967266220599,0.0015382894780486,0.005210468545556,0.0088427737355232,0.0124734910205007,0.0160826314240694,0.0195977613329887,0.0216165129095316,0.0207266751676798,0.017865426838398,0.0142388055101037,0.0104244947433472,0.0066483095288276,0.0029391483403742,-0.0006814274238422,-0.0031196698546409,-0.0027118404395878,-0.0001153548364527,0.0034146159887313,0.0071775345131754,0.0109387151896954,0.0146193336695433,0.0182488448917866,0.0218335632234812,0.0253869574517012,0.0289337784051895,0.0324582494795322,0.0359686762094498,0.0394093953073025,0.0415235422551632,0.0407753065228462,0.037909809499979,0.0342143028974533,0.0303204357624054,0.0264724418520927,0.023553816601634,0.0233435407280922,0.0255770776420832,0.0288949366658926,0.0325147807598114,0.0361338108778,0.0386512726545334,0.0383680537343025,0.0357726402580738,0.0321719385683537,0.028308380395174,0.0244508776813745,0.0206744577735662,0.0169564429670572,0.0132621759548783,0.0096010081470012,0.0059529724530875,0.0023279583547264,-0.0012583313509821,-0.0048552495427429,-0.0078414985910058,-0.0083395289257168,-0.0062308674678206,-0.0028613696340471,0.0009047710918821,0.0047126421704888,0.0084510669112205,0.0121243502944708,0.015144663862884,0.0156574919819832,0.0135727394372225,0.0102346520870924,0.0065070623531937,0.00274149607867,-0.0009602995123714,-0.0045874146744608,-0.0081771137192845,-0.0117500396445394,-0.0153120830655098,-0.0188479833304882,-0.0219702050089836,-0.0228643976151943,-0.0210149753838778,-0.0177137833088636,-0.0139191979542375,-0.0100457966327667,-0.006233237683773,-0.0025106179527938,0.0011657465947791,0.0048231896944344,0.008469951339066,0.0120842317119241,0.015709463506937,0.019287034869194,0.0223438367247581,0.0230302661657333,0.0210499912500381,0.0177132599055767,0.0139446500688791,0.0101286433637142,0.0066053890623152,0.0050942646339535,0.006446530111134,0.0094647053629159,0.0130915660411119,0.0168308019638062,0.020518634468317,0.0241285860538483,0.0276747811585665,0.0312041006982327,0.034714013338089,0.0382163524627686,0.041703674942255,0.0451719239354134,0.0483149401843548,0.049346137791872,0.0475558117032051,0.0442311018705368,0.0403899997472763,0.0364538319408894,0.0327099226415157,0.0306625254452229,0.031523909419775,0.0342808216810226,0.0377479083836079,0.0413769148290157,0.0449733510613441,0.0484913624823093,0.0519510358572006,0.0553853549063206,0.058807946741581,0.0622144564986229,0.065473809838295,0.0670787394046783,0.0658078417181969,0.0626628994941711,0.0588218122720718,0.0548332929611206,0.0508787743747234,0.0470149330794811,0.0432541817426682,0.0408455803990364,0.0412871465086937,0.0438286885619164,0.0472085699439049,0.0508305877447128,0.0544247440993786,0.0579449944198132,0.0613293200731277,0.0633587688207626,0.0625350475311279,0.0596282482147217,0.0558860078454018,0.0519333258271217,0.048001304268837,0.0441525280475616,0.0403629243373871,0.0366086550056934,0.0328808464109898,0.0291631296277046,0.0254786983132362,0.0228054504841566,0.0228866059333086,0.0253092311322689,0.0287375599145889,0.0324262678623199,0.0361175388097763,0.0397287309169769,0.0432599224150181,0.0457408912479877,0.0454625673592091,0.042849812656641,0.0392465814948082,0.0353765599429607,0.0315071977674961,0.0277268402278423,0.0240064151585102,0.0203205645084381,0.0166626945137978,0.0130250677466393,0.0094066252931952,0.0065265083685517,0.0062330225482583,0.008445730432868,0.0118206553161144,0.0155663015320897,0.0193506758660078,0.0230424571782351,0.0266790147870779,0.0302618592977524,0.0338077023625374,0.0364497825503349,0.0364233665168285,0.0339864417910576,0.0304640624672174,0.0266234185546637,0.0227871593087912,0.0190207045525312,0.0153191275894642,0.0116667654365301,0.008024176582694,0.0048865028657019,0.0041166287846863,0.0060566323809325,0.0093363430351018,0.0130532663315535,0.0168238133192062,0.0199080593883991,0.0204418655484915,0.018351448699832,0.0150026762858033,0.0112658310681581,0.0074903769418597,0.0037860134616494,0.0001607819722266,-0.0034179855138063,-0.0069820377975702,-0.0105344047769904,-0.0140571678057313,-0.0175834055989981,-0.0210946537554264,-0.0242649801075459,-0.0253446511924267,-0.023652009665966,-0.0204009711742401,-0.0166030935943127,-0.0127046443521976,-0.0088746137917041,-0.0051327869296073,-0.001430936390534,0.0022635033819824,0.005926928948611,0.0095646828413009,0.0131943244487047,0.0168096516281366,0.0203960631042719,0.0239751916378736,0.0272036660462618,0.028332632035017,0.0266785621643066,0.0234655551612377,0.0198866482824087,0.0180000644177198,0.0190355777740479,0.0218952260911465,0.0254299249500036,0.0291173979640007,0.0327573120594025,0.0363276973366737,0.039830457419157,0.0433204919099808,0.0467809811234474,0.0502272099256516,0.053659588098526,0.0570831075310707,0.0602439567446709,0.0614341460168362,0.0597901865839958,0.0565117038786411,0.0526540353894234,0.0486725196242332,0.0447452887892723,0.0408981777727604,0.0371006801724434,0.0333342328667641,0.0296003464609385,0.0258850790560246,0.0221765078604221,0.0184744670987129,0.0147927487269044,0.0111355492845178,0.0074956524185836,0.003880824195221,0.0003621057840064,-0.0016862326301634,-0.0008264860953204,0.0020105224102735,0.0055995192378759,0.0093839894980192,0.0131481923162937,0.0168262626975775,0.020424485206604,0.0228235106915236,0.0223619434982538,0.0197245944291353,0.0161803737282753,0.0123911974951625,0.0086184041574597,0.0049156141467392,0.0012736523058265,-0.0023329372052103,-0.0058602420613169,-0.0080472156405448,-0.00739172892645,-0.0046511003747582,-0.0010573352919891,0.0027538046706467,0.0065405666828155,0.010255022905767,0.0139105459675193,0.0175429843366146,0.0211188700050116,0.0237983595579863,0.0238080322742462,0.0214086826890707,0.0179358161985874,0.0141480285674334,0.0103527354076505,0.0066258665174245,0.0029712750110775,-0.000662071397528,-0.0042568119242787,-0.0078323893249034,-0.0114089790731668,-0.014966206625104,-0.0184897482395172,-0.0219985246658325,-0.0254888832569122,-0.028095331043005,-0.0280415657907724,-0.0255777891725302,-0.0220171548426151,-0.0187643133103848,-0.0180137548595667,-0.0198890455067158,-0.023061141371727,-0.0260337460786104,-0.0265893191099167,-0.0245079770684242,-0.0210881978273392,-0.0172559004276991,-0.0133833456784487,-0.0095809279009699,-0.0058502610772848,-0.0021616145968437,0.00149640312884,0.0051426850259304,0.0087871113792061,0.0123904459178448,0.0159855894744396,0.0195535272359848,0.0231131371110678,0.0262541100382805,0.0271534323692322,0.0253085270524025,0.0219946596771479,0.0182149987667799,0.0143807753920555,0.0110906772315502,0.0102376565337181,0.0120796374976635,0.0152937527745962,0.0189499258995056,0.0226484499871731,0.0262710601091385,0.0298407152295113,0.0333675518631935,0.0368722192943096,0.0403601452708244,0.0438405722379684,0.0473016984760761,0.0507373660802841,0.0539177134633064,0.0551310479640961,0.0535237230360508,0.0502537563443184,0.0464041903614998,0.0424389690160751,0.0385327823460102,0.0347192548215389,0.0309444405138493,0.0271859765052795,0.0234461799263954,0.0197310782968998,0.016280822455883,0.0147599829360843,0.0160984415560961,0.0191203858703375,0.0227289218455553,0.0264307670295238,0.0300889145582914,0.0336690880358219,0.0370714515447617,0.0388124026358128,0.0376673601567745,0.0346414744853973,0.0309130325913429,0.027059692889452,0.0232326313853264,0.0194785185158253,0.0157777145504951,0.0121184084564447,0.0084744347259402,0.0048480406403541,0.0013643105048686,-0.0004732037778012,0.0005641396855935,0.0034761861898005,0.0070960419252514,0.0108758127316833,0.014616597443819,0.0182784684002399,0.0218318849802017,0.0240183882415295,0.0233520921319723,0.020608875900507,0.0170094519853592,0.0132113471627235,0.0095213968306779,0.007374754641205,0.0081588365137577,0.0109528973698616,0.0145232966169715,0.0182665959000587,0.0219813045114279,0.0256193727254868,0.0291978400200605,0.03274866938591,0.0362680032849312,0.0397744588553905,0.0432706102728844,0.0467499978840351,0.0501962266862392,0.052622564136982,0.0522953346371651,0.049634151160717,0.045994833111763,0.0420847237110138,0.0381748303771019,0.034345481544733,0.0305747408419847,0.0268441587686539,0.0231279712170362,0.0194284785538912,0.0157544407993555,0.012089230120182,0.0084439497441053,0.0048045068979263,0.0012088131625205,-0.0013791986275464,-0.0011905180290341,0.001330237253569,0.0048260088078677,0.0078343953937292,0.0082604857161641,0.0061301970854401,0.0028053098358213,-0.0001669024350121,-0.0005733464495278,0.0015937474090606,0.0049774497747421,0.0087169203907251,0.0124938022345304,0.0162026416510344,0.0198513455688953,0.0234534218907356,0.0270178075879812,0.0305829774588346,0.0341175608336926,0.0376246348023415,0.0411252081394196,0.0446162186563015,0.0480891466140747,0.0510569103062153,0.0516366474330425,0.0495205596089363,0.0460730604827404,0.0427112095057964,0.0416342876851559,0.0432662889361382,0.0463282465934753,0.0498570501804352,0.0534527376294136,0.0569668933749199,0.0604140534996986,0.0638370662927628,0.0672291666269302,0.0705967471003532,0.0739571303129196,0.0773098170757294,0.0806465297937393,0.083964616060257,0.0872715041041374,0.0902450680732727,0.0911189764738083,0.0892071723937988,0.0857453197240829,0.0817468836903572,0.0776746198534966,0.0736662819981575,0.0697212666273117,0.0658119097352028,0.061945416033268,0.0581077039241791,0.0542917773127556,0.0504911951720715,0.0467104464769363,0.0429320484399796,0.039190623909235,0.0357906743884087,0.0344818569719791,0.0359573289752007,0.0389999598264694,0.042404618114233,0.0440798215568066,0.0428288914263248,0.0397894904017448,0.0362695977091789,0.0343842580914497,0.0353913977742195,0.038222461938858,0.0417475737631321,0.0454228706657887,0.0490364134311676,0.0525873713195324,0.0560898929834366,0.0595670342445374,0.0630112513899803,0.0664344429969788,0.069855622947216,0.0732536911964417,0.0766283273696899,0.0799959152936935,0.0832485258579254,0.0850151479244232,0.0839088335633278,0.0808270275592804,0.0769730061292648,0.0729327797889709,0.0689435601234436,0.0650298371911049,0.0611739419400692,0.0573349818587303,0.0536537170410156,0.0516220144927502,0.0524759404361248,0.0552151016891003,0.0586436614394188,0.0622427947819233,0.0657959803938866,0.0692643374204636,0.0726912468671799,0.0760856941342354,0.079448327422142,0.0816057845950127,0.0809410735964775,0.0780768841505051,0.0743156969547272,0.0703100711107254,0.0663252025842667,0.0624166317284107,0.0585998333990574,0.0559925734996796,0.0562149249017239,0.0586234107613564,0.0619540326297283,0.0655137747526169,0.0690655410289764,0.0725554600358009,0.075971931219101,0.079362764954567,0.0827320143580437,0.0860880240797997,0.0894222557544708,0.0918497741222382,0.091619074344635,0.08897914737463,0.0852659791707993,0.081236220896244,0.0772170871496201,0.0732707679271698,0.0693785399198532,0.065532349050045,0.0616967305541039,0.0578909814357758,0.0541159398853779,0.0512153096497059,0.0510175190865993,0.0532258227467537,0.0565174296498299,0.0601185113191605,0.0637262538075447,0.0672528743743896,0.0707207471132278,0.073537714779377,0.0738233774900436,0.0715429186820984,0.0680214688181877,0.0640947371721268,0.060140248388052,0.056987389922142,0.0565048009157181,0.0585580430924892,0.0617637522518635,0.065320611000061,0.0689240545034409,0.0724308416247368,0.0758620649576187,0.079273633658886,0.0826578885316849,0.0860225781798363,0.0893837064504623,0.0927188098430634,0.0960521548986435,0.09894710034132,0.0996083840727806,0.0975248664617538,0.0939711183309555,0.0899677723646164,0.0859048068523407,0.0819004774093628,0.0779607445001602,0.0740813463926315,0.0702256634831429,0.0663879588246346,0.0625715330243111,0.0587749369442463,0.0549858845770359,0.0517247170209885,0.0508371368050575,0.0526014976203442,0.0557326190173626,0.0593024082481861,0.0629286617040634,0.0662311613559723,0.0675106644630432,0.065925233066082,0.0626835003495216,0.058866061270237,0.0549497827887535,0.0510717742145061,0.0472747087478638,0.043529961258173,0.0398188531398773,0.0361108183860779,0.032422162592411,0.0289893373847008,0.0275059975683689,0.0288686342537403,0.0319050289690495,0.0355216488242149,0.0392382144927979,0.0429018028080463,0.0464878231287003,0.0498954802751541,0.0516326241195202,0.0504887811839581,0.0474705845117569,0.0437549650669098,0.039887472987175,0.0360676646232605,0.0323111042380333,0.0286061763763428,0.0249407701194286,0.0212967619299889,0.0176732297986746,0.014199061319232,0.012378042563796,0.013413985259831,0.0163179915398359,0.0199320279061794,0.023705342784524,0.0274326652288437,0.0310923606157303,0.0346133895218372,0.0367853008210659,0.0360946878790855,0.0333175025880337,0.0297108739614487,0.0258993208408356,0.0221014749258757,0.01838150434196,0.0147918444126844,0.0125532522797585,0.0131589658558369,0.0158561542630196,0.0193835105746984,0.0231232661753893,0.0268566999584436,0.0305037200450897,0.0340921431779861,0.037657018750906,0.0411991029977798,0.0447107814252377,0.0481929369270802,0.0506457313895226,0.0503226257860661,0.047690961509943,0.0440890714526176,0.040219284594059,0.0363470017910004,0.0325440168380737,0.0287943426519632,0.0250939149409533,0.0214405693113804,0.018991157412529,0.01937011256814,0.0219271369278431,0.0253994725644588,0.0291017852723598,0.0327979028224945,0.0364105217158794,0.0399771668016911,0.0435005351901054,0.0469983890652657,0.0497359037399292,0.0498614385724068,0.0474985465407372,0.043966718018055,0.0400979556143284,0.0362232364714146,0.0324174575507641,0.0286822393536568,0.0249757654964924,0.0212919451296329,0.017641082406044,0.0139989200979471,0.0103613547980785,0.0067417141981422,0.0031342830043286,-0.0004333264951128,-0.0032560783438384,-0.0034828190691769,-0.0012238724157214,0.002209190512076,0.0054980609565973,0.0064205974340438,0.0046132919378578,0.0014280390460044,-0.0022123833186924,-0.0059145456179976,-0.0095524918287992,-0.0131228351965547,-0.0166484601795673,-0.0201539322733879,-0.0230273082852364,-0.0233950018882751,-0.0211879387497902,-0.0177283063530922,-0.0138860465958714,-0.0100089581683278,-0.0061980234459042,-0.0024679640773683,0.0012300731614232,0.0049010710790753,0.0082115130499005,0.0094086471945047,0.0078274924308061,0.0046895951963961,0.0010387677466496,-0.00271005788818,-0.0063880500383675,-0.009996916167438,-0.0135657582432032,-0.0171158444136381,-0.0206408780068159,-0.0241483449935913,-0.0276432503014803,-0.0311120916157961,-0.0345640406012535,-0.0380090810358524,-0.0411151014268398,-0.0421368181705475,-0.0403642728924751,-0.0370412915945053,-0.0333665274083614,-0.0314322672784328,-0.0324250720441341,-0.0352082476019859,-0.0386527888476849,-0.0422302596271038,-0.0457814075052738,-0.0492571294307709,-0.0526843257248402,-0.0560670793056488,-0.0594358742237091,-0.0628007277846336,-0.0659723728895187,-0.0673339143395424,-0.0658396705985069,-0.0625961124897003,-0.0587069727480412,-0.0546867847442627,-0.0507112443447113,-0.0468161441385746,-0.0430801957845688,-0.0408666990697384,-0.041523352265358,-0.0441485419869423,-0.0475594326853752,-0.0511341392993927,-0.0546791665256023,-0.0581549964845181,-0.0615849271416664,-0.0649787113070488,-0.0683539658784866,-0.0717227607965469,-0.0750786662101746,-0.0784247368574142,-0.0817547887563705,-0.0850594118237495,-0.0882591605186462,-0.0899719893932343,-0.0888365209102631,-0.0857184156775475,-0.0818336009979248,-0.0789882242679596,-0.078989714384079,-0.0812229439616203,-0.0844004228711128,-0.0878314152359962,-0.0912506729364395,-0.0946061462163925,-0.0978761315345764,-0.099935419857502,-0.0991804748773575,-0.0962470397353172,-0.0923986285924911,-0.0883039906620979,-0.084218867123127,-0.0802242383360863,-0.0762889534235001,-0.0724028646945953,-0.0685464292764664,-0.0646989941596985,-0.0608669146895409,-0.0579463876783848,-0.0577081814408302,-0.0598630309104919,-0.0631251931190491,-0.0666924268007278,-0.0702564865350723,-0.073742687702179,-0.0771763771772385,-0.0805790722370148,-0.0839534476399422,-0.0873093903064728,-0.0906448513269424,-0.093106210231781,-0.0928813964128494,-0.0902486070990562,-0.0865330994129181,-0.082516998052597,-0.0784848481416702,-0.0745269283652306,-0.0706320106983185,-0.0674127712845802,-0.0667094960808754,-0.0685795247554779,-0.0717041492462158,-0.0751996338367462,-0.0787396356463432,-0.0814814195036888,-0.0815534889698029,-0.0790924429893494,-0.0754812508821487,-0.0715240836143494,-0.0675550773739815,-0.0636585578322411,-0.0598186813294888,-0.0560185275971889,-0.0522364005446434,-0.0484781637787819,-0.0447309352457523,-0.0409852862358093,-0.0372792929410934,-0.0340116694569588,-0.0329815074801445,-0.0346844270825386,-0.0378496795892715,-0.0414773225784302,-0.0451823063194752,-0.0483012832701206,-0.0490077622234821,-0.0470219291746616,-0.0436583310365677,-0.0398532450199127,-0.035995289683342,-0.032206766307354,-0.0284833908081055,-0.0248114243149757,-0.0211673527956009,-0.0175253599882126,-0.0139047047123313,-0.0103001156821847,-0.0066989278420805,-0.0033764713443815,-0.0020249518565833,-0.0035051838494837,-0.006629551295191,-0.0103338602930307,-0.0141361970454454,-0.0179007202386856,-0.0215880386531353,-0.0252248253673315,-0.0288255922496319,-0.0320842824876308,-0.0332247987389565,-0.031590361148119,-0.0283954869955778,-0.0246723182499409,-0.02085080742836,-0.0170986540615559,-0.0134174590930343,-0.009770892560482,-0.0061528198421001,-0.0026959266979247,-0.0008866187417879,-0.001961171394214,-0.0049193985760211,-0.0085715437307953,-0.0123590659350157,-0.0161267425864935,-0.019811823964119,-0.0234307833015919,-0.0270155090838671,-0.0304199270904064,-0.0319798067212105,-0.0306679382920265,-0.0276239924132824,-0.0239333212375641,-0.0200998764485121,-0.0163089372217655,-0.012597743421793,-0.0089463610202074,-0.0053125815466046,-0.0017745657823979,0.0004124441184103,-0.0002471867774147,-0.0029933957848697,-0.0064986040815711,-0.0089210784062743,-0.0084524033591151,-0.0058259456418454,-0.0023330766707658,0.0013778965221718,0.005070156417787,0.0086997458711266,0.0122649725526571,0.0158001892268658,0.01932667568326,0.0228272881358862,0.0263195130974054,0.0297967754304409,0.0332632213830948,0.036713745445013,0.0401363782584667,0.0425364337861538,0.0421399995684624,0.0394426137208939,0.035780593752861,0.0318414121866226,0.0279174596071243,0.024063091725111,0.0202833153307438,0.0165312960743904,0.012796132825315,0.0090835848823189,0.0053808577358722,0.0017164901364594,-0.0019262216519564,-0.0055625713430345,-0.0091715333983302,-0.0117556340992451,-0.0115441288799047,-0.0090361349284648,-0.0055328090675175,-0.0025483341887593,-0.0021332721225917,-0.0042631002143025,-0.0075949137099087,-0.0112833017483354,-0.0150051973760128,-0.0186684690415859,-0.0222440250217915,-0.0257969200611115,-0.029313750565052,-0.0328156240284443,-0.0363109484314919,-0.0390600636601448,-0.039186704903841,-0.0368163734674454,-0.0332898497581482,-0.0294257551431656,-0.0255315043032169,-0.0217072330415249,-0.0179488658905029,-0.0147494683042169,-0.0139561397954822,-0.0158390384167433,-0.0190425496548414,-0.0226857960224152,-0.0263780318200588,-0.0293775573372841,-0.0298502240329981,-0.0276906415820122,-0.0242600385099649,-0.0204501207917929,-0.0166037790477276,-0.0128361294046044,-0.0091366786509752,-0.0054756747558713,-0.0018351121107116,0.0017849591095,0.0053984248079359,0.0089962128549814,0.0125708617269993,0.0157895013689995,0.0169052314013243,0.01522621139884,0.0120053226128221,0.0082492027431726,0.0044069201685488,0.0006301077664829,-0.003077832981944,-0.0067303562536835,-0.010352817364037,-0.0139573737978935,-0.0175496619194746,-0.0208286140114069,-0.0219526588916779,-0.0202841814607382,-0.0170768387615681,-0.0133514078333974,-0.0095347557216882,-0.0057848482392728,-0.002099804347381,0.0013648422900587,0.0029727495275437,0.0017013644101098,-0.0013002282939851,-0.0049383789300918,-0.0087070669978857,-0.0124307591468096,-0.0160593204200268,-0.0196367707103491,-0.0231893695890903,-0.0267320666462183,-0.0302661880850792,-0.0337700471282005,-0.0372544080018997,-0.0404797680675983,-0.0417674109339714,-0.040198665112257,-0.0369651354849339,-0.0331602841615677,-0.0292556770145893,-0.0255018081516027,-0.0233084056526423,-0.0240292400121689,-0.02673957683146,-0.0302179232239723,-0.0338644534349442,-0.0373461097478867,-0.0391206294298172,-0.0379899814724922,-0.0349745005369186,-0.0312409661710262,-0.0273477826267481,-0.0234935637563467,-0.0197126921266317,-0.0159989278763533,-0.0123295839875937,-0.0086738355457782,-0.0050310622900724,-0.001392945065163,0.0022345297038555,0.0058128405362367,0.0081772152334451,0.0077094375155866,0.0050521418452262,0.0014951443299651,-0.0022952104918658,-0.0060759023763239,-0.0097779463976621,-0.0133912656456232,-0.0157786440104246,-0.0153382699936628,-0.0127145769074559,-0.0091852573677897,-0.0054136449471116,-0.0016478077741339,0.0020403077360242,0.0056735188700258,0.0092558804899454,0.0128345470875502,0.0164036974310875,0.0199405886232853,0.0225730314850807,0.022507231682539,0.0200323313474655,0.0164994336664677,0.0126734944060445,0.0088353790342807,0.0050666145980358,0.0013554799370467,-0.0023127472959458,-0.0059539154171943,-0.0095815826207399,-0.0131916590034962,-0.0167786870151758,-0.020324943587184,-0.022832166403532,-0.0225790943950415,-0.0200281906872988,-0.016475448384881,-0.012662261724472,-0.0088452892377972,-0.0057456912472844,-0.0052083246409893,-0.007275749463588,-0.0105795003473759,-0.0142685491591692,-0.0179862882941961,-0.0216336417943239,-0.0252191685140133,-0.0287699922919273,-0.0322878584265709,-0.0357873812317848,-0.0392677746713161,-0.0427497699856758,-0.0461992025375366,-0.048908855766058,-0.048976793885231,-0.0465473532676697,-0.0429868549108505,-0.0390764623880386,-0.0351423174142838,-0.0317012444138527,-0.0305650029331446,-0.032208152115345,-0.0353069789707661,-0.0388646647334099,-0.0424927324056625,-0.0460460744798183,-0.0495368391275406,-0.0529802702367306,-0.0564016997814178,-0.0598019659519196
0.0033737956546247,0.0076153301633894,0.0117727657780051,0.0158706642687321,0.0199210718274117,0.0239352565258741,0.0267777144908905,0.0265020374208689,0.0236407015472651,0.019672766327858,0.0154018132016063,0.01114646717906,0.0069638602435588,0.0028598818462342,-0.001197301200591,-0.0052331634797155,-0.0092486897483468,-0.0132499756291509,-0.0172446351498365,-0.0212221294641495,-0.025182843208313,-0.0291037783026695,-0.0318565890192986,-0.0315058939158916,-0.0285639632493258,-0.0245079360902309,-0.0210205391049385,-0.0204626172780991,-0.0227598156780005,-0.0264014229178429,-0.0296173002570868,-0.0299576558172703,-0.0274162162095308,-0.023501493036747,-0.019198939204216,-0.0148669760674238,-0.0106147192418575,-0.0064410516060888,-0.002296530874446,0.0018303972901776,0.0059306952171027,0.0100021418184042,0.0140612237155437,0.0181080605834723,0.0221373364329338,0.0261421650648117,0.029545783996582,0.0302787106484175,0.0279963407665491,0.0242053493857384,0.0199426505714655,0.0156288631260395,0.0120980208739638,0.0114264190196991,0.013683220371604,0.0173655524849892,0.0214788690209389,0.0256516821682453,0.0297358389943838,0.0337464213371277,0.0377086885273457,0.0416558384895325,0.04558464884758,0.0494936257600784,0.0533861257135868,0.0572563707828522,0.0607421547174454,0.0618388690054417,0.0598191544413567,0.0560576096177101,0.051703255623579,0.0472605600953102,0.042889803647995,0.0386048629879951,0.0343711450695992,0.0301685482263565,0.0259889252483845,0.0218264535069466,0.018044238910079,0.0166316237300634,0.0183962117880583,0.0218696445226669,0.0259434022009373,0.0301122069358826,0.0342257097363472,0.0382578819990158,0.0420250929892063,0.0437328889966011,0.0421799346804619,0.0386738553643227,0.0344690978527069,0.0301395729184151,0.0258551053702831,0.0216432400047779,0.0174780283123255,0.0133601715788245,0.0092553328722715,0.0051872269250452,0.0013456812594085,-0.0004619873943738,0.0009388428297825,0.0043255928903818,0.0084309289231896,0.0126735353842378,0.0168735068291426,0.0209878236055374,0.0249283686280251,0.027139700949192,0.0261257812380791,0.0229114480316639,0.0188376680016518,0.0145824933424592,0.0104968985542655,0.0083453971892595,0.0094775399193167,0.012710077688098,0.0167463403195143,0.020950922742486,0.0251238010823727,0.0292042847722769,0.0332196727395058,0.0372042618691921,0.0411707162857056,0.0451223328709602,0.0490437857806683,0.0529515892267227,0.056816965341568,0.0593380033969879,0.058636337518692,0.0554801188409328,0.0513278916478157,0.0469297207891941,0.0425361469388008,0.0382209531962872,0.0339759290218353,0.0297729335725307,0.0255996324121952,0.0214415863156319,0.0173132512718439,0.0131976623088121,0.0090958103537559,0.0050245774909853,0.0010073919547721,-0.0016969291027635,-0.0011811134172603,0.0017891903407871,0.0057498132809996,0.0089645460247993,0.0091534983366727,0.0066098482348024,0.0028171890880912,-0.0003594956942833,-0.0005067386082373,0.0020967887248843,0.0059517715126276,0.0101759396493435,0.0144176781177521,0.0185711774975061,0.0226622521877289,0.0267061721533537,0.0307185389101505,0.034724835306406,0.0387063696980476,0.0426686182618141,0.0466081537306309,0.0505288653075695,0.0544387735426426,0.0576378665864468,0.0579861477017403,0.0554499253630638,0.0515251606702805,0.0478697195649147,0.0469585657119751,0.0489962249994278,0.0525027811527252,0.0564918033778667,0.0605359263718128,0.0645086467266083,0.0683789551258087,0.0722236335277557,0.0760450810194016,0.0798581093549728,0.0836459323763847,0.0874264165759087,0.0911908075213432,0.0949442535638809,0.098676323890686,0.101913794875145,0.10262081772089,0.100258626043797,0.0962863638997078,0.0918026864528656,0.0872756764292717,0.0828002393245697,0.0783880650997162,0.0740430951118469,0.0697229281067848,0.0654324069619179,0.0611540898680687,0.056900292634964,0.0526451021432877,0.0484070479869843,0.0442029759287834,0.0404841564595699,0.0392952896654606,0.0411856658756733,0.0446930676698685,0.0484689958393574,0.0500761084258556,0.0484428405761719,0.0449182018637657,0.0410132743418217,0.0391609743237495,0.0405419729650021,0.0438430905342102,0.0478379428386688,0.0519597344100475,0.0560539364814758,0.0600430518388748,0.0639746487140656,0.0678882151842117,0.0717618241906166,0.0756214484572411,0.0794779360294342,0.0833169892430305,0.087146520614624,0.0909456163644791,0.0945587903261185,0.0963128134608269,0.0948281511664391,0.0912496224045753,0.0869010463356972,0.0824065059423447,0.0779551118612289,0.0735736936330795,0.0692611187696457,0.0649669095873833,0.0609090588986874,0.0588907860219479,0.0601416602730751,0.0633353888988495,0.0672452077269554,0.0712914317846298,0.0752909630537033,0.079204335808754,0.0830665603280067,0.0869001820683479,0.0906393527984619,0.0928336679935455,0.0918094664812088,0.0884691029787064,0.084217831492424,0.0797579735517502,0.0753064304590225,0.0709541812539101,0.0667198598384857,0.0640148892998695,0.0645408630371094,0.0673902779817581,0.0711732432246208,0.0752092152833939,0.0792262330651283,0.083147831261158,0.0870014727115631,0.0908261761069298,0.0946277529001236,0.0984121635556221,0.10216124355793,0.104717016220093,0.104167699813843,0.101044289767742,0.0968172550201416,0.0923159867525101,0.0878263711929321,0.083408534526825,0.0790517181158066,0.0747273936867714,0.0704384446144104,0.0661811232566833,0.0619569793343544,0.0589157715439796,0.0589827299118042,0.0616224110126495,0.0653713271021843,0.0694211944937706,0.0734772309660912,0.0774354860186577,0.081331804394722,0.0843033045530319,0.084350198507309,0.0816069468855858,0.0775759965181351,0.0731627270579338,0.0687493234872818,0.0653787180781364,0.0651316940784454,0.0675983130931854,0.0712578743696213,0.0752717480063438,0.0792957544326782,0.083248034119606,0.0871257185935974,0.0909682065248489,0.0947835296392441,0.0985720008611679,0.102353923022747,0.106105670332909,0.10987177491188,0.113008216023445,0.113473117351532,0.110920511186123,0.106875509023666,0.102381654083729,0.097852922976017,0.0933858007192612,0.0889817178249359,0.0846342891454697,0.0803178995847702,0.0760085210204124,0.0717393904924393,0.0674786567687988,0.0632395669817924,0.0597294420003891,0.0590374395251274,0.0612301155924797,0.0648308992385864,0.0688665881752968,0.0729447975754738,0.0765453055500984,0.077698290348053,0.0757062509655952,0.0719849392771721,0.0676753148436546,0.0632855743169785,0.0589611902832985,0.0547054708003998,0.0505064725875854,0.0463371425867081,0.0421903319656849,0.0380590297281742,0.0342994667589664,0.0329102203249931,0.0347040630877018,0.0382101237773895,0.0423110388219357,0.0464985743165016,0.0506218075752258,0.0546567216515541,0.0584333054721355,0.060128141194582,0.0585742108523846,0.0550729893147945,0.050877258181572,0.0465490221977234,0.0422603972256184,0.0380623824894428,0.0339248739182949,0.0298076644539833,0.0257130246609449,0.0216487534344196,0.0178004875779152,0.016001807525754,0.0174054875969887,0.0207720045000315,0.024877043440938,0.0291186757385731,0.0333069153130054,0.0374275520443916,0.0413490235805511,0.043523982167244,0.0424788258969784,0.0392380692064762,0.0351387523114681,0.0308486707508564,0.0265983715653419,0.0224366933107376,0.0184542573988438,0.016178535297513,0.017127737402916,0.0202813036739826,0.0242907702922821,0.0285111665725708,0.0327030345797539,0.0368098467588425,0.0408406481146812,0.0448370091617107,0.0488260500133038,0.0527992472052574,0.0567036457359791,0.0592589974403381,0.0586156025528908,0.0555290207266808,0.0514357276260853,0.0470843017101288,0.0427427440881729,0.0384831726551056,0.0342785343527794,0.0301162730902433,0.0260603372007608,0.0235439576208591,0.024239981546998,0.0272499173879623,0.0312040075659752,0.0353822037577629,0.0395407676696777,0.0436170548200607,0.0476205982267857,0.051580898463726,0.0555120632052422,0.0584036596119404,0.0582799986004829,0.0554664805531502,0.0514535717666149,0.0471114926040173,0.0427639111876488,0.0384935513138771,0.0343048572540283,0.0301469974219799,0.0260245874524117,0.0219098497182131,0.0178198646754026,0.0137543277814984,0.0097044007852673,0.005654526874423,0.0016330538783222,-0.0013406809885054,-0.0013025370426476,0.0014215518021956,0.0053601465187966,0.0089120827615261,0.0096420450136065,0.0074127563275396,0.0037456811405718,-0.0003599698538891,-0.004506935365498,-0.008585981093347,-0.012584799900651,-0.0165415685623884,-0.0204629804939032,-0.023522024974227,-0.0236601289361715,-0.0210095569491386,-0.0170682054013014,-0.0127530666068196,-0.0084224073216319,-0.0041677942499518,1.92098814295605e-05,0.0041607082821428,0.0082879923284053,0.0119124408811331,0.013003452681005,0.0110084488987923,0.007414421532303,0.0032870934810489,-0.0009236196638084,-0.0050669014453887,-0.0091255027800798,-0.0131272096186876,-0.0171075500547886,-0.0210810825228691,-0.0250308271497488,-0.028968395665288,-0.0328926928341389,-0.036801852285862,-0.0406957194209099,-0.04409259557724,-0.0449655093252659,-0.0427734702825546,-0.038946021348238,-0.0348821766674519,-0.0329801216721535,-0.0343182794749737,-0.0375414043664932,-0.0414627492427826,-0.045502033084631,-0.0494760498404503,-0.0533814616501331,-0.0572304055094719,-0.0610469579696655,-0.0648500323295593,-0.0686421096324921,-0.0721222534775734,-0.0734041482210159,-0.0715038999915123,-0.0677614957094193,-0.0633964985609055,-0.0589233934879303,-0.0545123629271984,-0.0501712635159492,-0.046035997569561,-0.0438050627708435,-0.0448063723742962,-0.047898106276989,-0.0517721697688103,-0.0558061338961124,-0.0597899965941906,-0.063685268163681,-0.0675261169672012,-0.0713441371917725,-0.0751504153013229,-0.0789405182003975,-0.0827198028564453,-0.086481973528862,-0.090233325958252,-0.0939516797661781,-0.0975031554698944,-0.0992061719298363,-0.0976745411753654,-0.0940484553575516,-0.0897330045700073,-0.086771085858345,-0.0870474129915237,-0.0896987766027451,-0.0933280289173126,-0.0972031652927399,-0.10106610506773,-0.104859106242657,-0.108509033918381,-0.110604770481586,-0.109495371580124,-0.106069177389145,-0.101722776889801,-0.0971561148762703,-0.0926304534077644,-0.0881988257169724,-0.083813764154911,-0.0794759914278984,-0.0751514509320259,-0.0708352327346802,-0.0665772631764412,-0.0634874403476715,-0.0635310709476471,-0.066155344247818,-0.0698796510696411,-0.0739041194319725,-0.0779128819704056,-0.0818355530500412,-0.0856884866952896,-0.0895126163959503,-0.0933094024658203,-0.0970829576253891,-0.100824445486069,-0.103371843695641,-0.102817475795746,-0.0996976494789124,-0.0955011695623398,-0.0910103768110275,-0.0865311771631241,-0.0821487605571747,-0.0778218656778336,-0.0743812024593353,-0.0738874077796936,-0.0761739462614059,-0.0797340646386147,-0.0836911350488663,-0.0876595377922058,-0.0905531197786331,-0.090333953499794,-0.0874129831790924,-0.0833063721656799,-0.0788790136575699,-0.074454128742218,-0.0700977221131325,-0.0657978951931,-0.061551459133625,-0.0573289133608341,-0.0531108528375626,-0.0489199422299862,-0.0447357818484306,-0.0405770130455494,-0.0370137803256512,-0.0361402109265327,-0.0383019037544727,-0.041939239948988,-0.0460366792976856,-0.0501829907298088,-0.0535506010055542,-0.0540254153311253,-0.0515925474464893,-0.0477563254535198,-0.0434910617768764,-0.0391718372702599,-0.0349280834197998,-0.0307571087032557,-0.0266473311930895,-0.0225646905601025,-0.0184953771531582,-0.0144385332241654,-0.0103920102119446,-0.0063730599358677,-0.0027388590388,-0.0014896609354764,-0.0033675185404717,-0.0069741886109113,-0.0111589534208179,-0.0154523011296988,-0.0196734592318535,-0.0238049644976854,-0.0278883948922157,-0.0319349728524685,-0.0354855433106422,-0.0365041717886925,-0.0344546101987362,-0.0307907517999411,-0.0265800897032022,-0.0223121233284473,-0.0180928912013769,-0.0139561351388693,-0.0098807634785771,-0.0058215339668095,-0.0019926889799535,-0.0002101728168781,-0.0017006364651024,-0.0051185111515224,-0.0092367473989725,-0.0135017279535532,-0.0177108906209469,-0.0218433029949665,-0.0259078051894903,-0.0299375876784325,-0.0336908623576164,-0.0351937860250473,-0.0334987454116344,-0.0299719478935003,-0.0257896892726421,-0.0215001590549946,-0.0172615200281143,-0.0131030939519405,-0.0090051079168915,-0.0049372827634215,-0.0010012987768277,0.001217923942022,0.0002107262553181,-0.0030105672776699,-0.0069799125194549,-0.0094723058864474,-0.0086781159043312,-0.0056034815497696,-0.001646056654863,0.0025428419467061,0.0067022144794464,0.0107649611309171,0.0147601347416639,0.0187339037656784,0.0226886980235577,0.0266195088624954,0.0305427387356758,0.0344624817371368,0.0383623763918877,0.0422371551394463,0.0460553281009197,0.048528928309679,0.0477913990616798,0.0446320548653603,0.0404668301343918,0.0360426530241966,0.0316459350287914,0.0273315031081438,0.0230866987258196,0.0188906844705343,0.0147033426910639,0.0105442358180881,0.0064101945608854,0.0022929990664124,-0.0018097673309966,-0.0058914609253406,-0.0099247433245182,-0.0125997522845864,-0.0120649430900812,-0.0090934857726097,-0.005120797548443,-0.0019216872751712,-0.0017616830300539,-0.0043291710317134,-0.0081351809203624,-0.0122997602447867,-0.0164798013865948,-0.0205833576619625,-0.0246023312211037,-0.0285826474428177,-0.0325550958514214,-0.0365042835474014,-0.0404188372194767,-0.0433359108865261,-0.0431951209902763,-0.0403716787695885,-0.0363548956811428,-0.0320214182138443,-0.0276733636856079,-0.0234026610851288,-0.0192042626440525,-0.0157586764544249,-0.0151861049234867,-0.0175043046474457,-0.0211942009627819,-0.025303840637207,-0.0294556133449078,-0.0326797030866146,-0.0329030863940716,-0.0302880480885506,-0.0263802260160446,-0.0220957361161709,-0.0177864879369736,-0.0135655319318175,-0.0094069223850965,-0.0052984724752605,-0.0011945788282901,0.0028795464895665,0.0069280806928873,0.0109567567706108,0.0149681745097041,0.0184806380420923,0.0194483436644077,0.0173427686095238,0.0136370742693543,0.0093993498012423,0.0050915479660034,0.0008533313521184,-0.0033186897635459,-0.0074280435219407,-0.0115077048540115,-0.0155612155795097,-0.0195989720523357,-0.0231662578880787,-0.0241609048098326,-0.0221013762056828,-0.0184229463338852,-0.0142127238214016,-0.0099339475855231,-0.005716732237488,-0.0015810824697837,0.00223098997958,0.0037601075600832,0.0021107739303261,-0.0013659204123541,-0.0054740235209465,-0.0097177624702453,-0.0138964420184493,-0.0179959200322628,-0.0220329891890287,-0.0260451175272465,-0.0300430320203304,-0.0340122394263744,-0.0379546172916889,-0.0418826751410961,-0.0454379916191101,-0.0466076172888279,-0.0446106791496277,-0.0408912487328053,-0.0366011783480644,-0.0322304368019104,-0.0280838813632727,-0.0258803870528936,-0.0269609484821558,-0.0301452949643135,-0.0340918563306332,-0.0382116064429283,-0.0420610792934895,-0.0437905341386795,-0.0422700941562653,-0.0387585088610649,-0.0345361232757568,-0.0301769934594631,-0.0258737653493881,-0.0216552130877972,-0.0174982212483883,-0.0133643951267004,-0.0092474929988384,-0.005165196955204,-0.0010966638801619,0.0029631077777594,0.0069314362481236,0.009347946383059,0.0085469298064708,0.0054310350678861,0.0013869429240003,-0.0028769571799784,-0.0071196230128407,-0.0112750316038728,-0.0153071954846382,-0.0177656784653664,-0.0170116852968931,-0.0139325195923448,-0.0099184159189462,-0.005684973206371,-0.0014751097187399,0.0026585252489894,0.0067265466786921,0.010777342133224,0.0148041304200888,0.0188079383224249,0.0227710567414761,0.0255388244986534,0.025181720033288,0.0222497433423996,0.0182245448231697,0.0139097617939115,0.0096026370301842,0.0053651835769414,0.0012044116156175,-0.0029126643203198,-0.0070142173208296,-0.011086467653513,-0.0151339992880821,-0.0191565304994583,-0.0231109708547592,-0.0257148556411266,-0.0251560006290674,-0.0221549961715937,-0.0181209929287434,-0.0138354245573282,-0.0095829125493764,-0.0062759574502706,-0.0059660649858415,-0.0084472522139549,-0.0122197102755308,-0.0163714475929737,-0.0205412060022354,-0.0246344059705734,-0.0286400057375431,-0.0326156169176102,-0.0365839563310146,-0.0405215173959732,-0.0444452241063118,-0.0483450815081596,-0.0522254444658756,-0.0550587512552738,-0.0548485778272152,-0.0519684106111526,-0.047915130853653,-0.043535839766264,-0.0391544364392757,-0.035424530506134,-0.0344556421041489,-0.0365241728723049,-0.040072288364172,-0.044099472463131,-0.0481737926602364,-0.0521830916404724,-0.0561140775680542,-0.059995774179697,-0.0638469308614731,-0.0676834657788277,-0.071500726044178,-0.0747031718492508,-0.0752149373292923,-0.0727573558688164,-0.0688121616840363,-0.064406655728817,-0.059941727668047,-0.0555644258856773,-0.0512541010975838,-0.0473632887005806,-0.0458904802799225,-0.0475485548377037,-0.0509235076606274,-0.0548847988247871,-0.0589328445494175,-0.062917597591877,-0.0668242573738098,-0.0702841058373451,-0.0713517665863037,-0.0693074911832809,-0.0655182600021362,-0.0611877962946892,-0.0567751601338387,-0.0524176992475986,-0.0481266304850578,-0.0438803248107433,-0.0396594405174255,-0.0354592651128769,-0.0312714427709579,-0.0273169297724962,-0.0254319868981838,-0.0267996806651354,-0.0301171187311411,-0.0341312028467655,-0.0382884293794632,-0.0423937514424324,-0.0464174374938011,-0.0501730963587761,-0.0518553704023361,-0.0502830073237419,-0.0467697940766811,-0.0425511971116066,-0.0382117182016373,-0.0339093096554279,-0.0296802651137114,-0.0255161449313164,-0.0213870704174042,-0.0172653868794441,-0.0131667647510767,-0.0092044584453105,-0.0069754123687744,-0.0079639265313744,-0.0111555689945817,-0.0151771744713187,-0.0194168444722891,-0.0236190836876631,-0.0277248211205006,-0.031768161803484,-0.0357703231275082,-0.0395905151963234,-0.0415246821939945,-0.0402267761528492,-0.0368330180644989,-0.032670758664608,-0.0283426530659199,-0.0240714438259602,-0.0198724754154682,-0.0157330464571714,-0.0116150341928005,-0.0075747980736196,-0.0049059679731726,-0.0054298695176839,-0.008392377756536,-0.012345939874649,-0.016568910330534,-0.0207083504647017,-0.0232523158192635,-0.0225225780159235,-0.0194361861795187,-0.0154155921190977,-0.0111742811277509,-0.0069610700011253,-0.0028195022605359,0.0012588294921442,0.0052967150695622,0.0093148993328213,0.0133217386901379,0.0173134095966816,0.0212928950786591,0.0252347737550735,0.0281209368258715,0.0279841646552086,0.0251714289188385,0.0211664754897356,0.0168252680450678,0.012479254975915,0.0082322312518954,0.0040524527430534,-7.22188560757786e-05,-0.0041884835809469,-0.0082961870357394,-0.0123759461566806,-0.0164274033159018,-0.0204619951546192,-0.0244891792535782,-0.0284701250493526,-0.0314196944236755,-0.0313496366143227,-0.0285865813493729,-0.024627048522234,-0.0210682824254036,-0.020323121920228,-0.0225199293345213,-0.026146249845624,-0.0302173644304276,-0.034342996776104,-0.038392074406147,-0.0423596948385239,-0.0462937466800213,-0.0501948334276676,-0.0540767051279545,-0.0579468607902527,-0.0617914907634258,-0.0656188130378723,-0.0685881897807121,-0.0686115846037865,-0.0658107250928879,-0.0617518983781338,-0.057354349642992,-0.0529337748885155,-0.0485874190926552,-0.0443100817501545,-0.0400652587413788,-0.0358262360095978,-0.0316239260137081,-0.0274377968162298,-0.023269172757864,-0.0191206578165293,-0.0149954333901405,-0.0108834812417626,-0.0068073882721364,-0.0027430935297161,0.0008381686056964,0.0018422341672703,-0.0002095026138704,-0.0038641584105789,-0.0080480705946683,-0.0123014468699694,-0.0164931993931532,-0.0206004530191422,-0.0243737585842609,-0.0258947163820267,-0.0242250561714172,-0.0207202807068825,-0.0165693275630474,-0.0123050147667527,-0.0080873062834143,-0.0039562657475471,0.0001182729974971,0.0041683372110128,0.0077908379025757,0.009008158929646,0.0071039767935872,0.0034945488441735,-0.0006910305819474,-0.0049618231132626,-0.0091848382726311,-0.0133190136402845,-0.0173960868269205,-0.0214323177933693,-0.0252915341407061,-0.0272865872830153,-0.0260458197444677,-0.0227047596126795,-0.018578365445137,-0.0143053308129311,-0.0100567135959864,-0.005904721096158,-0.0018010940402746,0.0022829086519777,0.0063357194885611,0.0103650894016027,0.0143926693126559,0.0183925554156303,0.0223825145512819,0.0263550914824009,0.0301458947360516,0.0320372208952904,0.0306945461779833,0.0272555276751518,0.0231369119137526,0.020363986492157,0.0208306647837162,0.0236740745604038,0.0274266134947538,0.0299070570617914,0.0291532259434462,0.0260093454271555,0.0219034720212221,0.0175669305026531,0.013254763558507,0.0090320855379104,0.0048794029280543,0.000751000829041,-0.0033546863123774,-0.0074313911609351,-0.0114892488345504,-0.0155212543904781,-0.0195347405970097,-0.0235330350697041,-0.027493067085743,-0.0302756652235985,-0.0299446005374193,-0.0270260367542505,-0.0230256300419569,-0.0187288075685501,-0.0144948279485106,-0.0116962809115648,-0.0121264634653926,-0.0150091098621488,-0.0189006496220827,-0.023060405626893,-0.0271898675709963,-0.0312357190996408,-0.0352076776325703,-0.0391495302319527,-0.0430666729807854,-0.0469835735857487,-0.0508788414299488,-0.054773461073637,-0.0586248934268951,-0.061602309346199,-0.0616453811526299,-0.0588938668370247,-0.0548670031130314,-0.0504784733057022,-0.0460818372666836,-0.0417454428970814,-0.0374761335551739,-0.0332606956362724,-0.0290630534291267,-0.0248893648386002,-0.0207390356808901,-0.0174532700330019,-0.0171347837895155,-0.0196310821920633,-0.0233869031071663,-0.0275208484381437,-0.0316762551665306,-0.0357467979192734,-0.0397395417094231,-0.0431103706359863,-0.0437773838639259,-0.0414257496595383,-0.0376036614179611,-0.0333276949822903,-0.0290083810687065,-0.0247455071657896,-0.0205452293157578,-0.0164066273719072,-0.0122827999293804,-0.0081684561446309,-0.0040755323134362,-0.0006212733569554,0.0001236545358551,-0.0020925856661051,-0.0058207134716212,-0.0100177144631743,-0.0142653174698353,-0.018427561968565,-0.0225129872560501,-0.026166720315814,-0.0274093598127365,-0.0255257412791252,-0.0219262763857841,-0.0177274607121944,-0.0134485373273492,-0.0097232647240161,-0.0086591960862278,-0.0106662139296532,-0.0142640201374888,-0.0183922201395035,-0.0225963164120913,-0.0267286971211433,-0.0307803973555565,-0.0347694233059883,-0.0387358665466309,-0.042687751352787,-0.0466189309954643,-0.0505343228578568,-0.0544381402432919,-0.0581114701926708,-0.0597234331071377,-0.0580945611000061,-0.0545224845409393,-0.0502504333853722,-0.0458549037575722,-0.0415014252066612,-0.0372131168842316,-0.0329906493425369,-0.028798209503293,-0.0246163848787546,-0.020455515012145,-0.0163188744336367,-0.012197220697999,-0.0080965179949998,-0.004026255570352,-0.0001789419038686,0.0015657634939998,7.72918720031157e-05,-0.0033587226644158,-0.0073553137481212,-0.0097923055291175,-0.0089793847873807,-0.0058973557315766,-0.002019113395363,0.0003546160878613,-0.0005491286283358,-0.0037036081776022,-0.0077385916374623,-0.0119715025648475,-0.016168562695384,-0.0202843472361565,-0.0243377387523651,-0.0283607058227062,-0.0323569066822529,-0.0363431721925735,-0.0403128191828728,-0.0442754998803139,-0.0482107102870941,-0.052115049213171,-0.0559753440320492,-0.0584613233804703,-0.0577442087233067,-0.0546026453375816,-0.0505127757787704,-0.0475240312516689,-0.0477081350982189,-0.0503975450992584,-0.0541252754628658,-0.0581349544227123,-0.0621471330523491,-0.0660612285137177,-0.0699074268341064,-0.0737197771668434,-0.077503964304924,-0.0812813341617584,-0.0850459188222885,-0.0887938588857651,-0.0925259441137314,-0.0962462574243546,-0.0999478697776794,-0.10261258482933,-0.10227082669735,-0.0992408916354179,-0.095021665096283,-0.0904907360672951,-0.0859637856483459,-0.0815334767103195,-0.0771542936563492,-0.0728136524558067,-0.0684932544827461,-0.0642034932971001,-0.0599226132035255,-0.055665697902441,-0.0514131784439087,-0.0471830889582634,-0.0429949760437012,-0.0398591160774231,-0.0397637635469437,-0.0423432290554047,-0.0461079515516758,-0.049498088657856,-0.0500602163374424,-0.0476804412901402,-0.0438566356897354,-0.040326651185751,-0.0395873710513115,-0.0417643934488297,-0.0453952550888062,-0.0494688004255295,-0.0535889714956284,-0.0576197430491447,-0.0615705475211143,-0.0654833540320396,-0.0693816617131233,-0.0732543021440506,-0.0771121457219124,-0.0809453651309013,-0.0847724378108978,-0.0885616987943649,-0.0923454761505127,-0.0956327766180038,-0.0963868647813797,-0.0940611064434052,-0.090135745704174,-0.0856902077794075,-0.0811891779303551,-0.0767653435468674,-0.0724017322063446,-0.0680730119347572,-0.0637835264205933,-0.0601062774658203,-0.0591585040092468,-0.0611945614218712,-0.0647038519382477,-0.0686929821968079,-0.0727283656597137,-0.0766932442784309,-0.0805734246969223,-0.0843996703624725,-0.0882076770067215,-0.0917060002684593,-0.092967227101326,-0.0910456031560898,-0.0872922167181969,-0.0829258635640144,-0.07845439016819,-0.0740447640419006,-0.0697025284171104,-0.065703496336937,-0.0639912635087967,-0.0654403492808342,-0.0687017887830734,-0.0726166069507599,-0.0766554027795792,-0.0806167870759964,-0.0844949632883072,-0.0883215516805649,-0.0921020060777664,-0.095878854393959,-0.0996459797024727,-0.103241160511971,-0.104953497648239,-0.10343161970377,-0.0998121798038483,-0.0954422056674957,-0.0909165889024734,-0.0864395424723625,-0.0820364505052567,-0.0776973515748978,-0.0733786523342133,-0.0690798908472061,-0.0648077428340912,-0.0607199892401695,-0.0585415549576283,-0.0595959015190601,-0.0627045556902885,-0.066600501537323,-0.0706531852483749,-0.0746654495596886,-0.0786012634634972,-0.0823980122804642,-0.0846313461661339,-0.0836567580699921,-0.0803571939468384,-0.0761492103338242,-0.0717282965779305,-0.0674289464950562,-0.0649448707699776,-0.0657549649477005,-0.0687516182661057,-0.0725922957062721,-0.0766317173838615,-0.0806254148483276,-0.0845359712839127,-0.0883808061480522,-0.0921850576996803,-0.0959698855876923,-0.0997389554977417,-0.103491619229317,-0.107239425182343,-0.110937103629112,-0.113452427089214,-0.112849727272987,-0.109656378626823,-0.105400606989861,-0.100871726870537,-0.0963442921638489,-0.0919170752167702,-0.087561160326004,-0.0832221880555153,-0.0789012610912323,-0.0746090710163116,-0.070338748395443,-0.0660683363676071,-0.0618719831109047,-0.0590658336877823,-0.0594295896589756,-0.0622290931642056,-0.0660457164049149,-0.0700983852148056,-0.074127197265625,-0.0772003456950188,-0.0772888958454132,-0.0745786726474762,-0.070580892264843,-0.0662235841155052,-0.0618462227284908,-0.0575430318713188,-0.053295686841011,-0.0491012409329414,-0.0449243746697903,-0.0407623574137688,-0.0366214774549007,-0.0333671346306801,-0.0330765023827553,-0.035574983805418,-0.0393515005707741,-0.0434988774359226,-0.0476582907140255,-0.0517287328839302,-0.0557294860482216,-0.0591144002974033,-0.0597808957099915,-0.0574339553713799,-0.0536112263798714,-0.0493351146578789,-0.0450078099966049,-0.0407369360327721,-0.0365487709641457,-0.0324035100638866,-0.0282951910048723,-0.0241841524839401,-0.0201003644615412,-0.0166550315916538,-0.0159048344939947,-0.0181181728839874,-0.021807299926877,-0.0259876344352961,-0.0302144251763821,-0.0343696810305119,-0.0384354963898659,-0.0420750081539154,-0.043295755982399,-0.0413976609706879,-0.0377817340195179,-0.0335780791938305,-0.0292971469461918,-0.0250686835497618,-0.0209052637219429,-0.017209118232131,-0.0159349478781223,-0.0177811309695244,-0.0213325582444668,-0.0254578497260809,-0.0296654477715492,-0.0338090434670448,-0.037883672863245,-0.0418979376554489,-0.0458933338522911,-0.0498581379652023,-0.0538015551865101,-0.0575246810913086,-0.0591747425496578,-0.0575854517519474,-0.0540535785257816,-0.0498293563723564,-0.0454653054475784,-0.0411468371748924,-0.036913700401783,-0.0327290147542953,-0.0285742655396461,-0.0247595310211182,-0.0232129339128733,-0.0248425342142582,-0.0282736234366894,-0.0323292352259159,-0.0365122407674789,-0.0406372584402561,-0.0446765497326851,-0.0486549288034439,-0.0526082292199135,-0.0564158111810684,-0.0585029199719429,-0.0573720708489418,-0.0540428459644318,-0.0498686023056507,-0.0455181524157524,-0.0411932654678822,-0.0369409248232841,-0.0327468998730183,-0.0285918787121773,-0.0244577620178461,-0.0203405860811472,-0.0162419378757477,-0.012162727303803,-0.0081079350784421,-0.0040514753200113,-0.0001428390387445,0.0020350615959614,0.0009863980812951,-0.0022517251782119,-0.0063149402849376,-0.0092001194134354,-0.0088685825467109,-0.0060452837496995,-0.0021732503082603,0.0019792162347585,0.006121533922851,0.0101982727646828,0.0141930673271418,0.0181530918926001,0.0219999141991138,0.0242919903248549,0.0233753677457571,0.0201526042073965,0.0160153545439243,0.0116620529443026,0.0073353336192667,0.0031123619992286,-0.0010573684703558,-0.0051957014948129,-0.0092938225716352,-0.0123361200094223,-0.0123445019125938,-0.0096845673397183,-0.0058291754685342,-0.0016288056503981,0.0025793930981308,0.0067130159586668,0.0107747502624989,0.0147786643356085,0.0187739823013544,0.0227497946470976,0.0267016440629959,0.0306365974247456,0.0345539934933186,0.0384622290730476,0.0423386953771114,0.0451598167419434,0.044934518635273,0.0420461669564247,0.0379829034209251,0.0342991203069687,0.033439889550209,0.0355413109064102,0.0390689745545387,0.0430642552673817,0.0471094474196434,0.0510769635438919,0.054964255541563,0.058805201202631,0.0626161396503448,0.0664287358522415,0.0702211111783981,0.073259599506855,0.0734728202223778,0.0708058699965477,0.0667483657598495,0.0622942708432674,0.0578219965100288,0.053429588675499,0.0491135343909264,0.0453203395009041,0.0440885163843632,0.0459298007190228,0.0493719652295113,0.0533432960510254,0.0573889948427677,0.0613586977124214,0.0652552247047424,0.0691076368093491,0.0729322284460068,0.0767369195818901,0.0805376321077347,0.0843214616179466,0.0880990624427795,0.09185990691185,0.0955880433320999,0.0988069251179695,0.0994705632328987,0.0970832705497742,0.0931028053164482,0.0889139473438263,0.0868811532855034,0.0880762115120888,0.0911665111780167,0.0949254930019379,0.0988233461976051,0.102673783898354,0.106447845697403,0.109850220382214,0.110968478024006,0.108936175704002,0.105073809623718,0.10061240196228,0.0960604548454285,0.0915680453181267,0.0871251299977303,0.082743875682354,0.0783971026539803,0.0740787833929062,0.0697747245430946,0.0656503140926361,0.0634221062064171,0.064446710050106,0.0675574690103531,0.0714215859770775,0.0754644945263863,0.0794714614748955,0.0833787322044373,0.087230421602726,0.0910622775554657,0.0948679968714714,0.0986510217189789,0.102246180176735,0.103925414383411,0.102388389408588,0.0987783223390579,0.0944038033485413,0.0898945108056068,0.0854320898652077,0.0810398012399673,0.0767850428819656,0.0741042271256447,0.0746311247348785,0.0774606466293335,0.0812220126390457,0.085213266313076,0.0890735015273094,0.091098427772522,0.089839980006218,0.086383730173111,0.0821012407541275,0.0776461660861969,0.0732248425483704,0.0688923671841621,0.0646208003163338,0.0603739395737648,0.0561544522643089,0.0519512444734573,0.0477734990417957,0.0436102822422981,0.0394789949059486,0.0365268066525459,0.036705456674099,0.039488147944212,0.0433468073606491,0.0475035011768341,0.0515898801386356,0.0542152225971222,0.0536077506840229,0.0505563877522945,0.0465037971735001,0.0422010160982609,0.0379219874739647,0.0337097123265266,0.0295740440487862,0.0254629161208868,0.0213806331157684,0.0173078328371048,0.0132528161630034,0.0092222802340984,0.0052129058167338,0.0020923458505421,0.0018962571630254,0.0044757379218936,0.0083477990701794,0.0125945778563619,0.0168629251420498,0.0210608206689358,0.0251817815005779,0.0292630046606064,0.0332955829799175,0.0362595953047276,0.0361732356250286,0.0334204845130444,0.0295012444257736,0.0252546742558479,0.0210015363991261,0.0168261006474495,0.0127126695588231,0.0086495857685804,0.0046197073534131,0.0011783653171733,0.000454869470559,0.0027194903232157,0.0064660739153623,0.0106734465807676,0.0149387046694756,0.0191192664206028,0.0232342779636383,0.0273081809282303,0.0313589386641979,0.0346259213984013,0.0350288636982441,0.0325762405991554,0.0287365261465311,0.0244903191924095,0.0202153269201517,0.0160141419619322,0.0118934269994497,0.0078027490526437,0.0037521538324654,0.0001052134757628,-0.0011450843885541,0.0007333983667194,0.0043238122016191,0.0081166708841919,0.009567828848958,0.0078430045396089,0.0043763821013271,0.0002935094234999,-0.0038817184977233,-0.0079948827624321,-0.0120282005518675,-0.0160145703703165,-0.019976545125246,-0.0239163376390934,-0.0278425440192223,-0.0317544490098953,-0.0356572419404984,-0.0395443215966225,-0.0434166043996811,-0.0470711477100849,-0.0486346706748009,-0.0469638407230377,-0.0433676205575466,-0.039076916873455,-0.0346698462963104,-0.0302954465150833,-0.0259932726621628,-0.0217446945607662,-0.0175421293824911,-0.0133526725694537,-0.0091752354055643,-0.0050357077270746,-0.0009023452876135,0.0032123003620654,0.0073116570711135,0.0111658768728375,0.0129128051921725,0.0114422719925642,0.0080235172063112,0.0040295533835887,0.0015962624456733,0.0024379286915063,0.0055358856916427,0.0095179323107004,0.0137076582759619,0.0178572684526443,0.0219221897423267,0.0259304530918598,0.0299151390790939,0.033882699906826,0.0378447212278843,0.0416667759418488,0.0437375046312809,0.0425651371479034,0.0392282754182816,0.0350478664040565,0.0306661278009415,0.0263404436409473,0.0220881514251232,0.0179433263838291,0.0152057819068432,0.0156718157231808,0.0185553040355444,0.0224377997219563,0.0265941619873047,0.0306420233100653,0.0330719128251076,0.0322133488953114,0.0290215015411377,0.0249269343912601,0.020613819360733,0.0163409821689129,0.0121434908360243,0.0080174803733825,0.0039172312244772,-0.0001570755848661,-0.0042031900957226,-0.0082449335604906,-0.0122703574597836,-0.0162551943212748,-0.0192037802189589,-0.0191131196916103,-0.0163541883230209,-0.0123861031606793,-0.0080985156819224,-0.0037986962124705,0.0004234830557834,0.0045723067596554,0.0086811734363436,0.012753264978528,0.0168279875069857,0.0208643730729818,0.0238245129585266,0.023735836148262,0.0209987871348858,0.0170700121670961,0.0128179937601089,0.0085659231990575,0.0043829372152686,0.0002735018497332,-0.0030613713897764,-0.0035374232102185,-0.00113819190301,0.0026302351616323,0.0068196905776858,0.0110428128391504,0.015208488330245,0.0192989557981491,0.0233378876000643,0.0273409858345985,0.031335886567831,0.035307239741087,0.0392513386905193,0.0431779958307743,0.0462080463767052,0.0462448410689831,0.0435128696262836,0.0395343638956547,0.0351837500929832,0.0308217704296112,0.0270279627293348,0.0258443113416433,0.0277370419353247,0.0312552377581596,0.0352982468903065,0.0394255518913269,0.0428471788764,0.0434769541025162,0.0411128550767899,0.0372685343027115,0.0329598635435104,0.0286174919456244,0.0243483483791351,0.0201583001762629,0.0160187557339668,0.0118954023346305,0.0077949035912752,0.0037021008320152,-0.0003583721409086,-0.0044025401584804,-0.0081154014915227,-0.0095843551680445,-0.0078940661624074,-0.0043782894499599,-0.0002158604038413,0.0040723006241023,0.0083020348101854,0.012439701706171,0.0162238460034132,0.017732210457325,0.0160580556839705,0.0125744100660086,0.008450323715806,0.0042028590105474,1.6926953321672e-05,-0.0040830378420651,-0.0081336256116628,-0.0121569149196148,-0.0161497294902802,-0.020128583535552,-0.0239329412579536,-0.0258339531719685,-0.0245029740035534,-0.0210746172815561,-0.0168965198099613,-0.0125698391348124,-0.0082772737368941,-0.0040701231919229,7.64796568546444e-05,0.0042042769491672,0.0083026029169559,0.0123737454414368,0.0164370965212584,0.0204730033874512,0.0242532528936863,0.025948915630579,0.0244155693799257,0.0209527220577002,0.0167890880256891,0.012480198405683,0.0083340611308813,0.0057983957231044,0.0065060835331678,0.0095387175679206,0.013505881652236,0.0176924057304859,0.0218561440706253,0.0259433016180992,0.0299525056034327,0.0339382514357567,0.0378913804888725,0.0418335907161236,0.0457562580704689,0.0496724024415016,0.0534696355462074,0.0554814748466015,0.0542464666068554,0.0508444756269455,0.0466130897402763,0.0421928986907005,0.0378335826098919,0.0347557663917542,0.0348742194473743,0.037553783506155,0.0413141176104546,0.045382983982563,0.0494477860629559,0.0534228384494781,0.0573278106749058,0.0611870847642422,0.0650413185358047,0.0688895285129547,0.0726683735847473,0.0752282366156578,0.0746728479862213,0.0715789422392845,0.0674031302332878,0.0629485249519348,0.0585012137889862,0.05413868278265,0.0498568043112755,0.0464803874492645,0.046055942773819,0.0484099313616753,0.0520602092146873,0.0560842603445053,0.0601157583296299,0.0640912503004074,0.0679757967591286,0.0709130316972733,0.0708992257714272,0.068115234375,0.064067155122757,0.0596489012241364,0.0552175156772137,0.0508607886731625,0.0465842485427856,0.0423603057861328,0.0381576344370842,0.0339821577072144,0.0298227742314339,0.0262502338737249,0.0254289917647839,0.0275934264063835,0.0312221962958574,0.0353245511651039,0.03948824852705,0.0435823351144791,0.0475922636687756,0.050962757319212,0.0515561699867249,0.0491788685321808,0.0453357994556427,0.041028805077076,0.0366861037909985,0.0324270613491535,0.0282391123473644,0.024088641628623,0.0199616961181164,0.0158542655408382,0.011768214404583,0.0080990120768547,0.0068269437178969,0.0086715770885348,0.0122299520298839,0.0163821689784527,0.0206305701285601,0.0248001273721457,0.0289014391601086,0.0329383611679077,0.036944929510355,0.0404247492551804,0.0413438268005848,0.03917545825243,0.0354182794690132,0.0311655942350626,0.026846993714571,0.0226003564894199,0.0184377823024988,0.0143174985423684,0.0102191241458058,0.0063593350350856,0.0046019828878343,0.0060727503150701,0.0094714416190981,0.0135711319744587,0.0178174171596766,0.0216918811202049,0.0232426840811968,0.0215573478490114,0.0180397648364305,0.0139016611501575,0.0096531761810183,0.0054747331887483,0.0013745573814958,-0.002675091382116,-0.0066806864924728,-0.0106841009110212,-0.0146701252087951,-0.018640385940671,-0.0225850157439709,-0.0263822413980961,-0.0284728221595287,-0.0273527670651674,-0.0240381918847561,-0.0198717638850212,-0.0155209824442863,-0.011202035471797,-0.0069703860208392,-0.0027888249605894,0.0013490204000845,0.0054740523919463,0.009582751430571,0.0136566311120987,0.0177174229174852,0.0217561647295952,0.0257718525826931,0.0296519137918949,0.0317815393209457,0.030694616958499,0.0274166129529476,0.0233426913619041,0.0204493794590235,0.0207709670066833,0.0235723704099655,0.0274193827062845,0.0315418429672718,0.0356615222990513,0.039692796766758,0.0436608344316483,0.0475837290287018,0.051481120288372,0.055370882153511,0.0592432767152786,0.0631017088890076,0.0668677762150764,0.0690667703747749,0.0680104643106461,0.0646713525056839,0.0604248270392418,0.0559715591371059,0.0515517741441727,0.04721624776721,0.0429415591061115,0.0387036427855492,0.0344930998980999,0.030308585613966,0.0261417385190725,0.0219802670180798,0.0178556703031063,0.0137328319251537,0.0096174171194434,0.0055389492772519,0.0015000544954091,-0.0014957461971789,-0.0014437504578381,0.0012775087961927,0.0051779174245894,0.0094133857637643,0.0136590963229537,0.017816511914134,0.0218957923352718,0.0251842513680458,0.0256227515637875,0.0231899358332157,0.0193863734602928,0.015167698264122,0.0109221618622541,0.0067503945901989,0.0026505945716053,-0.0014049783349037,-0.0054323440417647,-0.0085583366453647,-0.0087357517331838,-0.00613021152094,-0.0022498755715787,0.0020048334263265
-0.0451800152659416,-0.0429820902645588,-0.0408211313188076,-0.0386844426393509,-0.036565862596035,-0.0344603955745697,-0.0328267961740494,-0.0326612740755081,-0.033847089856863,-0.0356459692120552,-0.0376256853342056,-0.0396146476268768,-0.0415701791644096,-0.0434904284775257,-0.0453984811902046,-0.0472940541803837,-0.0491701774299145,-0.051025353372097,-0.0524145662784576,-0.0523451566696167,-0.0509293302893639,-0.0488978400826454,-0.0466969199478626,-0.0445001721382141,-0.0423300005495548,-0.0401864498853683,-0.0383936241269112,-0.0379746817052364,-0.0389957241714001,-0.0407146774232388,-0.0426589250564575,-0.0446235686540604,-0.0461698435246944,-0.0462633185088634,-0.0449614971876144,-0.0429878756403923,-0.0408201515674591,-0.0386381298303604,-0.0364862121641636,-0.0343676656484604,-0.0322684571146965,-0.0301785990595818,-0.0281026773154736,-0.0260226130485535,-0.0239541828632355,-0.021906403824687,-0.0200660470873117,-0.0194504838436842,-0.0203723683953285,-0.0221085399389267,-0.023901741951704,-0.024527657777071,-0.0236136466264725,-0.0218515805900097,-0.0197915714234114,-0.0176882166415453,-0.0156094245612621,-0.0135597102344036,-0.0115410033613443,-0.0095313228666782,-0.0075284405611455,-0.0055287526920437,-0.0035412283614277,-0.0015625819796696,0.0004085322434548,0.0023659742437303,0.0041830483824014,0.0049433074891567,0.0041353702545166,0.0024022599682211,0.000322189705912,-0.0018204397056251,-0.0039405552670359,-0.0060182595625519,-0.0080619798973202,-0.010094977915287,-0.0121244844049215,-0.0141449831426144,-0.0161533616483212,-0.0181652344763279,-0.0201601441949606,-0.022146787494421,-0.0239946823567152,-0.0247760843485594,-0.0239859391003847,-0.022257624194026,-0.0202618055045605,-0.0190906077623367,-0.0195503253489733,-0.0210782326757908,-0.0230152476578951,-0.0250434037297964,-0.0270554181188345,-0.0290367025882006,-0.0309828352183104,-0.0329165644943714,-0.0348371714353561,-0.0367445722222328,-0.0386494100093842,-0.0405447110533714,-0.0423409678041935,-0.0431668534874916,-0.042400985956192,-0.0406404808163643,-0.0385197177529335,-0.0363312289118767,-0.0341878682374954,-0.0328096970915794,-0.0330227166414261,-0.0343992300331593,-0.0362204387784004,-0.0374792031943798,-0.037140965461731,-0.0356016904115677,-0.0335564762353897,-0.0313892811536789,-0.0292284898459911,-0.0270977877080441,-0.0250030346214771,-0.022926451638341,-0.0208575241267681,-0.0187890492379665,-0.0167416520416737,-0.0146950641646981,-0.0126496227458119,-0.0106221530586481,-0.0086037535220384,-0.0071390140801668,-0.0072228135541081,-0.0085831731557846,-0.0104891993105412,-0.0125618260353804,-0.0146376509219408,-0.0166738666594028,-0.0186818186193705,-0.0206826627254486,-0.0226619057357311,-0.024637296795845,-0.0265841707587242,-0.0279777012765408,-0.0278664380311966,-0.0264663100242615,-0.0245007183402777,-0.0223720390349627,-0.0202429965138435,-0.0181506853550673,-0.0160834975540638,-0.0144481137394905,-0.0142339952290058,-0.0154001386836171,-0.0172236543148756,-0.0192522145807743,-0.0212859939783812,-0.0228234864771366,-0.0228664204478264,-0.0215531382709742,-0.019630204886198,-0.0175113249570131,-0.015392935834825,-0.0133170438930392,-0.0112705500796437,-0.0092428214848041,-0.0072232680395245,-0.0052109081298112,-0.0032116728834807,-0.0012140176258981,0.0007713542436249,0.0024811779148876,0.0028865975327789,0.0018074398394674,-2.94132914859802e-05,-0.0021144058555364,-0.0042265015654265,-0.0062999837100505,-0.008354615420103,-0.0103845950216055,-0.0124003309756517,-0.0144130792468786,-0.0164147540926933,-0.0184123832732439,-0.0204047188162804,-0.0220606606453657,-0.0223570466041565,-0.021191505715251,-0.0193180050700903,-0.0172254405915737,-0.0151016730815172,-0.0131892673671246,-0.0124542070552707,-0.0132832769304514,-0.0149808758869767,-0.0169849824160337,-0.0190391354262829,-0.0210651773959398,-0.0230434946715832,-0.0249955169856548,-0.0269352961331606,-0.0286663733422756,-0.0291850380599499,-0.0281555019319057,-0.0263250302523375,-0.0242206193506718,-0.0220714677125216,-0.0199425965547562,-0.0178498234599829,-0.0157845634967089,-0.0137299178168178,-0.011775191873312,-0.0108166066929698,-0.0114467339590192,-0.0130538772791624,-0.0150240287184715,-0.0170714855194092,-0.0189885385334492,-0.0198175366967916,-0.0190325919538736,-0.01730533875525,-0.0152514399960637,-0.0131363673135638,-0.0110410358756781,-0.0089912423864007,-0.0069601871073246,-0.0049437922425568,-0.0029322761110961,-0.0009299429948441,0.0010558872018009,0.0030311297159642,0.0049513685517013,0.0060683814808726,0.0056040873751044,0.0040175975300371,0.0019984298851341,-0.000130470318254,-0.0022536031901836,-0.0043285540305078,-0.0063721612095832,-0.0084023345261812,-0.0104249659925699,-0.0124356457963586,-0.0144401071593165,-0.0164389200508595,-0.0184215847402811,-0.0203976258635521,-0.0223158150911331,-0.0234373603016138,-0.0229672361165285,-0.0213884208351374,-0.0193804446607828,-0.0179032254964113,-0.017987098544836,-0.0193184614181519,-0.0211870744824409,-0.0232006125152111,-0.0252101458609104,-0.0271785072982311,-0.0291257724165916,-0.0310578420758247,-0.0329429134726524,-0.0341085009276867,-0.0337089337408543,-0.0321394316852093,-0.0300932917743921,-0.0279292911291122,-0.0257732532918453,-0.0236474350094795,-0.021555844694376,-0.0194835998117924,-0.0174209289252758,-0.0158369205892086,-0.0157371442764997,-0.016974339261651,-0.0188252981752157,-0.0208472535014153,-0.0228768773376942,-0.0248731523752213,-0.0268380511552095,-0.0287849605083466,-0.0307126715779305,-0.0326425284147263,-0.034553024917841,-0.0364605635404587,-0.0383598059415817,-0.0402566604316235,-0.0421397760510445,-0.043552290648222,-0.0434978120028973,-0.0420798026025295,-0.0400630384683609,-0.038210429251194,-0.0377023853361607,-0.0386559665203094,-0.0403323173522949,-0.0419307015836239,-0.0422086827456951,-0.0410061478614807,-0.0390678495168686,-0.0369046479463577,-0.0347169898450375,-0.0325520373880863,-0.0304202698171139,-0.0283117573708296,-0.0262223165482283,-0.024138942360878,-0.0220597460865974,-0.0199767649173737,-0.0179141666740179,-0.0158617347478867,-0.0138140246272087,-0.0119906105101109,-0.0113940229639411,-0.0123184751719236,-0.0140671115368605,-0.0160904992371798,-0.0181537121534348,-0.0201848763972521,-0.0221829079091549,-0.0241581574082375,-0.0261209439486265,-0.0278129782527685,-0.0281996913254261,-0.0271048098802567,-0.0252410732209682,-0.0231402963399887,-0.0210038106888533,-0.0189024116843939,-0.0168303046375513,-0.0147805381566286,-0.0127398958429694,-0.0108440555632114,-0.0100122820585966,-0.0107508432120085,-0.0124195395037532,-0.0143044795840979,-0.0152059886604548,-0.0145023874938488,-0.0128344772383571,-0.0108163990080357,-0.0087302243337035,-0.0066678319126367,-0.0046346629969775,-0.0026362617500126,-0.0006493591936305,0.0013334124814719,0.0033113288227468,0.0052833016961813,0.0072537446394562,0.0092060677707195,0.0111526316031814,0.0130163691937923,0.0139875411987305,0.0133511126041412,0.0116771543398499,0.0096699241548776,0.008457001298666,0.0088404174894094,0.0103126466274261,0.0122053036466241,0.0142098730430007,0.016198368743062,0.0181449018418789,0.0200668387115002,0.0219737458974123,0.0238804072141647,0.0257709380239248,0.0276664067059755,0.0295483693480492,0.0314252823591232,0.0332917757332325,0.0351152457296848,0.0362180694937706,0.0357523150742054,0.0341218970716,0.0320165492594242,0.0297960694879293,0.0275843217968941,0.0254074484109879,0.0232610367238522,0.0211338065564632,0.0190173368901014,0.0169112365692854,0.0148067101836205,0.0127098578959703,0.010678980499506,0.009451163932681,0.0098160775378346,0.0112868305295706,0.0131962932646275,0.0152157312259078,0.0172294825315475,0.0186516866087914,0.0185079537332058,0.0170799009501934,0.0150991128757596,0.012956103309989,0.0108154341578484,0.0087219048291444,0.0066679855808615,0.0051650134846568,0.0051940605044364,0.0065060630440712,0.0083879483863711,0.0104342494159937,0.0124813318252563,0.0144839528948069,0.0164493452757597,0.0183993559330702,0.0203447714447975,0.022285332903266,0.0242090448737144,0.0257231444120407,0.0258117355406284,0.0245197284966707,0.0225690640509129,0.0204211808741093,0.0182687100023031,0.0166111327707767,0.0164528489112854,0.0176444239914417,0.0194442346692085,0.02143076620996,0.0234340932220221,0.0253925584256649,0.0273128487169743,0.0292123947292566,0.0311128329485655,0.0330087691545486,0.0348948836326599,0.0367744453251362,0.0386535152792931,0.0402537956833839,0.0405440106987953,0.0393514558672905,0.0374034158885479,0.0352157354354858,0.0329876840114594,0.0311097372323275,0.0306194331496954,0.0316091366112232,0.0333099067211151,0.0352292023599148,0.0371646583080292,0.0390722826123238,0.0409550108015537,0.0428154058754444,0.0446650832891464,0.0465111434459686,0.0483475364744663,0.0501776486635208,0.0520156100392342,0.0536597371101379,0.0541656389832497,0.0531161390244961,0.0511946193873882,0.0491385385394096,0.0481646806001663,0.0487683899700642,0.050271600484848,0.0521016269922256,0.0539881996810436,0.0558618754148483,0.0576994121074677,0.0595094263553619,0.0613048933446407,0.0631000548601151,0.0648916140198708,0.0666729509830475,0.0684362947940826,0.0702056512236595,0.0719705075025558,0.0736373513936996,0.0743122398853302,0.0734016597270966,0.0715086981654167,0.0692680478096008,0.0669494867324829,0.064657025039196,0.0624053068459034,0.0602561421692371,0.0590976662933826,0.0595384910702705,0.0609586909413338,0.0627437010407448,0.0646100714802742,0.0664632767438889,0.0682830363512039,0.070074699819088,0.0718543827533722,0.073623925447464,0.0753853768110275,0.0770968645811081,0.0780045315623283,0.0773170068860054,0.0755256488919258,0.0732987150549889,0.0709813162684441,0.0687471330165863,0.0674244612455368,0.0677149593830109,0.0690623000264168,0.0708111450076103,0.0726692751049995,0.0744959190487862,0.0762879550457001,0.0780668556690216,0.0798243582248688,0.0815684348344803,0.0833062529563904,0.085051141679287,0.0867860913276672,0.0884958803653717,0.0895586013793945,0.0890700072050095,0.0873778313398361,0.0851895213127136,0.0834743902087212,0.0833101496100426,0.0844109505414963,0.0860463455319405,0.0878387242555618,0.0896362513303757,0.0913830548524857,0.0931048393249512,0.0948115065693855,0.0965133309364319,0.0982140898704529,0.0998979136347771,0.101574882864952,0.103249497711658,0.104924038052559,0.106582209467888,0.10776224732399,0.107474662363529,0.105842404067516,0.103620998561382,0.101229012012482,0.0988360494375229,0.0964749157428741,0.094157874584198,0.0918450281023979,0.0895517244935036,0.0872703045606613,0.0850028991699219,0.0827428251504898,0.0804852992296219,0.0782341808080673,0.0759952366352081,0.074235774576664,0.0739518702030182,0.0750197246670723,0.0766856521368027,0.0781948864459991,0.0783604830503464,0.0770686715841293,0.0750527083873749,0.0728102400898933,0.070534959435463,0.0682947039604187,0.0660937801003456,0.0639099329710007,0.0617487356066704,0.0595926977694035,0.0574385225772858,0.0556230694055557,0.0551630444824696,0.0561620257794857,0.0578655600547791,0.059787854552269,0.0617303177714348,0.0636423975229263,0.0655194222927094,0.0671653673052788,0.0675743818283081,0.0664488449692726,0.0645153969526291,0.0623173266649246,0.0600745528936386,0.0578695274889469,0.0557020418345928,0.0535525195300579,0.0514175295829773,0.0492944978177547,0.0471742488443851,0.0452851429581642,0.0446257069706917,0.0454818531870842,0.047150231897831,0.0490956194698811,0.0510769337415695,0.0530293546617031,0.0549487099051476,0.0567047409713268,0.0573850199580193,0.0564907640218735,0.0546772629022598,0.0525343790650368,0.0503308922052383,0.0483215823769569,0.0474965050816536,0.0482328832149506,0.0498415268957615,0.0517546385526657,0.0537227876484394,0.0556676387786865,0.057582002133131,0.059472594410181,0.0613463670015335,0.0632110685110092,0.0650599077343941,0.0669017434120178,0.0687419772148132,0.0705047771334648,0.0713664144277573,0.0706243142485619,0.068840354681015,0.0666642859578133,0.0644124895334244,0.0622719116508961,0.0611307546496391,0.0615874491631985,0.0630417317152023,0.0648703873157501,0.0667751803994179,0.0686716362833977,0.0705227851867676,0.0723467469215393,0.0741634666919708,0.0759684890508652,0.077750101685524,0.0795321092009544,0.0813109278678894,0.0830444544553757,0.084048718214035,0.0834896713495255,0.0817661359906197,0.0795631408691406,0.0772538408637047,0.074968695640564,0.0727146118879318,0.0704758316278458,0.0682519823312759,0.0660407096147537,0.0638432204723358,0.0616769418120384,0.0602298863232136,0.0603742189705372,0.061683401465416,0.0634637847542763,0.0653734505176544,0.0672827512025833,0.0691519677639008,0.0709843784570694,0.0722372308373451,0.0719539448618889,0.0704033896327019,0.0683076456189156,0.066062331199646,0.0638120621442795,0.0615865550935268,0.0594048388302326,0.0577813275158405,0.0577044300734997,0.0588889457285404,0.0606423243880272,0.0625562369823456,0.0644796937704086,0.0663663893938065,0.0682193338871002,0.0700489729642868,0.0718669816851616,0.0736787244677544,0.0754798352718353,0.0768603980541229,0.0768413692712784,0.0754316449165344,0.0733649432659149,0.0711038932204247,0.0688352808356285,0.0665954798460007,0.0643816590309143,0.0621875748038292,0.0600162968039513,0.058327816426754,0.0581162981688976,0.0592521913349628,0.0609908849000931,0.0629023313522339,0.0648228675127029,0.0667130723595619,0.0685615688562393,0.0703991949558258,0.0722210109233856,0.0737674906849861,0.0739975646138191,0.072751872241497,0.0707527548074722,0.0687860399484634,0.0680684372782707,0.0688492804765701,0.0704240649938583,0.072273463010788,0.0741550251841545,0.0760049000382423,0.0778220891952515,0.07961505651474,0.0813959166407585,0.0831776484847069,0.0849342942237854,0.086699366569519,0.0884535387158394,0.0901992917060852,0.0919394344091415,0.0934923589229584,0.0938959121704102,0.092754453420639,0.0907516628503799,0.088454470038414,0.0861101746559143,0.08379727602005,0.0815204530954361,0.0792655348777771,0.0770174190402031,0.0747779160737991,0.0725472941994667,0.0703322887420654,0.0681194812059402,0.0661457180976868,0.065396711230278,0.0661626160144806,0.0677476227283478,0.0695913657546043,0.071483388543129,0.0732520595192909,0.0739972814917564,0.0731404647231102,0.0713034942746162,0.0691134035587311,0.0668510645627975,0.0646042600274086,0.0623997934162617,0.060218270868063,0.0580552741885185,0.0559012964367867,0.0537536852061749,0.0516138449311256,0.0494831278920174,0.0473575703799725,0.0452531538903713,0.0432455688714981,0.0422173999249935,0.0427823401987553,0.044321596622467,0.0461782701313496,0.0473135747015476,0.0468403771519661,0.0452372543513775,0.0432258062064648,0.0419131368398666,0.0421842709183693,0.0435963161289692,0.0454722940921783,0.0474595800042152,0.0494409799575806,0.051380068063736,0.053288396447897,0.0551828965544701,0.0570661872625351,0.0589477345347404,0.0608187466859818,0.0626896619796753,0.0645441114902496,0.0663897022604942,0.0682041123509407,0.069373607635498,0.0689927861094475,0.0673943907022476,0.0652827620506287,0.0630348846316338,0.0607931464910507,0.0585892014205456,0.0564307682216167,0.0549252070486546,0.0549659430980682,0.0562271922826767,0.0580096431076527,0.0599402040243149,0.0618684776127338,0.0637505948543549,0.065610833466053,0.0674515292048454,0.0692815110087395,0.0710968226194382,0.0729125514626503,0.0747221484780312,0.0765228942036629,0.0783159285783768,0.0800933912396431,0.0818738490343094,0.083640918135643,0.0853952020406723,0.0871400088071823,0.0888751596212387,0.0906013399362564,0.0917624831199646,0.0913936495780945,0.0897571817040443,0.0875720903277397,0.0852383077144623,0.0829070135951042,0.0806134790182114,0.0783565118908882,0.0761083886027336,0.0738662928342819,0.0719660073518753,0.0714419409632683,0.0723516047000885,0.0739618241786957,0.0758006721735001,0.0776661038398743,0.07907834649086,0.0790312588214874,0.0776010379195213,0.0755240172147751,0.0732571184635162,0.0709765926003456,0.0687277540564537,0.0665109530091286,0.0643179193139076,0.0621360167860985,0.059958890080452,0.0577852725982666,0.0556330755352974,0.0534901320934296,0.0515517890453339,0.0508432500064373,0.0516761653125286,0.0533173084259033,0.0552215799689293,0.0571807473897934,0.0591104999184608,0.0609991364181042,0.0628755614161491,0.0647274404764175,0.0665722489356995,0.0684128478169441,0.0702536553144455,0.0720833837985992,0.0736157968640327,0.0738455057144165,0.0726081654429436,0.0706159397959709,0.0683802217245102,0.0661260187625885,0.0640191286802292,0.0630023330450058,0.0635708495974541,0.065078467130661,0.0669183880090714,0.0688227340579033,0.0707079619169235,0.0725612044334412,0.0743776261806488,0.0761824250221252,0.0779847651720047,0.0797844976186752,0.0814473032951355,0.0820310935378075,0.081032395362854,0.0791162773966789,0.076880618929863,0.0745855644345284,0.0723154097795486,0.0700687542557716,0.0679193288087845,0.0666679665446281,0.0670241862535477,0.0684213489294052,0.0702215284109116,0.0721130520105362,0.0739859566092491,0.0758267417550087,0.0775676891207695,0.0783781036734581,0.0775890946388245,0.0757613405585289,0.0735683888196945,0.0712951347231865,0.0690349489450455,0.0667999088764191,0.0646042078733444,0.0624207705259323,0.0602407082915306,0.0580662898719311,0.0559243783354759,0.0545148700475693,0.0546757690608501,0.0560016892850399,0.0578118301928043,0.0597555302083492,0.061686672270298,0.0635757148265839,0.0654322430491447,0.0672756731510162,0.0691103562712669,0.0709374248981476,0.0727249085903168,0.0737891793251038,0.0732613056898117,0.0715808719396591,0.0694332644343376,0.0671742558479309,0.0649171024560928,0.0626942738890648,0.0605070777237415,0.0588879808783531,0.0587923303246498,0.0599867254495621,0.0617193579673767,0.0630557537078857,0.0628855302929878,0.0614102073013783,0.0593560561537743,0.0571442805230618,0.0549237951636314,0.0527427941560745,0.0505858734250069,0.0484554320573807,0.046329490840435,0.0442184135317802,0.0421146154403687,0.0400150902569294,0.0379349626600742,0.035848006606102,0.0337759852409363,0.0321176126599312,0.031881682574749,0.0330277681350708,0.0348275490105152,0.0368380360305309,0.0388785339891911,0.0408730991184711,0.0428314469754696,0.0447727963328362,0.0467009171843529,0.0486125946044922,0.050512570887804,0.0520104542374611,0.0520640127360821,0.0507408678531647,0.0487702116370201,0.046592690050602,0.0444076806306839,0.0422538295388222,0.0401369333267212,0.0383021906018257,0.0377804860472679,0.0387425534427166,0.0404543727636337,0.0421335250139236,0.0425601527094841,0.0414795018732548,0.0396114960312843,0.0374880470335484,0.03532450273633,0.0331948176026344,0.0310922525823116,0.029021080583334,0.0269689466804266,0.0249286275357008,0.0228909347206354,0.020857959985733,0.0188318639993668,0.0168232209980488,0.0148174883797765,0.0129909571260214,0.0122948754578829,0.0131644504144788,0.0148978661745787,0.0169337578117847,0.0190222188830376,0.0210908371955156,0.0231232438236475,0.0251311473548412,0.0271262712776661,0.0291120763868093,0.0310789067298174,0.0330486372113228,0.0349987484514713,0.0369362719357014,0.0388730876147747,0.0406165719032288,0.0412113144993782,0.0402653142809868,0.0384444333612919,0.0364230424165726,0.03532450273633,0.0358334444463253,0.0373479202389717,0.0392413623631001,0.041217353194952,0.043182510882616,0.045106939971447,0.0470078587532043,0.0488867163658142,0.0506256967782974,0.0512820407748222,0.050384383648634,0.0485628508031368,0.04640968516469,0.0441849119961262,0.0419878326356411,0.0398384667932987,0.0377182736992836,0.0356096550822258,0.0335630178451538,0.0323172733187675,0.0326573736965656,0.0341170653700829,0.0360113121569157,0.0380187556147575,0.0400035567581654,0.0419490598142147,0.0438671372830868,0.0457671955227852,0.0476657003164291,0.0495560504496098,0.0513911545276642,0.0523959621787071,0.0518204718828201,0.050145760178566,0.0480445250868797,0.0458288937807083,0.0436305813491344,0.0414662584662437,0.0393475964665413,0.0378838330507278,0.0379770547151566,0.0392916761338711,0.0411208942532539,0.0430936142802238,0.0450374744832516,0.0462059006094933,0.0457644015550613,0.0441614761948586,0.0420946106314659,0.0399080216884613,0.0377321764826775,0.035596676170826,0.0334844216704369,0.0313830822706223,0.0293026901781559,0.027226597070694,0.0251611024141312,0.0231106318533421,0.0210661347955465,0.0195026788860559,0.0194213725626469,0.0206871386617422,0.022542841732502,0.0240911692380905,0.0241737253963947,0.0229062139987946,0.0210203099995852,0.0189331881701946,0.0168320424854755,0.01478186622262,0.0127675645053387,0.0107652060687542,0.0087666548788547,0.0067819869145751,0.0048048854805529,0.0028306173626333,0.000865947571583,-0.0010942730586975,-0.0030487948097288,-0.0046520000323653,-0.004905023612082,-0.0037168150302022,-0.0018211868591606,0.0002940630365628,0.0024373079650104,0.0045408867299556,0.0066090482287108,0.0086586903780698,0.0106947114691138,0.0127252396196127,0.0147388083860278,0.0167513005435467,0.018759286031127,0.0207558702677488,0.0227473434060812,0.0243692360818386,0.024626299738884,0.0234548896551132,0.0215851534157991,0.0196954850107431,0.018995301797986,0.0198621693998575,0.0215625036507845,0.0235445462167263,0.0255740210413933,0.0275716818869114,0.0295475386083126,0.0314927808940411,0.0334371700882912,0.0353601425886154,0.0372824817895889,0.0391912162303925,0.0410909466445446,0.0426976159214973,0.0429991707205772,0.0418157279491425,0.0398793779313564,0.0377049334347248,0.0355094335973263,0.0334716811776161,0.032522052526474,0.0331547670066357,0.0347324199974537,0.036519642919302,0.0372902192175388,0.0364640839397907,0.0347007401287556,0.0325972586870193,0.0304157435894012,0.0282565057277679,0.0261479131877422,0.0240583419799805,0.021971071138978,0.0199063159525394,0.0178511776030064,0.0158038549125195,0.0137623362243176,0.0117307035252452,0.0097152590751647,0.0077611496672034,0.0067074848338961,0.0072628515772521,0.0088571552187204,0.0108555508777499,0.0129414051771164,0.0150100141763687,0.0170371010899544,0.0190433114767075,0.0210267435759306,0.0230129156261683,0.0249866992235184,0.0268722865730524,0.0278509333729744,0.0272452812641859,0.0256013944745064,0.0235672369599342,0.0214278697967529,0.0193117205053568,0.0172374527901411,0.0152238756418228,0.0139329051598907,0.0142134455963969,0.0156578887254,0.0175929963588715,0.0196465793997049,0.0216311160475016,0.022754430770874,0.0222630873322487,0.0206792857497931,0.0186769552528858,0.0165723245590925,0.0144746545702219,0.0124135110527277,0.0103837940841913,0.0083616720512509,0.0063546374440193,0.0043546678498387,0.0023543660063296,0.000374513445422,-0.0015871981158852,-0.0029934665653854,-0.0028699631802737,-0.0014714393764734,0.0004877002502325,0.0025919391773641,0.0047083152458071,0.0067918058484792,0.0088431211188435,0.0108744567260146,0.012887692078948,0.014899373985827,0.0168992169201374,0.018894586712122,0.0208596102893353,0.0221755187958479,0.0219310633838177,0.0204544309526682,0.018476665019989,0.0163693036884069,0.0142604373395443,0.0126028824597597,0.0123876677826047,0.0135614713653922,0.0153939677402377,0.0174320656806231,0.0194822289049625,0.0214908048510551,0.0234747640788555,0.0254385359585285,0.0273916646838188,0.028845801949501,0.0288109108805656,0.0274346377700567,0.0254725962877274,0.0233386941254139,0.0212020576000214,0.0190914086997509,0.0170188453048468,0.0149697549641132,0.012929611839354,0.0111783742904663,0.0107211731374264,0.011740505695343,0.0135210864245892,0.0155528429895639,0.0176164358854294,0.0193075612187386,0.0195837412029505,0.0184015091508627,0.0165478251874447,0.0144640253856778,0.0123616019263864,0.0102859493345022,0.0082546882331371,0.0062432806007564,0.0042357449419796,0.0022311659995466,0.0002478134701959,-0.0017219972796738,-0.0036982286255806,-0.0054895710200071,-0.00613166205585,-0.0052219941280782,-0.0034379009157419,-0.0013625286519527,0.0007734597893431,0.0028843889012932,0.0049431966617703,0.0069868331775069,0.0090196840465068,0.0110401697456837,0.0130578773096204,0.0150571027770638,0.0170628726482391,0.0190537329763174,0.0210339445620775,0.0228264890611172,0.0234594158828259,0.0225414019078016,0.0207675229758024,0.0187939405441284,0.0177410915493965,0.0182989463210106,0.0198647864162922,0.0218099262565374,0.0238445308059454,0.025852968916297,0.0278271920979023,0.0297691114246845,0.0316982492804527,0.0334800854325294,0.0341730117797852,0.0332997478544712,0.0315192975103855,0.0294157788157463,0.027247603982687,0.0250958725810051,0.0229864045977592,0.0209087431430817,0.0188476089388132,0.0168402697890997,0.0156368725001812,0.0160194020718336,0.0175133030861616,0.019434716552496,0.0214718021452427,0.0234961546957493,0.0254952646791935,0.0274541489779949,0.0293965432792902,0.0313356481492519,0.0332645662128925,0.0351946465671062,0.0371094457805157,0.0390151366591454,0.0409111864864826,0.0427593439817429,0.0437873788177967,0.0432217344641685,0.0415400639176369,0.0394528433680534,0.0379001572728157,0.0379037708044052,0.0391558706760406,0.0409270599484444,0.0422072857618332,0.0419411770999432,0.0404115989804268,0.0383597426116467,0.0361711159348488,0.0339822098612785,0.0318351536989212,0.029724108055234,0.0276177879422903,0.0255264732986689,0.023443877696991,0.0213715992867947,0.0193039588630199,0.0172557048499584,0.0152117684483528,0.0131834475323558,0.0116341356188059,0.0115638868883252,0.0128432139754295,0.0147213637828827,0.016777953132987,0.0188392363488674,0.0208696685731411,0.0228640455752611,0.0248559769243002,0.0268192067742348,0.0281925275921822,0.0280369706451893,0.0266145765781403,0.0246525928378105,0.0225230678915977,0.0203956514596939,0.0183090567588806,0.0162441190332174,0.0142048047855496,0.0121776163578033,0.0105023561045527,0.0101860146969557,0.0113038206472993,0.013126271776855,0.0148394759744406,0.0151935452595353,0.0140897734090686,0.0122747346758842,0.0102203879505396,0.0081362556666135,0.0060837594792246,0.0040716165676713,0.0020721689797937,9.22608014661819e-05,-0.0018745098495855,-0.0038288659416139,-0.0057837800122797,-0.0077373879030346,-0.0096849128603935,-0.0116200661286712,-0.013338515534997,-0.0138183580711484,-0.0127702541649342,-0.010914159938693,-0.0090271830558776,-0.0083208680152893,-0.0091504473239183,-0.0108109284192324,-0.0127530107274652,-0.0147460354492068,-0.0167065728455782,-0.0186374001204967,-0.0205410867929459,-0.0224433168768883,-0.024349071085453,-0.0262414645403624,-0.0281253065913916,-0.0299846194684505,-0.0318431854248047,-0.0337033197283745,-0.0354090258479118,-0.0360535085201263,-0.0351404175162315,-0.0333011336624622,-0.0311385560780764,-0.0289169251918793,-0.0267246309667826,-0.0245670396834612,-0.0224242340773344,-0.020302165299654,-0.0181884244084358,-0.0160756967961788,-0.0139710977673531,-0.0118776606395841,-0.0099770799279213,-0.0092459609732031,-0.0100532174110413,-0.0117198321968317,-0.0136818885803223,-0.0156942754983902,-0.0176196973770857,-0.0186172816902399,-0.0180042646825314,-0.0163439959287643,-0.014288617298007,-0.0121382474899292,-0.0100082140415907,-0.0079130958765745,-0.0059217782691121,-0.0048600151203572,-0.0053954338654875,-0.0069638560526073,-0.0089203957468271,-0.0109651740640402,-0.0129949590191245,-0.0149781592190266,-0.0169420316815376,-0.0188840050250292,-0.0208192076534033,-0.0227539408951998,-0.0246448777616024,-0.0258133467286825,-0.0253939460963011,-0.0238164737820625,-0.0217683333903551,-0.0196072105318308,-0.0175050888210535,-0.0162548869848251,-0.0166132673621178,-0.018066480755806,-0.01995431445539,-0.0219540223479271,-0.0239315032958984,-0.0258749723434448,-0.0277870651334524,-0.0296893771737814,-0.0315822586417198,-0.0334709286689758,-0.0353509560227394,-0.03721634298563,-0.039054349064827,-0.0403414815664291,-0.0401163101196289,-0.038610652089119,-0.0365440584719181,-0.0343257263302803,-0.0321374833583832,-0.0306167714297771,-0.030686691403389,-0.0319782607257366,-0.0337732769548893,-0.0357096754014492,-0.0376444049179554,-0.0395368859171867,-0.0414021946489811,-0.0432562977075577,-0.0450968779623508,-0.0469277948141098,-0.0487542003393173,-0.0505724847316742,-0.052378736436367,-0.0537778809666634,-0.0537612289190292,-0.0523444004356861,-0.0502945631742477,-0.0484487786889076,-0.0480254963040352,-0.0489970184862614,-0.0506400838494301,-0.0525071024894714,-0.0543884076178074,-0.0562293082475662,-0.0580442883074284,-0.0598420985043049,-0.0616251528263092,-0.0634024366736412,-0.065178282558918,-0.0669482350349426,-0.0687132552266121,-0.0704755783081055,-0.0722187161445618,-0.073690339922905,-0.073855459690094,-0.072552464902401,-0.0705009698867798,-0.0682167187333107,-0.0658959373831749,-0.0636110603809357,-0.0613670535385609,-0.059406079351902,-0.0587764382362366,-0.0596219599246979,-0.0612051486968994,-0.0630318224430084,-0.0649032220244408,-0.0667353272438049,-0.0685355141758919,-0.0703178495168686,-0.0720860362052917,-0.0738455280661583,-0.0755928084254265,-0.0771646201610565,-0.0776001214981079,-0.076482929289341,-0.0744975879788399,-0.0722303837537766,-0.0699168518185616,-0.0678601115942001,-0.0670652240514755,-0.067798376083374,-0.0693353861570358,-0.0711398795247078,-0.072986476123333,-0.0747993141412735,-0.0765818431973457,-0.0783504396677017,-0.0800986513495445,-0.0818357765674591,-0.0835711434483528,-0.0853028818964958,-0.087037168443203,-0.0886593759059906,-0.0892830193042755,-0.0883375182747841,-0.0864186733961105,-0.0842449516057968,-0.0829788222908974,-0.0833027139306068,-0.0846380367875099,-0.0863554701209068,-0.0881535112857819,-0.0899283587932587,-0.0916600972414017,-0.093366414308548,-0.0950604006648064,-0.0967514216899872,-0.0984402745962143,-0.100127808749676,-0.101804979145527,-0.103472173213959,-0.105134800076485,-0.10674099624157,-0.107534863054752,-0.106748908758163,-0.10486476123333,-0.102559365332127,-0.100161671638489,-0.0977786332368851,-0.0954331606626511,-0.0931192189455032,-0.0908260568976402,-0.0885433331131935,-0.0862680673599243,-0.0840097293257713,-0.0817553251981735,-0.0795090943574905,-0.0772823095321655,-0.0751149207353592,-0.0737537369132042,-0.0739947482943535,-0.0753248631954193,-0.0770579054951668,-0.0782570838928223,-0.077904611825943,-0.0763051360845566,-0.0741795971989632,-0.0719203278422356,-0.0696671679615974,-0.0674383789300919,-0.065246157348156,-0.0630781054496765,-0.0609221085906029,-0.0587659776210785,-0.0566355064511299,-0.0551493056118488,-0.0552177056670189,-0.056507233530283,-0.0583043731749058,-0.0602391138672829,-0.0621840246021748,-0.0640839412808418,-0.0659516155719757,-0.067324161529541,-0.0672039613127708,-0.0657456666231155,-0.0637027695775032,-0.0614992752671242,-0.059272825717926,-0.0570868477225304,-0.0549300834536552,-0.0527876242995262,-0.0506574660539627,-0.0485380589962006,-0.0464237555861473,-0.0448072478175163,-0.0446697100996971,-0.04586136713624,-0.0476551353931427,-0.0496199913322926,-0.0515970811247826,-0.0535336025059223,-0.0554381087422371,-0.0569829940795898,-0.0571602396667004,-0.0559101179242134,-0.0539414435625076,-0.0517710894346237,-0.0495861507952213,-0.0478394515812397,-0.0475646555423737,-0.0486704781651497,-0.0504146665334702,-0.0523637607693672,-0.0543201118707657,-0.0562354288995266,-0.0581196025013924,-0.0599955804646015,-0.0618544034659863,-0.0636966601014137,-0.0655408129096031,-0.0673740655183792,-0.0692083761096001,-0.0708152651786804,-0.0711797326803207,-0.0700210705399513,-0.0680627375841141,-0.06584532558918,-0.0635911673307419,-0.061639629304409,-0.0610260814428329,-0.0619072504341602,-0.0635301545262337,-0.0654017180204391,-0.0673028901219368,-0.0691645890474319,-0.0709890425205231,-0.0727903097867966,-0.0745890364050865,-0.0763782262802124,-0.0781496167182922,-0.0799214467406273,-0.0816887766122818,-0.0833126381039619,-0.0838721841573715,-0.0828719809651375,-0.080940954387188,-0.0786939188838005,-0.0763823017477989,-0.0741022825241089,-0.0718615278601646,-0.069646880030632,-0.0674445927143097,-0.0652495250105858,-0.0630666315555573,-0.0610143542289734,-0.0600560829043388,-0.0606720000505447,-0.0621801689267159,-0.0640292018651962,-0.0659388527274132,-0.0678241401910782,-0.0696692913770676,-0.0714287161827087,-0.072271429002285,-0.0715144649147987,-0.0697280913591385,-0.0675548911094666,-0.0653030574321747,-0.0630687922239304,-0.0608641728758812,-0.0587559677660465,-0.0575770363211632,-0.0579902343451977,-0.0594290122389793,-0.0612626187503338,-0.0631780177354813,-0.0650840252637863,-0.066947340965271,-0.0687830597162247,-0.0706058293581009,-0.07242152094841,-0.0742282271385193,-0.0759889483451843,-0.077029675245285,-0.0764998868107796,-0.0748114660382271,-0.0726542100310326,-0.0703734159469604,-0.0681127682328224,-0.065889835357666,-0.0636962652206421,-0.0615200325846672,-0.0593978278338909,-0.0580912120640278,-0.0583924874663353,-0.0597780011594296,-0.061599962413311,-0.0635126903653145,-0.0654098689556122,-0.0672709867358208,-0.0690968930721283,-0.0709144175052643,-0.0727145299315453,-0.0739461332559586,-0.0736643671989441,-0.0721118226647377,-0.0700227841734886,-0.0683415085077286,-0.0681767612695694,-0.069296158850193,-0.0709864422678947,-0.072848454117775,-0.0747171267867088,-0.0765471756458282,-0.0783394873142242,-0.0801150649785995,-0.0818875357508659,-0.0836444273591042,-0.0854000151157379,-0.0871550142765045,-0.0888953432440758,-0.0906227082014084,-0.0923469588160515,-0.0936546176671982,-0.093544639647007,-0.0920463874936104,-0.0899081006646156,-0.0875741839408875,-0.0852365717291832,-0.0829325169324875,-0.0806618183851242,-0.0784120336174965,-0.076176330447197,-0.0739597901701927,-0.0717453733086586,-0.0695370510220528,-0.067352831363678,-0.0656468868255615,-0.0654219388961792,-0.0665106177330017,-0.0682114586234093,-0.0700960457324982,-0.071977324783802,-0.0735520794987679,-0.0737926885485649,-0.0725477486848831,-0.0705597996711731,-0.0683324784040451,-0.0660711526870728,-0.0638521015644073,-0.0616642013192177,-0.0594970360398293,-0.0573451519012451,-0.0551968663930893,-0.0530486479401588,-0.0509084649384022,-0.0487769916653633,-0.0466607138514519,-0.0445491299033165,-0.0427295938134193,-0.0422243699431419,-0.043200671672821,-0.0449196994304657,-0.0466975197196007,-0.0473683923482895,-0.0464735962450504,-0.044671431183815,-0.042742345482111,-0.0419126525521278,-0.0426554419100285,-0.0442776419222355,-0.0462159961462021,-0.0482057146728039,-0.0501678660511971,-0.0520877875387669,-0.0539855249226093,-0.0558685064315796,-0.057743564248085,-0.0596155598759651,-0.0614733323454857,-0.0633250400424004,-0.0651675537228584,-0.0670013725757599,-0.0687214210629463,-0.0694555044174194,-0.0686089247465134,-0.0667877197265625,-0.0646140724420547,-0.062364500015974,-0.0601331517100334,-0.057935506105423,-0.0558715872466564,-0.0548156201839447,-0.0553480610251427,-0.0568372011184692,-0.0586874596774578,-0.0606220848858356,-0.0625311583280563,-0.0643977150321007,-0.0662439614534378,-0.0680694580078125,-0.0698894858360291,-0.0717029199004173,-0.0735160633921623,-0.0753137767314911,-0.0771031379699707,-0.0788778439164162,-0.0806456208229065,-0.0824127197265625,-0.0841639786958694,-0.0859069302678108,-0.0876421928405762,-0.0893858969211578,-0.0910485982894897,-0.0917942598462105,-0.0909506678581238,-0.0890644937753677,-0.0868120044469833,-0.0844724401831627,-0.0821494534611702,-0.079862542450428,-0.0776046141982079,-0.075368657708168,-0.0731653124094009,-0.0716102570295334,-0.0716120898723602,-0.0728119090199471,-0.0745301991701126,-0.0763884857296944,-0.0782171040773392,-0.0792702883481979,-0.0787201300263405,-0.0770104080438614,-0.0748409777879715,-0.0725595951080322,-0.0702938288450241,-0.0680611506104469,-0.0658633038401604,-0.0636735558509827,-0.0614949464797974,-0.0593233406543732,-0.0571673586964607,-0.0550150536000729,-0.0528707019984722,-0.0512080304324627,-0.051059253513813,-0.0522387884557247,-0.0539964474737644,-0.055929996073246,-0.0578749105334282,-0.0597786083817482,-0.0616637021303177,-0.0635158121585846,-0.0653536841273308,-0.0671962797641754,-0.0690322890877724,-0.0708553567528725,-0.0726689323782921,-0.0739079788327217,-0.0736257806420326,-0.072066143155098,-0.0699615329504013,-0.0677147433161736,-0.0654680207371712,-0.0635965764522552,-0.0631389170885086,-0.0641029924154282,-0.0657558143138885,-0.0676278471946716,-0.0695199593901634,-0.0713873505592346,-0.0732129588723183,-0.0750217437744141,-0.0768177881836891,-0.078605905175209,-0.0803833678364754,-0.0818287283182144,-0.0818904936313629,-0.0805080384016037,-0.0784435868263245,-0.0761698186397552,-0.0738831087946892,-0.071628175675869,-0.0694083645939827,-0.0674111694097519,-0.0666764676570892,-0.0674561038613319,-0.0690301656723022,-0.0708710998296738,-0.0727425068616867,-0.074588805437088,-0.0763948336243629,-0.0779759287834167,-0.078304149210453,-0.0771123692393303,-0.0751200467348099,-0.072879247367382,-0.0705989077687263,-0.0683546364307404,-0.0661545097827911,-0.0639699473977089,-0.0617907643318176,-0.0596164017915726,-0.0574543438851833,-0.055440679192543,-0.0545042678713799,-0.0551366396248341,-0.0566796958446503,-0.0585550852119923,-0.0604880601167679,-0.0624033473432064,-0.0642726793885231,-0.0661114752292633,-0.0679560229182243,-0.0697909519076347,-0.0716093927621841,-0.0732965618371964,-0.0738913714885712,-0.0729188174009323,-0.071028470993042,-0.0688280612230301,-0.0665710866451263,-0.0643334686756134,-0.0621379129588604,-0.0600297152996063,-0.0588445067405701,-0.0592572242021561,-0.0606988593935966,-0.0624529831111431,-0.0634051859378815,-0.0627541616559029,-0.0610248818993568,-0.0588945411145687,-0.0566763952374458,-0.0544659867882729,-0.0522920601069927,-0.0501458682119846,-0.0480080507695675,-0.0458895266056061,-0.0437707751989365,-0.0416621975600719,-0.0395602285861969,-0.0374663583934307,-0.0353892482817173,-0.0333533138036728,-0.0320532731711864,-0.032324243336916,-0.0337508618831635,-0.0356435328722,-0.0376662015914917,-0.0396762304008007,-0.041649978607893,-0.0435867384076118,-0.045500323176384,-0.0474092960357666,-0.049315519630909,-0.0511918179690838,-0.0523207038640976,-0.0518700554966927,-0.0502617135643959,-0.0481977984309196,-0.0460207685828209,-0.0438516736030579,-0.0417126081883907,-0.0396133922040462,-0.0381067246198654,-0.0381237380206585,-0.0394099466502666,-0.0412226393818855,-0.0426315478980541,-0.0425307601690292,-0.0411296151578426,-0.0391380600631237,-0.0369890108704567,-0.0348298698663712,-0.0327095836400986,-0.0306241326034069,-0.0285559296607971,-0.0264982786029577,-0.0244473069906235,-0.022394310683012,-0.020353876054287,-0.0183282066136599,-0.0163082107901573,-0.0142982490360737,-0.0127063216641545,-0.0125535912811756,-0.0137738389894366,-0.0156531371176243,-0.0177181158214808,-0.0197991020977497,-0.0218435749411583,-0.0238570980727673,-0.0258500054478645,-0.0278313811868429,-0.0298020839691162,-0.0317696742713451,-0.0337425842881203,-0.0356931835412979,-0.0376316383481026,-0.0395575016736984,-0.0410678870975971,-0.0411366261541843,-0.0398319736123085,-0.0378728732466698,-0.0360190384089947,-0.0354526937007904,-0.0363751761615276,-0.0380608402192593,-0.0400075912475586,-0.041997954249382,-0.0439528003334999,-0.0458659864962101,-0.0477529503405094,-0.0496211424469948,-0.0511432811617851,-0.0513008795678616,-0.0500327162444592,-0.0480619259178638,-0.0458840094506741
0.0549242682754993,0.0569575577974319,0.0591627284884453,0.0613710060715675,0.0635392665863037,0.0656691417098045,0.0677837878465652,0.0698888748884201,0.071978859603405,0.0740738287568092,0.076166495680809,0.0782424658536911,0.079919695854187,0.0800607651472092,0.0785772353410721,0.0763178169727325,0.0738117396831512,0.0712778568267822,0.0692214891314507,0.0687995404005051,0.0699613988399506,0.0718710124492645,0.0740019083023071,0.0761533081531525,0.0782704651355743,0.0803596526384354,0.0824174657464027,0.0844532996416092,0.0864891037344933,0.0885070711374283,0.0905279964208603,0.0925445631146431,0.0943026542663574,0.0946599468588829,0.0933069810271263,0.0910588055849075,0.0885157138109207,0.08592489361763,0.083355039358139,0.0808431878685951,0.0783547833561897,0.075885571539402,0.0734224244952202,0.0709687024354935,0.0687721893191338,0.0679387226700783,0.0688256695866585,0.0706306323409081,0.0727499946951866,0.0749042853713036,0.0770346447825432,0.0791253820061684,0.0810377597808838,0.0817334353923798,0.0806574448943138,0.0785533934831619,0.0760931670665741,0.0735521093010902,0.071044534444809,0.0685789659619331,0.0662978813052177,0.0651961490511894,0.0658719167113304,0.0675995722413063,0.0697016268968582,0.0718802139163017,0.0740296915173531,0.0761424452066422,0.0782271027565002,0.0802887603640556,0.082344114780426,0.0843947753310204,0.086359053850174,0.0873015746474266,0.0864371061325073,0.0844138711690903,0.0819539204239845,0.0793997645378113,0.0768604427576065,0.0743721276521683,0.0719083175063133,0.0694613680243492,0.0671327114105225,0.0659058317542076,0.0664704889059067,0.0681502297520638,0.0702300518751144,0.0723946839570999,0.0745416432619095,0.0766463056206703,0.0787251740694046,0.0807909741997719,0.0828078240156174,0.0840075016021729,0.0834338963031769,0.0815464481711388,0.07917869836092,0.0774515271186829,0.0775118842720985,0.0789144784212112,0.0808775797486305,0.0829910188913345,0.0851027071475983,0.0871828868985176,0.0892140716314316,0.0912313908338547,0.0932472348213196,0.0952551364898682,0.0972464680671692,0.0992443114519119,0.101217672228813,0.103184849023819,0.10513586550951,0.106455445289612,0.106053449213505,0.104207128286362,0.101753130555153,0.0991184338927269,0.0964898616075516,0.0938999280333519,0.0913534015417099,0.088822677731514,0.0863068103790283,0.0838048160076141,0.0813169032335281,0.0788393020629883,0.0763843059539795,0.0746271833777428,0.0746625661849976,0.0760704576969147,0.0780510455369949,0.0801841393113136,0.0823207497596741,0.0839517116546631,0.0839405506849289,0.0823608636856079,0.0800562500953674,0.0775369107723236,0.0749886631965637,0.0724929794669151,0.0700388252735138,0.0676101818680763,0.0651941746473312,0.0627999231219292,0.0604089759290218,0.0580232292413712,0.0556472614407539,0.05328169465065,0.0509314239025116,0.0490155555307865,0.0487068518996239,0.0499767437577248,0.051982868462801,0.0538862273097038,0.0543508231639862,0.0531193576753139,0.0510131269693375,0.0489239655435085,0.0482381209731102,0.0492652431130409,0.0511866435408592,0.0533844642341137,0.0556203275918961,0.0578180402517319,0.0599815398454666,0.0621315948665142,0.0642635896801949,0.0663824155926704,0.068497896194458,0.0706089809536934,0.0727138966321945,0.0748026221990585,0.0768842250108719,0.078763410449028,0.0793387070298195,0.078166201710701,0.0760203078389168,0.0735489130020142,0.0710210874676704,0.0685236752033234,0.066067561507225,0.0638112127780914,0.062842458486557,0.0636532008647919,0.0654388070106506,0.0675482600927353,0.0697167366743088,0.071862056851387,0.0739783197641373,0.076069638133049,0.0781395137310028,0.080193817615509,0.0822474583983421,0.0842931270599365,0.0863332152366638,0.0883600860834122,0.0903837308287621,0.0923977270722389,0.0944091305136681,0.0964067950844765,0.0983885452151299,0.100370705127716,0.102341637015343,0.104145929217339,0.104743123054504,0.10356231033802,0.101354174315929,0.0987782031297684,0.096147820353508,0.0935416519641876,0.0909757241606712,0.0884407013654709,0.0859174728393555,0.0834646001458168,0.0818986967206001,0.0821527689695358,0.0836522653698921,0.0856386199593544,0.0877443179488182,0.0897486507892609,0.0906921178102493,0.0898157805204391,0.0877730697393417,0.0852927789092064,0.082727812230587,0.0801848173141479,0.0776921361684799,0.0752260014414787,0.0727661550045013,0.0703205540776253,0.0678920224308968,0.0654713958501816,0.0630673989653587,0.0606895759701729,0.0590203776955605,0.0591014958918095,0.0605569072067738,0.0626022666692734,0.0647907704114914,0.0669791623950005,0.069135919213295,0.0712662190198898,0.073369175195694,0.0754630416631699,0.0775514841079712,0.0796299949288368,0.0816931053996086,0.0837238878011703,0.0849044248461723,0.084316298365593,0.0824231952428818,0.0800268203020096,0.0774819403886795,0.0749544128775597,0.0729736909270287,0.0727013722062111,0.0739461630582809,0.0758838430047035,0.0780111029744148,0.0801418572664261,0.0822353363037109,0.0842984765768051,0.0863447263836861,0.0883785411715508,0.0904112607240677,0.0924355238676071,0.0939023196697235,0.0936960428953171,0.0919839963316917,0.0895999893546104,0.0870206952095032,0.0844392627477646,0.0819037556648254,0.0794068723917007,0.077304020524025,0.0767374336719513,0.0777959078550339,0.0796407759189606,0.0817418172955513,0.0838737115263939,0.0859721153974533,0.0880264714360237,0.0896751061081886,0.0897762849926949,0.0882612317800522,0.0859620124101639,0.0834279954433441,0.0808651521801949,0.0783418118953705,0.0758554562926292,0.0733962804079056,0.0709523186087608,0.0685120671987534,0.066086120903492,0.0638982057571411,0.063101127743721,0.0640196353197098,0.0658527240157127,0.0679945349693298,0.0701763331890106,0.0723282396793365,0.0744334980845451,0.0765229985117912,0.0785987973213196,0.0806698575615883,0.0827382877469063,0.0845384374260902,0.0849571526050568,0.0836604237556458,0.0814585611224174,0.0789626613259315,0.0764131173491478,0.0739058926701546,0.0714411437511444,0.0691414028406143,0.0680344849824905,0.068709135055542,0.0704270973801613,0.0723752453923225,0.0731789544224739,0.0721921473741531,0.070146344602108,0.067722350358963,0.0652246922254562,0.0627627447247505,0.0603397935628891,0.0579474717378616,0.0555685684084892,0.0532014109194279,0.0508439913392067,0.0484995543956757,0.0461586080491543,0.0438246354460716,0.0415067635476589,0.0392679795622826,0.0380298607051373,0.0385998785495758,0.0403421558439732,0.0425143912434578,0.044786162674427,0.0470435097813606,0.0492459982633591,0.0514246858656406,0.0535947494208813,0.0557547733187675,0.0579123087227345,0.0599760040640831,0.0610263906419277,0.0602758452296257,0.0583527870476246,0.0559924766421318,0.0535413362085819,0.0511095300316811,0.0487126559019089,0.0463870167732239,0.0448704175651073,0.0451209582388401,0.0467000938951969,0.0487740375101566,0.0501582100987434,0.0497640520334244,0.0480369552969933,0.0457660108804703,0.0433539412915707,0.0409495867788792,0.0385851860046387,0.0362575426697731,0.0339514762163162,0.0316606126725674,0.0293638221919537,0.0270874071866274,0.0248142927885056,0.0225468762218952,0.0202822331339121,0.0180430114269257,0.0164327025413513,0.0165163278579712,0.0180470943450928,0.0202050488442183,0.0225304812192917,0.0248636323958635,0.0271549373865128,0.0294087808579206,0.0316355526447296,0.0338554754853249,0.0360667183995247,0.038269005715847,0.0404630228877068,0.0426471717655659,0.0448271185159683,0.0469884797930717,0.048511803150177,0.0483147278428078,0.0466807447373867,0.0444287620484829,0.0424380749464035,0.0420348457992077,0.0432540066540241,0.0452378243207932,0.0474423356354237,0.0496676191687584,0.0518571771681309,0.0540072694420815,0.0561365187168121,0.0582545474171638,0.0598276816308498,0.059709757566452,0.0580968484282494,0.0558186322450638,0.0533630773425102,0.050896093249321,0.0484682582318783,0.0460693500936031,0.0437011867761612,0.0413348451256752,0.0392792075872421,0.0386882722377777,0.0397674106061459,0.0417047813534737,0.0439039394259453,0.0461381077766418,0.0483445785939693,0.0505065061151981,0.0526539124548435,0.0547927767038345,0.05691859126091,0.0590379126369953,0.0608413815498352,0.061172466725111,0.0598254464566708,0.0576325915753841,0.0551814958453178,0.0526970401406288,0.0502544641494751,0.0478499382734299,0.0456537455320358,0.0447475351393223,0.0456118993461132,0.0474523156881332,0.0496095567941666,0.0518253520131111,0.0537646450102329,0.054289810359478,0.0530708841979504,0.0509530790150166,0.0485462136566639,0.046091228723526,0.0436762496829033,0.0413010120391846,0.038958840072155,0.0366193428635597,0.0342864170670509,0.0319709032773972,0.0296567268669605,0.0273645576089621,0.0251779854297638,0.0240957178175449,0.0248021483421326,0.0266152005642653,0.0287242792546749,0.0298272594809532,0.0291013345122337,0.0272500813007355,0.0249806642532349,0.0226309467107058,0.0203030183911324,0.0180114917457104,0.01574164070189,0.0134907718747854,0.0112437680363655,0.0090003898367285,0.006766521371901,0.0045332862064242,0.0023084173444658,9.63989368756302e-05,-0.0020569169428199,-0.0033006931189447,-0.0027264470700174,-0.0009143026545643,0.0013649540487676,0.0037629406433552,0.006133715622127,0.0084658497944474,0.0107635287567973,0.0130398822948337,0.0153032476082444,0.0175671093165874,0.0198184624314308,0.0220626704394817,0.0243098065257072,0.0265334881842136,0.0286934673786163,0.0299540814012289,0.0293862279504538,0.027593869715929,0.0253544636070728,0.0237067192792892,0.0238018855452538,0.0253170691430569,0.0274276528507471,0.0296997167170048,0.0319622084498405,0.0341791696846485,0.0363695211708546,0.0385380610823631,0.0406979322433472,0.0428484156727791,0.045000147074461,0.0471488460898399,0.0492526665329933,0.0505175665020943,0.0500087738037109,0.0481916144490242,0.0458607524633408,0.0434013530611992,0.0409480705857277,0.0390469990670681,0.0388698987662792,0.040192011743784,0.0421913787722588,0.0438440963625908,0.0438560247421265,0.0423354916274548,0.0401164256036282,0.0377002060413361,0.0352682322263718,0.0328861773014069,0.0305374264717102,0.0282065328210592,0.0258960537612438,0.0235968567430973,0.0213077515363693,0.0190192647278309,0.0167482178658247,0.0144754061475396,0.0122187323868275,0.010336697101593,0.0099885612726211,0.0112652378156781,0.0133310537785292,0.0156414080411196,0.0179828107357025,0.0202747546136379,0.0225288812071085,0.02476616948843,0.0269793719053268,0.0291859563440084,0.0313935279846191,0.0332323610782623,0.0335057117044926,0.032160609960556,0.0300223175436258,0.0276624523103237,0.0252765156328678,0.0229346919804811,0.0206250920891762,0.0185700822621584,0.0179072767496109,0.0189667586237192,0.0209255144000053,0.0231744982302189,0.0254736021161079,0.0274392534047365,0.0279062017798424,0.0266596097499132,0.0245869383215904,0.0222479328513145,0.0198879633098841,0.0175532624125481,0.0152593050152063,0.0129880234599113,0.0107340626418591,0.008480885066092,0.0062351296655833,0.0039909100160002,0.0017590491333976,-0.0003155901504214,-0.0011864444240927,-0.0002835314080584,0.0016653512138873,0.0039777439087629,0.0063587194308638,0.0087027354165911,0.011006772518158,0.0132777392864227,0.0155353462323546,0.0177842061966658,0.0200297627598047,0.0222612079232931,0.0244854539632797,0.0265044458210468,0.0272125825285912,0.0261846706271172,0.0241878777742386,0.0218681301921606,0.0194956362247467,0.0172220058739185,0.0159861445426941,0.0165651943534613,0.01832365244627,0.0205230750143528,0.0228225495666265,0.0251019317656755,0.0273298323154449,0.029534911736846,0.0317304059863091,0.0337970294058323,0.0347425825893879,0.0339138470590115,0.0319852009415627,0.0296660810709,0.0272584035992622,0.0248861741274595,0.0225500222295523,0.0202503632754087,0.017959950491786,0.0157100707292557,0.0142592564225197,0.0145863052457571,0.0162424184381962,0.0184136144816875,0.0207046717405319,0.022933529689908,0.0242102351039648,0.0236785113811493,0.0218993946909904,0.0196436401456594,0.0172734577208757,0.0149354496970773,0.0126438215374947,0.0103682465851307,0.0081001184880733,0.0058525637723505,0.0036077559925615,0.0013674412621185,-0.0008671476389281,-0.0030733048915863,-0.0046432809904217,-0.0045034303329885,-0.0029215137474238,-0.0007326498162001,0.0016421334585174,0.0040250835008919,0.0063687493093311,0.0086708217859268,0.0109471455216408,0.013215396553278,0.0154714621603489,0.0177159011363983,0.0199537053704262,0.02218365855515,0.0244038756936789,0.0266080554574728,0.0281792636960745,0.0280292108654976,0.0264478474855423,0.0242423079907894,0.0223112851381302,0.0219719633460045,0.023246007040143,0.0252773202955723,0.0275301747024059,0.0298003330826759,0.0320280976593494,0.034224808216095,0.0364015363156796,0.0385662131011486,0.0401783213019371,0.0400986894965172,0.0385279171168804,0.0362847335636616,0.0338631235063076,0.0314310975372791,0.0290458556264639,0.0267084985971451,0.0243844650685787,0.0220742765814066,0.0200708210468292,0.0195235535502434,0.0206506550312042,0.0226193815469742,0.0248601175844669,0.0271475799381733,0.0293887704610825,0.03159424290061,0.0337802283465862,0.0359600633382797,0.0381337776780128,0.0403008237481117,0.0424528084695339,0.0446026027202606,0.0467509031295776,0.0488925948739052,0.0507003553211689,0.0510171875357628,0.0496853105723858,0.0475184954702854,0.0452665761113167,0.0442397072911263,0.045025497674942,0.0468036234378815,0.0487348511815071,0.0494431369006634,0.0483819954097271,0.0463250242173672,0.0439177267253399,0.0414484590291977,0.0390137918293476,0.0366133525967598,0.0342534258961678,0.031906396150589,0.0295766144990921,0.0272595789283514,0.0249469429254532,0.0226409453898668,0.0203426629304886,0.0180519446730614,0.0158846974372864,0.0148162562400103,0.0155369881540537,0.0173706151545048,0.0196072179824114,0.0219249278306961,0.0242229662835598,0.0264760740101337,0.028693325817585,0.0308909993618727,0.0329260528087616,0.0337595865130424,0.0328193679451942,0.0308437794446945,0.0285087376832962,0.0261151995509863,0.023754820227623,0.0214292630553246,0.0191351473331451,0.01685830950737,0.0146481990814209,0.0133212376385927,0.0138181988149881,0.0155387530103326,0.0176803879439831,0.0190186817198992,0.0185779314488173,0.0168536063283682,0.0146307144314051,0.0123090101405978,0.0099917389452457,0.0077124396339058,0.0054625021293759,0.0032260636799037,0.0010082684457302,-0.0012123665073886,-0.0034286556765437,-0.0056345812045037,-0.0078255059197545,-0.0100179202854633,-0.0121633782982826,-0.0135855004191399,-0.01327084004879,-0.0115758124738932,-0.009331714361906,-0.007650373969227,-0.0077398782595992,-0.0092236930504441,-0.0113020781427622,-0.0135496119037271,-0.0157917961478233,-0.0179862063378096,-0.0201544556766748,-0.022304667159915,-0.0244514476507902,-0.0265900641679764,-0.0287145562469959,-0.0308228433132172,-0.0329300872981548,-0.0350289791822433,-0.0371287688612938,-0.0386872179806232,-0.0385576225817204,-0.0369277335703373,-0.0346358194947243,-0.032147042453289,-0.0296558495610952,-0.0271951612085104,-0.024787824600935,-0.0223979689180851,-0.0200252756476402,-0.0176672749221325,-0.0153154525905848,-0.0129718370735645,-0.0106397131457925,-0.0089473947882652,-0.0089806849136948,-0.0104635739699006,-0.0125576965510845,-0.0148232001811266,-0.0170869901776314,-0.0189406424760818,-0.0192342903465033,-0.0178891010582447,-0.0157533753663301,-0.0133839594200253,-0.0109869241714478,-0.0086253434419632,-0.0063056764192879,-0.0043904390186071,-0.0040198764763772,-0.0052626943215727,-0.0072944383136928,-0.0095676016062498,-0.0118582593277097,-0.0141193578019738,-0.0163440182805061,-0.0185444299131632,-0.0207402389496565,-0.0229241047054529,-0.0251017827540636,-0.027020875364542,-0.0275415908545256,-0.026358712464571,-0.0242648422718048,-0.0218804329633713,-0.0194508619606495,-0.0173595771193504,-0.0167784485965967,-0.0178979318588972,-0.0198455154895782,-0.0220662914216518,-0.0243196114897728,-0.0265357010066509,-0.0287188999354839,-0.0308641940355301,-0.033005103468895,-0.0351354107260704,-0.0372682586312294,-0.0393841601908207,-0.0414951592683792,-0.0434448942542076,-0.0441965386271477,-0.0431737899780273,-0.041112907230854,-0.038691233843565,-0.0361963883042336,-0.0339291840791702,-0.0329943336546421,-0.0338260754942894,-0.0356296002864838,-0.0377677083015442,-0.0399646908044815,-0.0421275869011879,-0.0442619174718857,-0.0463597252964973,-0.0484438166022301,-0.0505246222019196,-0.052600022405386,-0.0546722076833248,-0.0567409098148346,-0.0587140470743179,-0.0596615076065063,-0.0588161945343018,-0.056812584400177,-0.0544603876769543,-0.0530136898159981,-0.0533704981207848,-0.0549173802137375,-0.0569422841072083,-0.0590837672352791,-0.0612009093165398,-0.0632710680365562,-0.0653160959482193,-0.0673371702432632,-0.0693549662828445,-0.0713754519820213,-0.0733839422464371,-0.075391098856926,-0.0773915648460388,-0.0793798640370369,-0.0813277289271355,-0.0824612751603127,-0.0818206146359444,-0.0798646733164787,-0.077382318675518,-0.0747770816087723,-0.0721835196018219,-0.0696332156658173,-0.0671671330928802,-0.0655251517891884,-0.0656753927469254,-0.0671324208378792,-0.0691112205386162,-0.0712309032678604,-0.0733372718095779,-0.0754053741693497,-0.0774425938725471,-0.0794496536254883,-0.0814499109983444,-0.0834520757198334,-0.0854267776012421,-0.0867626816034317,-0.0863849818706512,-0.0845728665590286,-0.0821641609072685,-0.0795761942863464,-0.0769986510276794,-0.0751870423555374,-0.0751813650131226,-0.0765430480241776,-0.0784774869680405,-0.0805689543485641,-0.0826537236571312,-0.0846940502524376,-0.0867011174559593,-0.0886868461966515,-0.0906707495450974,-0.0926417857408524,-0.0946056991815567,-0.096560962498188,-0.0985066667199135,-0.0999871119856834,-0.0998713225126266,-0.0981665253639221,-0.0957550406455994,-0.0936021357774734,-0.0930221825838089,-0.0940317958593369,-0.095799595117569,-0.0978069305419922,-0.0998333841562271,-0.101833693683147,-0.103788778185844,-0.105724170804024,-0.107640616595745,-0.10955236852169,-0.111458256840706,-0.113359302282333,-0.115254655480385,-0.117144219577312,-0.119032233953476,-0.120599448680878,-0.120700106024742,-0.119136296212673,-0.11673741787672,-0.114068582653999,-0.111361913383007,-0.108689703047276,-0.106064669787884,-0.103463605046272,-0.100878462195396,-0.0983132869005203,-0.0957557260990143,-0.0932096913456917,-0.0906786173582077,-0.0881532430648804,-0.0856400728225708,-0.0834555104374886,-0.0827344805002213,-0.0836812928318977,-0.0854700952768326,-0.0873488783836365,-0.087981291115284,-0.0868190079927444,-0.0846584439277649,-0.0821625143289566,-0.0796018093824387,-0.0770742073655128,-0.0745896697044373,-0.0721321031451225,-0.0697028040885925,-0.0672761797904968,-0.0648539289832115,-0.0626566112041473,-0.06175696849823,-0.0625933036208153,-0.0643945261836052,-0.0665277689695358,-0.0687234327197075,-0.0708910524845123,-0.0730103030800819,-0.0749945119023323,-0.0758590698242188,-0.0749391242861748,-0.0729111284017563,-0.0704826265573502,-0.0679700598120689,-0.0654877722263336,-0.0630514919757843,-0.0606486052274704,-0.0582593530416489,-0.0558813437819481,-0.0535143315792084,-0.0512577332556248,-0.0501195788383484,-0.0507879965007305,-0.0525365769863129,-0.054682619869709,-0.0569172948598862,-0.0591331906616688,-0.0613071583211422,-0.0633995532989502,-0.0645598918199539,-0.0639184862375259,-0.0620397999882698,-0.0596901886165142,-0.0572251416742802,-0.0548672750592232,-0.053561270236969,-0.0540734976530075,-0.0557615086436272,-0.0578887723386288,-0.0601044930517673,-0.0623007565736771,-0.064453512430191,-0.0665747746825218,-0.0686745867133141,-0.0707743018865585,-0.0728731229901314,-0.0749568268656731,-0.0770296007394791,-0.0790764987468719,-0.0803778097033501,-0.0799371674656868,-0.078123614192009,-0.0757506638765335,-0.0732200890779495,-0.0707405433058739,-0.0691222995519638,-0.069308876991272,-0.0707935988903046,-0.0727995857596397,-0.0749479830265045,-0.0770773142576218,-0.0791622623801231,-0.0812181085348129,-0.0832596346735954,-0.0852939933538437,-0.0873110517859459,-0.0893232375383377,-0.0913387909531593,-0.0933398455381393,-0.094787210226059,-0.0945505797863007,-0.0928199514746666,-0.0904382988810539,-0.087848573923111,-0.0852436125278473,-0.082682341337204,-0.0801657065749168,-0.0776721611618996,-0.0751998424530029,-0.0727279633283615,-0.0702754929661751,-0.0683731138706207,-0.068132720887661,-0.0693965330719948,-0.0713376179337502,-0.0734722316265106,-0.0756214559078217,-0.0777360051870346,-0.0798081904649734,-0.0814752653241158,-0.0816075950860977,-0.0801125913858414,-0.0778388902544975,-0.0753199681639671,-0.072785809636116,-0.0702909603714943,-0.0678383857011795,-0.065790168941021,-0.0652920007705688,-0.0664084851741791,-0.0683030039072037,-0.0704479590058327,-0.072612926363945,-0.0747444629669189,-0.0768400579690933,-0.0789139568805695,-0.0809696987271309,-0.0830173194408417,-0.0850613489747047,-0.0868552029132843,-0.0872464030981064,-0.0859270319342613,-0.0837120413780212,-0.0811928808689117,-0.078628197312355,-0.0760953798890114,-0.0736168026924133,-0.0711612924933434,-0.0687284097075462,-0.0666131526231766,-0.0659717917442322,-0.0669949948787689,-0.0688500627875328,-0.0709832236170769,-0.0731571018695831,-0.0752884969115257,-0.0773791372776031,-0.0794494673609734,-0.0815057754516602,-0.0833996534347534,-0.0840934887528419,-0.0830140188336372,-0.0808961316943169,-0.0785694643855095,-0.0773875117301941,-0.0779847204685211,-0.0796404927968979,-0.0816824585199356,-0.0838136821985245,-0.0859130695462227,-0.0879640579223633,-0.0899836122989655,-0.0919931679964066,-0.0939971432089806,-0.0959958285093307,-0.0979792922735214,-0.099952295422554,-0.101921290159225,-0.103886097669601,-0.105743564665318,-0.106584504246712,-0.105638176202774,-0.10352985560894,-0.100985422730446,-0.0983292832970619,-0.0956969782710075,-0.0931102707982063,-0.0905619561672211,-0.0880231708288193,-0.0854990035295486,-0.0829871594905853,-0.0804887637495995,-0.0779962986707687,-0.0756288915872574,-0.0743894129991531,-0.0749517157673836,-0.0766014903783798,-0.0786601677536964,-0.0808041915297508,-0.0828792154788971,-0.0840999782085419,-0.0835220292210579,-0.0816269442439079,-0.0792072936892509,-0.0766554996371269,-0.074130579829216,-0.0716488361358643,-0.0692048519849777,-0.066774308681488,-0.0643584430217743,-0.0619488805532455,-0.0595551840960979,-0.0571676008403301,-0.0547888241708279,-0.0524152219295502,-0.0500913374125957,-0.0485829338431358,-0.0488519109785557,-0.0504403822124004,-0.0525341108441353,-0.0541292577981949,-0.0540087893605232,-0.0524094589054585,-0.0501941032707691,-0.048417005687952,-0.0483512915670872,-0.049763347953558,-0.0518219619989395,-0.0540569722652435,-0.056293398141861,-0.0584765076637268,-0.0606313794851303,-0.0627704262733459,-0.0648945495486259,-0.0670089274644852,-0.069112129509449,-0.071212999522686,-0.0733088701963425,-0.0753839910030365,-0.0774517059326172,-0.0790640935301781,-0.0790584534406662,-0.0774578452110291,-0.0751604437828064,-0.0726486891508102,-0.0701175630092621,-0.0676210448145866,-0.0651636272668839,-0.0631890892982483,-0.0628434792160988,-0.0640666782855988,-0.0660030171275139,-0.0681556835770607,-0.0703231394290924,-0.0724586993455887,-0.0745442435145378,-0.0766031667590141,-0.078653447329998,-0.080693818628788,-0.0827354267239571,-0.0847749710083008,-0.086804673075676,-0.0888163894414902,-0.0908227115869522,-0.0928278565406799,-0.0948164537549019,-0.0967982411384583,-0.098773829638958,-0.100743249058723,-0.102690458297729,-0.104246445000172,-0.104258827865124,-0.102657191455364,-0.100281551480293,-0.0976596772670746,-0.0950040593743324,-0.0923912450671196,-0.0898304507136345,-0.0872959494590759,-0.0847707614302635,-0.0824573487043381,-0.0814467370510101,-0.0822033882141113,-0.0839191749691963,-0.0859662890434265,-0.088067039847374,-0.0898825153708458,-0.0902848020195961,-0.0889537110924721,-0.0867196619510651,-0.0841939449310303,-0.0816220194101334,-0.0790705978870392,-0.0765716508030891,-0.0741074159741402,-0.071650505065918,-0.0691971629858017,-0.0667563825845718,-0.064327098429203,-0.0619070529937744,-0.0596169158816338,-0.0584417954087257,-0.0590515397489071,-0.0607611835002899,-0.0628766715526581,-0.0650834590196609,-0.0672677904367447,-0.0694064572453499,-0.0715156495571136,-0.0736116319894791,-0.0756947845220566,-0.0777746438980103,-0.0798387750983238,-0.0818955972790718,-0.0837872996926308,-0.0844599902629852,-0.0833666771650314,-0.0812442600727081,-0.0787603184580803,-0.0761974975466728,-0.0737238600850105,-0.0722242593765259,-0.0725441798567772,-0.0740985572338104,-0.076117143034935,-0.0782621875405312,-0.0803913474082947,-0.0824659094214439,-0.0845035463571548,-0.0865326970815659,-0.088551439344883,-0.0905680656433105,-0.0925239622592926,-0.0935380458831787,-0.092782124876976,-0.0907944589853287,-0.0883196964859962,-0.0857264772057533,-0.0831500589847565,-0.0806236937642097,-0.0781515687704086,-0.0764268487691879,-0.0764611065387726,-0.0778530612587929,-0.0798208266496658,-0.0819321945309639,-0.0840476453304291,-0.0861156433820724,-0.0881230011582375,-0.0893996059894562,-0.0889179259538651,-0.0870650112628937,-0.0846523940563202,-0.0820765718817711,-0.0795104801654816,-0.0769811421632767,-0.0745002701878548,-0.0720396563410759,-0.0695888474583626,-0.067142091691494,-0.0647120401263237,-0.0628402009606361,-0.0626677870750427,-0.0639767348766327,-0.0659467279911041,-0.0681168511509895,-0.0702948942780495,-0.0724309310317039,-0.074524775147438,-0.0766056180000305,-0.0786780938506126,-0.0807462260127068,-0.0827887654304504,-0.0842777416110039,-0.0841114670038223,-0.0824422612786293,-0.0801051408052444,-0.0775553807616234,-0.0750071182847023,-0.0725101232528687,-0.0700442939996719,-0.0679927319288254,-0.0674968361854553,-0.0686065256595612,-0.0704991370439529,-0.0722628384828568,-0.0724992454051971,-0.0710924565792084,-0.0688746869564056,-0.0664097219705582,-0.0639132186770439,-0.0614522583782673,-0.0590324923396111,-0.0566360503435135,-0.0542585328221321,-0.0518935546278954,-0.0495271161198616,-0.0471668690443039,-0.0448177047073841,-0.0424908250570297,-0.040166400372982,-0.0380959957838058,-0.0374242961406708,-0.0384487621486187,-0.0403800122439861,-0.0426095277070999,-0.044878177344799,-0.0471286959946156,-0.0493359416723251,-0.051518052816391,-0.0536842569708824,-0.0558378212153912,-0.0579831376671791,-0.0598687939345837,-0.0603636875748634,-0.0591561272740364,-0.0570252686738968,-0.0546049103140831,-0.0521354600787163,-0.0497000366449356,-0.047308012843132,-0.0451027527451515,-0.0441193431615829,-0.0449071638286114,-0.0467188842594624,-0.0487451255321503,-0.0496388971805573,-0.0487384237349033,-0.0467770136892796,-0.0444310940802097,-0.0419973693788052,-0.0396069437265396,-0.0372553244233131,-0.0349306054413319,-0.0326218605041504,-0.03033197671175,-0.0280440859496593,-0.0257614739239216,-0.0234922729432583,-0.0212290231138468,-0.0189758557826281,-0.016805425286293,-0.0156549550592899,-0.0163001324981451,-0.0181070249527693,-0.0203534737229347,-0.0226846486330032,-0.0250000171363354,-0.0272755511105061,-0.0295233968645334,-0.0317596979439259,-0.0339791029691696,-0.0361943542957306,-0.0383980087935925,-0.0405959486961365,-0.0427769869565964,-0.0449465960264206,-0.0470357909798622,-0.0480861440300941,-0.0473569557070732,-0.0454586893320084,-0.0431588925421238,-0.0415775068104267,-0.0417945273220539,-0.0433501303195953,-0.0454461202025414,-0.0476746708154678,-0.0498993471264839,-0.0520800575613976,-0.0542253255844116,-0.0563468895852566,-0.0584149546921253,-0.0595472231507301,-0.058872677385807,-0.0569774731993675,-0.0546179637312889,-0.0521330386400223,-0.049664068967104,-0.0472395569086075,-0.0448431149125099,-0.0424711257219315,-0.040133036673069,-0.0384437814354897,-0.0384616814553738,-0.0399102941155434,-0.0419675670564175,-0.0442046076059341,-0.0464522838592529,-0.0486588887870312,-0.0508262179791927,-0.052972212433815,-0.05510463565588,-0.0572209656238556,-0.0593237355351448,-0.0607923492789268,-0.0605417676270008,-0.0588253736495972,-0.0565153546631336,-0.054029893130064,-0.0515542030334473,-0.0491110682487488,-0.0467134788632393,-0.0447957701981068,-0.0444921031594276,-0.0457585044205189,-0.0477390922605991,-0.0499403476715088,-0.0521486327052116,-0.0537817105650902,-0.0537222735583782,-0.0521452724933624,-0.0498878732323647,-0.0474336817860603,-0.0449751988053322,-0.0425643622875214,-0.040186919271946,-0.0378332249820232,-0.0354869551956654,-0.033160325139761,-0.0308388620615005,-0.0285189636051655,-0.026205237954855,-0.0242280680686235,-0.0237294863909483,-0.0248830430209637,-0.0268767848610878,-0.0288473814725876,-0.029393270611763,-0.0282180868089199,-0.026184193789959,-0.0238717384636402,-0.0215187296271324,-0.0191958174109459,-0.016920642927289,-0.0146654434502125,-0.0124215772375464,-0.0101730804890394,-0.0079387687146663,-0.0057198861613869,-0.0035113953053951,-0.0013168656732887,0.000873081269674,0.002877339720726,0.0035675065591931,0.0024920732248574,0.0004678041150327,-0.0018739463994279,-0.0042695989832282,-0.0066357804462313,-0.0089586209505796,-0.0112493177875876,-0.0135245658457279,-0.0157898813486099,-0.0180514734238386,-0.0203031711280346,-0.0225506648421288,-0.0247950442135334,-0.0270273573696613,-0.0290620885789394,-0.0297627374529839,-0.0287226047366858,-0.0267220512032509,-0.0245191063731909,-0.0233730264008045,-0.0240307133644819,-0.025812067091465,-0.0280077401548624,-0.0302852243185043,-0.0325432866811752,-0.0347617007791996,-0.0369513854384422,-0.0391271188855171,-0.0412879511713982,-0.0434376820921898,-0.0455855764448643,-0.0477295480668545,-0.0497039183974266,-0.0504502505064011,-0.0494285188615322,-0.0473843440413475,-0.0449882410466671,-0.0425174832344055,-0.0401149578392506,-0.038700558245182,-0.0391098596155643,-0.0407328121364117,-0.0427856147289276,-0.0440449640154839,-0.0434989184141159,-0.0416771247982979,-0.0393644347786903,-0.0369275622069836,-0.0345044173300266,-0.0321324840188026,-0.029794055968523,-0.0274559669196606,-0.0251400209963322,-0.0228319726884365,-0.0205364674329758,-0.0182535126805305,-0.0159764047712088,-0.0137098152190447,-0.0114734852686524,-0.009964982047677,-0.0102089028805494,-0.0118327578529716,-0.014015625230968,-0.0163403879851103,-0.0186653919517994,-0.0209501907229424,-0.0232014730572701,-0.025448776781559,-0.0276798699051142,-0.0299023650586605,-0.0321015641093254,-0.0335608646273613,-0.0332481116056442,-0.0315632335841656,-0.0293289981782436,-0.0269441977143288,-0.0245581287890673,-0.0222134198993444,-0.0199084281921387,-0.0181768089532852,-0.0181361548602581,-0.0195761062204838,-0.021676279604435,-0.0239580925554037,-0.0262379571795464,-0.0278607308864594,-0.0277407299727201,-0.0261524897068739,-0.0239591971039772,-0.0215977039188147,-0.0192345716059208,-0.0169137474149466,-0.0146311093121767,-0.0123592689633369,-0.0101028755307198,-0.0078603653237223,-0.0056203720159828,-0.0033835337962955,-0.0011653662659227,0.0006622531218454,0.0009443208109587,-0.0003845713799819,-0.0025005079805851,-0.0048492257483303,-0.0072170542553067,-0.0095507483929395,-0.0118514914065599,-0.01412601955235,-0.0163937676697969,-0.0186466686427593,-0.0209007039666176,-0.0231476351618767,-0.0253758039325476,-0.0271281786262989,-0.0272603705525398,-0.0258342809975147,-0.0236968193203211,-0.0213376749306917,-0.0189574211835861,-0.0168797969818115,-0.0162433404475451,-0.0173161998391151,-0.0192896090447903,-0.0215510465204716,-0.023848332464695,-0.0261176694184542,-0.0283577516674995,-0.0305726192891598,-0.0327667519450188,-0.0346363708376884,-0.0350241884589195,-0.0337584428489208,-0.0316551998257637,-0.0292819067835808,-0.0268678031861782,-0.0244941152632236,-0.0221615545451641,-0.0198545679450035,-0.0175620932132006,-0.0154324937611818,-0.0145164933055639,-0.0153722325339913,-0.0172699112445116,-0.0195113215595484,-0.0218127705156803,-0.0238915607333183,-0.0246333070099354,-0.0236134901642799,-0.021626828238368,-0.019310113042593,-0.0169387478381395,-0.0146004147827625,-0.0123035479336977,-0.0100339278578758,-0.0077783036977052,-0.0055293901823461,-0.0033074948005378,-0.0010844630887731,0.0011203883914277,0.0032347631640732,0.0043188747949898,0.0036247945390641,0.0017663385951891,-0.0005225398926995,-0.0029047196730971,-0.0052711721509695,-0.0075847813859581,-0.0098673952743411,-0.0121394656598568,-0.0144048184156418,-0.0166533701121807,-0.018900141119957,-0.0211454965174198,-0.0233799405395985,-0.0256091561168432,-0.0277345273643732,-0.0288311317563057,-0.0281370915472507,-0.0262705087661743,-0.0240199211984873,-0.0224936287850142,-0.0227453336119652,-0.0243471805006266,-0.026482880115509,-0.0287502482533455,-0.0310068652033806,-0.0332288257777691,-0.035407230257988,-0.0375725440680981,-0.0396773368120193,-0.0408372208476067,-0.0402018241584301,-0.0383410379290581,-0.0360088422894478,-0.0335666239261627,-0.0311338603496552,-0.0287510640919209,-0.0264019481837749,-0.0240763630717993,-0.0217808447778225,-0.0201244652271271,-0.0201855339109898,-0.0216790325939655,-0.0237849876284599,-0.0260514356195927,-0.0283242464065552,-0.0305609330534935,-0.0327647477388382,-0.0349463634192944,-0.0371204391121864,-0.0392840579152107,-0.0414373613893986,-0.0435932353138924,-0.0457395575940609,-0.0478765442967415,-0.0499880127608776,-0.0514499247074127,-0.0511937886476517,-0.0495021194219589,-0.0472112856805325,-0.0451976284384727,-0.0448082536458969,-0.046016551554203,-0.04795753210783,-0.0496647208929062,-0.049782183021307,-0.0483200550079346,-0.0460988655686378,-0.0436490960419178,-0.0411701463162899,-0.0387411303818226,-0.0363467112183571,-0.0339873321354389,-0.0316352359950542,-0.0292950365692377,-0.0269572362303734,-0.0246356930583715,-0.0223266668617725,-0.0200192034244537,-0.0177283845841885,-0.0157540421932936,-0.0152601860463619,-0.016427094116807,-0.0184389986097813,-0.0207053460180759,-0.0230112560093403,-0.0252800434827805,-0.027527179569006,-0.0297471433877945,-0.0319517180323601,-0.0337469875812531,-0.033998116850853,-0.0326350294053555,-0.0304892361164093,-0.0281139090657234,-0.0257134735584259,-0.023347819224,-0.0210226103663445,-0.0187334958463907,-0.0164478123188019,-0.0143551249057055,-0.0135812871158123,-0.0145732620730996,-0.0165201909840107,-0.0185861997306347,-0.019418079406023,-0.018485838547349,-0.0165518689900637,-0.0142763052135706,-0.0119299376383424,-0.0096213510259985,-0.0073531968519091,-0.0051064486615359,-0.0028733625076711,-0.0006505165947601,0.0015600557671859,0.0037740594707429,0.0059791435487568,0.008176764473319,0.0103572271764278,0.0124151557683945,0.0133496839553118,0.0125005170702934,0.0105621628463268,0.0083286706358194,0.0071277432143688,0.007740665692836,0.0094835441559553,0.0116418786346912,0.0138885825872421,0.0161130558699369,0.0183032229542732,0.0204604454338551,0.0226063504815102,0.0247373133897781,0.0268728882074356,0.0289949085563421,0.031111765652895,0.0332291051745415,0.0353453271090984,0.0374016128480434,0.0385084189474583,0.0378148257732391,0.0359022170305252,0.0335211716592312,0.031029473990202,0.0285587720572948,0.0261271595954895,0.0237332228571177,0.0213584657758474,0.0190004222095013,0.0166483744978905,0.0143067575991154,0.0119795752689242,0.0097439242526888,0.0085175754502415,0.0090984590351581,0.0108541985973716,0.0130441561341286,0.0153176840394735,0.0175408255308867,0.0189992506057024,0.0186780672520399,0.0169852767139673,0.0147334048524499,0.0123368939384818,0.0099535305052995,0.0076103755272924,0.0053365561179816,0.0037888796068728,0.003995053935796,0.0055724973790347,0.0077136256732046,0.0100023718550801,0.0122895557433367,0.0145438760519028,0.0167632214725018,0.018951803445816,0.0211363863199949,0.0233214609324932,0.0254798382520676,0.0270859599113464,0.0270123835653067,0.0254460759460926,0.0232132114470005,0.0208025928586721,0.0183983966708183,0.0166536048054695,0.0166765544563532,0.0181358903646469,0.0202205926179886,0.0224585048854351,0.0247062742710114,0.0269071310758591,0.0290723033249378,0.0312225446105003,0.0333670154213905,0.0354982502758503,0.0376214385032654,0.0397396497428417,0.0418532714247704,0.0435542613267899,0.0437034219503403,0.042247973382473,0.0400203056633472,0.0375506691634655,0.0350687764585018,0.0330872908234596,0.0327466800808907,0.0339684970676899,0.0359283648431301,0.0380937792360783,0.0402797237038612,0.0424295365810394,0.0445462018251419,0.0466477163136005,0.0487337559461594,0.0508187599480152,0.0529063381254673,0.054975401610136,0.0570389665663242,0.0588393211364746,0.0592282600700855,0.0579214617609978,0.0557202696800232,0.0534763894975185,0.0525608547031879,0.0533915124833584,0.055168017745018,0.0572616383433342,0.059406541287899,0.0615186505019665,0.0635995790362358,0.065654069185257,0.0676957070827484,0.0697290748357773,0.0717578306794167,0.0737720504403114,0.0757804587483406,0.077785849571228,0.0797857195138931,0.0816163346171379,0.0822155848145485,0.0810559242963791,0.0788788720965385,0.0763436704874039,0.0737453922629356,0.0711730271577835,0.0686435773968697,0.0663077980279922,0.0651808977127075,0.0658275336027145,0.0675170570611954,0.0695616826415062,0.071693167090416,0.0737975239753723,0.0758487731218338,0.0778798907995224,0.0798955708742142,0.0819040387868881,0.0839098989963531,0.0858152732253075,0.0866726785898209,0.0857455879449844,0.0836651623249054,0.0811598971486092,0.0785529837012291,0.0760729387402534,0.074765145778656,0.0752702504396439,0.0768832862377167,0.0788956880569458,0.0809930115938187,0.0830684974789619,0.0850942209362984,0.0870957151055336,0.0890804901719093,0.0910630524158478,0.0930370390415192,0.0950039178133011,0.096955806016922,0.0988638252019882,0.0999385938048363,0.0992309749126434,0.0972216129302979,0.0947475284337997,0.0929563418030739,0.0929507166147232,0.0942806750535965,0.0961659848690033,0.0982020497322083,0.100225895643234,0.102215521037579,0.104163371026516,0.106102101504803,0.108031332492828,0.109948851168156,0.111866697669029,0.113778986036777,0.115681260824203,0.117584340274334,0.119458928704262,0.12067911028862,0.120181798934937,0.118250072002411,0.11572127789259,0.113024361431599,0.11032759398222,0.107671774923801,0.105069443583488,0.102494321763515,0.0999308377504349,0.0973644778132439,0.0948262289166451,0.0922914296388626,0.0897716954350471,0.0872571617364883,0.0847678482532501,0.082923524081707,0.0828075259923935,0.0841139256954193,0.0860387459397316,0.0876655951142311,0.0876624956727028,0.0860800892114639,0.0837731584906578,0.0812485069036484,0.0787026435136795,0.0762030333280563,0.0737457349896431,0.0713067352771759,0.0688771530985832,0.0664712935686111,0.0640692040324211,0.0621388293802738,0.0618158951401711,0.0630499571561813,0.0650119036436081,0.067177377641201,0.0693618133664131,0.0715125054121017,0.0736393257975578,0.0754051432013512,0.0756743028759956,0.0742922872304916,0.0720876157283783,0.0696212574839592,0.0671124756336212,0.0646495595574379,0.0622247718274593,0.0598270520567894,0.0574461296200752,0.0550864189863205,0.0527255460619926,0.0506640076637268,0.0501050017774105,0.051210530102253,0.053147628903389,0.0553400740027428,0.0575704276561737,0.0597644224762917,0.0619228929281235,0.0638660043478012,0.0644552782177925,0.0633090138435364,0.0612158179283142,0.0588045418262482,0.0563408844172955,0.0541652143001556,0.0534071251749992,0.0543789714574814
0.0048249615356326,0.0052510071545839,0.0038211494684219,0.0014903268311172,-0.0011372865410521,-0.0038025872781872,-0.0064325709827244,-0.009005369618535,-0.0115568656474352,-0.0140844648703933,-0.0166038013994694,-0.0191228911280632,-0.0216361097991467,-0.0241252221167088,-0.026598596945405,-0.0290792416781187,-0.0311958156526089,-0.0316211543977261,-0.0301942769438028,-0.0278528742492199,-0.0254673436284065,-0.0245180353522301,-0.0255325455218554,-0.0276315212249756,-0.0301036797463894,-0.0326380282640457,-0.0351342409849167,-0.0375909097492695,-0.0400134399533272,-0.0424301512539387,-0.0445413812994957,-0.0450840629637241,-0.0437183082103729,-0.0413552522659302,-0.0386668667197227,-0.0359384715557098,-0.0332460626959801,-0.0305954441428185,-0.0279736910015345,-0.0253661088645458,-0.0229068044573069,-0.0217391010373831,-0.0225692875683308,-0.0246080011129379,-0.0270795300602913,-0.0296317338943481,-0.0321652591228485,-0.0346442349255085,-0.0370925888419151,-0.0395258814096451,-0.0419508069753647,-0.0443607717752457,-0.0467602908611298,-0.0491558164358139,-0.051534328609705,-0.0539047718048096,-0.0561360865831375,-0.0570815354585648,-0.0560207441449165,-0.0537760332226753,-0.0511766821146011,-0.0495401620864868,-0.0499246083199978,-0.0517020486295223,-0.0539489164948463,-0.0552880689501762,-0.0546062812209129,-0.0525238960981369,-0.0498909428715706,-0.0471275970339775,-0.0443783514201641,-0.0416739620268345,-0.0390087552368641,-0.036370150744915,-0.0337499007582664,-0.0311354957520962,-0.0285283364355564,-0.0259320475161076,-0.0233594607561827,-0.0207966528832912,-0.0182636864483356,-0.0165763851255178,-0.0168673787266016,-0.0186609569936991,-0.0210761148482561,-0.0236570760607719,-0.0262316353619099,-0.0287575237452984,-0.0312411971390247,-0.0336989611387253,-0.0360991582274437,-0.0375492237508297,-0.0370118468999863,-0.035053476691246,-0.0325185433030128,-0.0298409499228001,-0.0271689090877771,-0.0245464481413364,-0.0219563096761703,-0.0193888209760189,-0.0168442185968161,-0.0149360168725252,-0.0149231413379312,-0.0165670663118362,-0.0189339425414801,-0.0208787582814693,-0.0209643393754959,-0.0193489789962769,-0.016971442848444,-0.0143703483045101,-0.0117461634799838,-0.0091761499643325,-0.0066398796625435,-0.0041293362155556,-0.0016474858857691,0.0008404084364883,0.003315481590107,0.0057816002517938,0.0082413982599973,0.010687567293644,0.0131209651008248,0.0151041578501463,0.0153251830488443,0.013759920373559,0.0113399010151625,0.0091036111116409,0.0085752941668033,0.0098921936005353,0.012099958024919,0.0145817305892706,0.0170985031872988,0.0195718128234148,0.0220054388046265,0.0244103968143463,0.0267972778528929,0.0291805937886238,0.0315586887300014,0.03393280133605,0.0362970009446144,0.0386560298502445,0.0410029515624046,0.0430398546159267,0.0435129329562187,0.0420663394033909,0.0396415367722511,0.0369005836546421,0.0341081842780113,0.0313606150448322,0.0286573860794306,0.0259783789515495,0.0233231820166111,0.0206885058432817,0.0180590897798538,0.0154436565935612,0.0128370840102434,0.0106119252741337,0.0100555475801229,0.0113516207784414,0.0135680660605431,0.0160805936902761,0.018637603148818,0.0209589116275311,0.0218522660434246,0.0207497589290142,0.0185219161212444,0.0159009005874395,0.0132125597447157,0.0105651700869203,0.0079599237069487,0.0055728293955326,0.0045673339627683,0.0055382288992404,0.007635367102921,0.0101381000131369,0.0127229979261756,0.0152766024693847,0.0177830494940281,0.0202542711049318,0.0227125398814678,0.0251591503620148,0.027581300586462,0.0299042016267776,0.0310676284134388,0.0302007459104061,0.0280515402555466,0.0254309289157391,0.0227061752229929,0.0201548505574465,0.0189162716269493,0.0196873694658279,0.0216836184263229,0.0241177044808865,0.0266438145190477,0.0291421562433243,0.0315899290144444,0.034001924097538,0.0364074595272541,0.0387869030237198,0.0411667712032795,0.0435351952910423,0.0458970814943314,0.0482051186263561,0.0495506636798382,0.0489036217331886,0.0468273386359215,0.0441837795078754,0.04139693826437,0.0386927723884583,0.0370910800993443,0.0375251248478889,0.0393302030861378,0.0416655167937279,0.0441211424767971,0.0465579330921173,0.0489543527364731,0.0513124465942383,0.0536464713513851,0.0559645891189575,0.0582844093441963,0.0605974458158016,0.0628960281610489,0.0651793405413628,0.066728375852108,0.0663213431835175,0.0643429383635521,0.0617202594876289,0.0596327856183052,0.0594693459570408,0.0609328225255013,0.0631113201379776,0.0654857531189919,0.0678631216287613,0.0701931044459343,0.0724805891513824,0.0747532844543457,0.0770127177238464,0.0792636796832085,0.0815121084451675,0.0837490037083626,0.0859758332371712,0.0882038921117783,0.0904202088713646,0.0920879393815994,0.091934010386467,0.0900639295578003,0.0874054282903671,0.0845211446285248,0.0816228836774826,0.0787721499800682,0.0759724527597427,0.0737304985523224,0.0733157396316528,0.0746266096830368,0.0767345651984215,0.0790744870901108,0.0814300253987312,0.0837475135922432,0.0860210731625557,0.0882695466279984,0.0905178263783455,0.0927511900663376,0.0949729084968567,0.0968367978930473,0.0970060229301453,0.0953352078795433,0.0927525460720062,0.0898870974779129,0.0869817584753036,0.0845573246479034,0.0839154422283173,0.0851017087697983,0.0871582627296448,0.0894780457019806,0.0918247401714325,0.0941231325268745,0.0963754653930664,0.0986041948199272,0.100822515785694,0.103021785616875,0.105218008160591,0.107412710785866,0.109599560499191,0.111539654433727,0.111990667879581,0.110500492155552,0.107971914112568,0.105298094451427,0.104059144854546,0.104787811636925,0.106613658368587,0.108823925256729,0.111104533076286,0.113348819315434,0.115552298724651,0.117721721529961,0.119875468313694,0.122026838362217,0.124177023768425,0.126323163509369,0.128464594483376,0.13061061501503,0.132740542292595,0.134729117155075,0.135412618517876,0.134098097681999,0.131596654653549,0.128666266798973,0.125651091337204,0.122658483684063,0.11972663551569,0.116833604872227,0.113957054913044,0.111103788018227,0.10825327783823,0.105417169630527,0.102597258985043,0.0997913479804993,0.0969949290156364,0.0943457409739494,0.0929921865463257,0.0936336293816566,0.0954751223325729,0.0976689010858536,0.098894976079464,0.0980872958898544,0.0959058925509453,0.0931734815239906,0.0903172194957733,0.0874945372343063,0.0847149342298508,0.0819723606109619,0.0792570412158966,0.0765546634793282,0.0738582387566566,0.0712446346879005,0.0696906074881554,0.070137120783329,0.0719508528709412,0.0742801129817963,0.0767408385872841,0.0791771784424782,0.0815795958042145,0.083912655711174,0.0853710919618607,0.0848568379878998,0.0828418210148811,0.0802167430520058,0.0774240642786026,0.0746419653296471,0.0719020590186119,0.0692072510719299,0.0665345042943954,0.063873253762722,0.0612154304981232,0.0586036220192909,0.0568337664008141,0.0570303872227669,0.0587484426796436,0.0610780902206898,0.0635767802596092,0.0660677552223206,0.0685083195567131,0.0709079280495644,0.0726456791162491,0.0724939182400703,0.0706736296415329,0.0681300088763237,0.0653857216238976,0.0626615434885025,0.0607098713517189,0.0607144609093666,0.0623204484581947,0.0646116510033607,0.0670789182186127,0.0695522949099541,0.0719698965549469,0.0743510350584984,0.0767093300819397,0.0790635943412781,0.0814053118228912,0.0837327614426613,0.0860382840037346,0.0883381962776184,0.0901884585618973,0.0902814343571663,0.0885864943265915,0.0860458612442017,0.0832334980368614,0.0803937688469887,0.0781286209821701,0.0777492448687553,0.0790999531745911,0.0812459290027618,0.083626851439476,0.0860234126448631,0.0883773118257523,0.090683214366436,0.092973031103611,0.0952562615275383,0.0975209325551987,0.0997771620750427,0.102026581764221,0.104263782501221,0.10619381070137,0.106544822454453,0.104977771639824,0.1024379581213,0.0995779186487198,0.0966811403632164,0.0938242822885513,0.0910171419382095,0.0882360637187958,0.0854692682623863,0.0827030092477798,0.0799626484513283,0.0775231420993805,0.0766721367835999,0.0777241587638855,0.0797660574316978,0.0821291580796242,0.0845417827367783,0.0869222730398178,0.0892621055245399,0.0913710743188858,0.0920817852020264,0.0908203423023224,0.0884462296962738,0.0856872871518135,0.082854762673378,0.0800521150231361,0.0772998183965683,0.0747630000114441,0.0736169964075089,0.0744388848543167,0.0763964205980301,0.0787485837936401,0.0811832323670387,0.0835844501852989,0.0859353244304657,0.0882546827197075,0.0905575752258301,0.0928483754396439,0.0951345190405846,0.0973055735230446,0.0983127355575562,0.0972910076379776,0.0949934720993042,0.0922218710184097,0.0893445983529091,0.0865105539560318,0.0837292373180389,0.0809783264994621,0.0782374665141106,0.0756471157073975,0.0743414387106895,0.0750412940979004,0.0769472643733025,0.079276904463768,0.0817030295729637,0.0840966627001762,0.0864511430263519,0.0887677669525146,0.0910638645291328,0.0933064669370651,0.0945829153060913,0.0938667058944702,0.0917338207364082,0.0890724360942841,0.0871866941452026,0.0873474329710007,0.0889722555875778,0.0911900252103806,0.0935569554567337,0.0959196984767914,0.0982340052723885,0.100508384406567,0.102760426700115,0.1049964427948,0.107223704457283,0.109447084367275,0.111660584807396,0.113864183425903,0.116058073937893,0.11823295801878,0.119670420885086,0.119144916534424,0.117042049765587,0.114277772605419,0.111340969800949,0.108404785394669,0.105521850287914,0.102680377662182,0.0998628735542297,0.0970551669597626,0.0942610427737236,0.0914707332849503,0.0887031108140945,0.0859811753034592,0.0840994417667389,0.0841984301805496,0.0858118906617165,0.0880373492836952,0.0904190987348557,0.0927918553352356,0.0945685207843781,0.0944911539554596,0.0926878154277802,0.09011460095644,0.087297797203064,0.0844631418585777,0.081674337387085,0.0789290517568588,0.0762087106704712,0.0735030323266983,0.0708071291446686,0.0681226179003716,0.0654470324516296,0.0627908930182457,0.0601308681070805,0.0574918538331985,0.0554040968418121,0.0551375187933445,0.0566038936376572,0.0588506795465946,0.0609736703336239,0.0614252276718616,0.0599889643490314,0.0576238110661507,0.0553283393383026,0.0546521134674549,0.055848240852356,0.0580036193132401,0.0604816861450672,0.0629916191101074,0.0654634982347488,0.0678864270448685,0.070265956223011,0.0726362094283104,0.0750032812356949,0.0773622095584869,0.0797095149755478,0.0820434167981148,0.0843702703714371,0.0866924077272415,0.0887524783611298,0.0893262028694153,0.0879572257399559,0.0855417624115944,0.0827725753188133,0.0799382328987122,0.0771406218409538,0.0743968337774277,0.0719137042760849,0.0709241777658463,0.0718786269426346,0.0738903358578682,0.0762690380215645,0.0787009596824646,0.0810944810509682,0.0834415256977081,0.0857568308711052,0.088060200214386,0.0903388410806656,0.0926242768764496,0.0949067547917366,0.097172424197197,0.0994226336479187,0.101661391556263,0.103892371058464,0.106112867593765,0.108334206044674,0.110546112060547,0.11275389790535,0.114948734641075,0.116942040622234,0.117543265223503,0.116173967719078,0.113697841763496,0.11082461476326,0.107877269387245,0.104951418936253,0.102088332176208,0.0992541834712029,0.0964334905147552,0.0937085002660751,0.0920307338237762,0.0923683270812035,0.0940764769911766,0.096305713057518,0.0986526012420654,0.100862592458725,0.101846471428871,0.100806042551994,0.0985083058476448,0.0957347601652145,0.0928598716855049,0.0900066792964935,0.0872057303786278,0.084445521235466,0.0817064344882965,0.078979104757309,0.0762611553072929,0.0735492184758186,0.0708484873175621,0.0681896805763245,0.0663756281137466,0.066545382142067,0.0682137012481689,0.0705014243721962,0.0729539319872856,0.0754010155797005,0.0777947753667831,0.0801517069339752,0.0824882090091705,0.0848117917776108,0.0871391445398331,0.0894505009055138,0.0917469412088394,0.093985803425312,0.0952812284231186,0.0945399105548859,0.0923904627561569,0.0896863788366318,0.0868467465043068,0.0840279310941696,0.0818682089447975,0.0816243961453438,0.0830710753798485,0.0852415636181831,0.0876270309090614,0.0900206044316292,0.0923597365617752,0.0946538895368576,0.0969301015138626,0.099193811416626,0.101444333791733,0.103671625256538,0.105252653360367,0.104942068457603,0.102990366518497,0.100320845842361,0.0974403098225594,0.0945477485656738,0.0917059928178787,0.0889108628034592,0.0865968614816666,0.0860356017947197,0.0872602164745331,0.0893451347947121,0.0916863679885864,0.0940589308738708,0.0963837206363678,0.0986611172556877,0.100456140935421,0.100477911531925,0.0987220779061317,0.0961298495531082,0.0932857394218445,0.0904172658920288,0.0875979363918304,0.084822803735733,0.0820697993040085,0.0793332606554031,0.0766109079122543,0.0739024430513382,0.0714957937598228,0.070661649107933,0.0717543438076973,0.0738308280706406,0.0762329548597336,0.0786698460578918,0.0810673236846924,0.0834192484617233,0.0857389345765114,0.0880461260676384,0.0903520137071609,0.0926467552781105,0.0946288406848907,0.0950149297714233,0.0935143902897835,0.0910336524248123,0.0882320702075958,0.0853812322020531,0.0825791284441948,0.0798231810331345,0.0772711411118507,0.0761120617389679,0.0769345685839653,0.078887552022934,0.0810422599315643,0.081889234483242,0.0807173997163773,0.0783967450261116,0.0756709948182106,0.072873517870903,0.070104569196701,0.0673786625266075,0.064690038561821,0.0620239712297916,0.0593700557947159,0.0567341335117817,0.0540898665785789,0.0514640286564827,0.0488547384738922,0.0462552458047867,0.0437684208154678,0.0424321629106998,0.0431423708796501,0.0451190993189812,0.0475663170218468,0.0501214936375618,0.0526436120271683,0.0551248230040073,0.0575678162276745,0.0599842555820942,0.0623993165791035,0.0648065209388733,0.0670918077230453,0.06818987429142,0.0672805085778236,0.0650932639837265,0.062436792999506,0.0596795901656151,0.0569424107670784,0.0542630702257156,0.05166956782341,0.0500302612781525,0.050388440489769,0.0521755740046501,0.0544871650636196,0.0559990331530571,0.0554696172475815,0.053486168384552,0.0509212985634804,0.0482100881636143,0.0455093048512936,0.0428562983870506,0.0402503311634064,0.0376755595207214,0.0351009927690029,0.0325364470481873,0.0299786292016506,0.0274324771016836,0.0248938333243132,0.0223655067384243,0.0198580510914326,0.0180891845375299,0.0182812549173832,0.0200415551662445,0.022461012005806,0.0250833928585052,0.0277077443897724,0.030274610966444,0.032803799957037,0.0353010967373848,0.0377887152135372,0.0402638986706734,0.0427273325622082,0.045179657638073,0.0476189404726028,0.0500525943934917,0.0524666830897331,0.0541324876248837,0.0538284704089165,0.0519496090710163,0.0494223237037659,0.0472533665597439,0.0468908250331879,0.0482911840081215,0.0505196303129196,0.0529876872897148,0.0554780326783657,0.0579194836318493,0.0603166073560715,0.0626841187477112,0.0650331303477287,0.0667393431067467,0.0665432512760162,0.0646966770291328,0.0621401518583298,0.0593724884092808,0.0566010698676109,0.0538806095719337,0.0511986315250397,0.0485488288104534,0.0459053106606007,0.0436217300593853,0.0430295988917351,0.0442966856062412,0.0464718118309975,0.0489449352025986,0.0514670386910439,0.0539322383701801,0.0563604198396206,0.0587657913565636,0.0611524283885956,0.0635308623313904,0.0658991783857346,0.0678721219301224,0.0681687146425247,0.0666254386305809,0.0641753599047661,0.0614390932023525,0.0586587116122246,0.0559201911091805,0.0532187484204769,0.0507956705987453,0.0498689487576485,0.0508880913257599,0.0529557541012764,0.0553806871175766,0.0578685142099857,0.0600019283592701,0.0604974441230297,0.0590884275734425,0.056709311902523,0.0540072843432426,0.0512526445090771,0.0485386401414871,0.0458771958947182,0.0432381331920624,0.0406198799610138,0.0380205921828747,0.035426739603281,0.032844066619873,0.0302664823830128,0.0278402492403984,0.0267080087214708,0.0275681428611279,0.0296286754310131,0.0319634974002838,0.0331185162067413,0.0322531387209892,0.0301529727876186,0.0276109520345926,0.0249618347734213,0.0223461501300335,0.0197861939668655,0.0172604694962502,0.0147546241059899,0.0122599806636572,0.0097705470398068,0.0072853192687034,0.0048186122439801,0.0023591411300003,-0.000103298574686,-0.0024816012009978,-0.0037881610915064,-0.0031030075624585,-0.0010501302313059,0.0015205781674012,0.0042107631452381,0.0068848286755383,0.0095056314021349,0.0120916217565536,0.0146449431777,0.017191568389535,0.019724877551198,0.0222407393157482,0.0247487258166075,0.0272510908544064,0.0297452621161938,0.0321514494717121,0.0334800407290459,0.0327996276319027,0.0307584535330534,0.028252063319087,0.0264581292867661,0.0266374200582504,0.0283643417060375,0.0307332798838615,0.0332894623279572,0.0358368344604969,0.0383320041000843,0.0407847687602043,0.0432102903723717,0.0456245206296444,0.0480231940746307,0.0504136085510254,0.0528003163635731,0.055139496922493,0.0565014183521271,0.0558460466563702,0.053781908005476,0.0511582158505917,0.0483939796686172,0.0456495247781277,0.0435771681368351,0.0434251874685287,0.0449631176888943,0.0472149848937988,0.0490228049457073,0.0489524751901627,0.0472013801336288,0.044702161103487,0.0419810116291046,0.0392535142600536,0.0365791469812393,0.033952109515667,0.031349204480648,0.0287679806351662,0.0261864624917507,0.0236214231699705,0.0210635103285313,0.0185131505131721,0.0159713663160801,0.0134480725973845,0.0113795734941959,0.0110716782510281,0.0125552108511329,0.0148873506113887,0.0174837056547403,0.0201053209602833,0.0226843133568764,0.0252202562987804,0.0277206599712372,0.0302137304097414,0.0326846353709698,0.0351544432342052,0.037162933498621,0.0374119430780411,0.0358531624078751,0.0334640257060528,0.030812855809927,0.0281277894973755,0.0254843067377806,0.022895123809576,0.0206269714981318,0.0199358407407999,0.0211749952286482,0.0233956798911095,0.0259359739720821,0.0285209510475397,0.0306709259748459,0.03108892403543,0.0296539552509785,0.0273249838501215,0.0246991962194443,0.0220465753227472,0.0194390267133713,0.0168675407767296,0.0143336420878768,0.0118105122819543,0.0092912716791033,0.0067936847917735,0.0043104840442538,0.0018269333522766,-0.0004622146661859,-0.0013586079003289,-0.0002823233662638,0.0019188997102901,0.0045207706280052,0.0071887439116835,0.0098279034718871,0.0124157462269068,0.0149693991988897,0.0175068639218807,0.0200344081968069,0.022553026676178,0.0250625479966402,0.0275599341839552,0.0298050809651613,0.0305353309959173,0.0293268114328384,0.0270792357623577,0.0244753453880548,0.0218050237745047,0.0192757081240416,0.0179534889757633,0.0186815485358238,0.0206843093037605,0.0231609344482422,0.0257500670850277,0.028303699567914,0.0308071933686733,0.0332728512585163,0.0357269085943699,0.0380254574120045,0.0390195697546005,0.0380098037421703,0.0358181446790695,0.0332004427909851,0.0305002424865961,0.0278294160962105,0.0252091381698847,0.0226216390728951,0.0200510956346989,0.0175470970571041,0.0159915257245302,0.0164348632097244,0.0183011423796415,0.0207382272928953,0.0233273506164551,0.0258210636675358,0.0271773524582386,0.0264951027929783,0.0244650319218636,0.0219361893832684,0.0192860942333937,0.0166641511023045,0.0140963410958648,0.011560533195734,0.0090346336364746,0.0065290592610836,0.0040348228067159,0.0015502235619351,-0.0009177668252959,-0.0033844499848783,-0.0051058027893304,-0.0048650843091309,-0.0030451589263975,-0.0005631879321299,0.0021035224199295,0.0047762552276253,0.0073924493044614,0.0099615696817636,0.0125178443267941,0.0150524629279971,0.0175726525485516,0.0200866814702749,0.0225898176431656,0.0250878967344761,0.0275717675685883,0.0300433784723282,0.031759575009346,0.0315124243497849,0.0296966936439276,0.027226846665144,0.0251110605895519,0.0248159375041723,0.0262739565223455,0.0285498909652233,0.0310690626502037,0.0336075834929943,0.0360945723950863,0.0385402590036392,0.0409682467579842,0.0433681607246399,0.0451176576316357,0.044969268143177,0.0431632958352566,0.0406549386680126,0.0379406176507473,0.0352128371596336,0.0325339511036873,0.0298939645290375,0.0272820256650448,0.0246952753514051,0.0224769674241543,0.0219448823481798,0.0232607703655958,0.0254798587411642,0.0280011016875505,0.0305637158453465,0.0330782309174538,0.0355521067976952,0.0379963964223862,0.0404259748756886,0.0428527295589447,0.0452677570283413,0.0476717315614223,0.0500636696815491,0.0524510070681572,0.0548269711434841,0.056820385158062,0.0571103915572166,0.0555595606565475,0.0531203411519527,0.0506303086876869,0.0495784729719162,0.0504990145564079,0.0525217093527317,0.0546601004898548,0.0553626231849194,0.0541118644177914,0.0517903305590153,0.0490983054041862,0.0463342666625977,0.0436053462326527,0.0409276075661182,0.0382767505943775,0.0356515645980835,0.0330334678292274,0.0304189994931221,0.027820348739624,0.025224719196558,0.0226501859724522,0.0200830325484276,0.017672797665,0.0165538359433413,0.017432015389204,0.0195070430636406,0.0220120660960674,0.0246076248586178,0.0271726194769144,0.0296912807971239,0.0321830101311207,0.0346617065370083,0.0369247160851955,0.0377900823950768,0.036689180880785,0.0344626195728779,0.0318460948765278,0.0291620641946793,0.0265122596174479,0.0239150635898113,0.0213495343923569,0.0187996122986078,0.0163434501737356,0.0149283492937684,0.0155301168560982,0.017487034201622,0.0198779329657555,0.0213208254426718,0.0207506008446217,0.0188023243099451,0.0163207165896893,0.0137037578970194,0.0110963229089975,0.0085474411025643,0.0060247993096709,0.0035273041576147,0.0010489233536645,-0.0014218690339475,-0.0038847916293889,-0.0063387639820575,-0.0087910564616322,-0.0112302917987108,-0.0136194312945008,-0.0151613429188728,-0.0147340875118971,-0.012809569016099,-0.010301623493433,-0.0084804594516754,-0.0086398674175143,-0.0103369187563658,-0.0126794464886189,-0.0151869067922235,-0.0176864545792341,-0.0201358869671822,-0.0225515570491552,-0.0249470844864845,-0.0273168720304966,-0.0296861119568348,-0.0320481099188328,-0.0344036482274532,-0.0367540940642357,-0.0390960872173309,-0.0414249449968338,-0.0431128852069378,-0.0429168492555618,-0.0410582534968853,-0.0384800806641579,-0.0357048958539963,-0.0329159498214722,-0.0301827751100063,-0.027492456138134,-0.0248291697353125,-0.0221696831285954,-0.0195170994848013,-0.0168835502117872,-0.0142625262960792,-0.0116687044501305,-0.0098446840420365,-0.0099641056731343,-0.0116598606109619,-0.0140101332217455,-0.016547866165638,-0.0190859921276569,-0.0211173836141825,-0.0213599130511284,-0.019812049344182,-0.0174141004681587,-0.0147453136742115,-0.0120681105181575,-0.0094146504998207,-0.0068174032494425,-0.0047159823589026,-0.0043952697888016,-0.0058520156890153,-0.008144786581397,-0.010683168657124,-0.0132534895092249,-0.0157747659832239,-0.0182556919753551,-0.0207115579396486,-0.0231495797634125,-0.0255817621946335,-0.02799585275352,-0.030115332454443,-0.0306520126760006,-0.0292684957385063,-0.0269141662865877,-0.0242412034422159,-0.0215258151292801,-0.0192345790565014,-0.0186678059399128,-0.0199479665607214,-0.0221455376595259,-0.0246245134621859,-0.0271367616951466,-0.0295990779995918,-0.0320212990045547,-0.0344231054186821,-0.0367972031235695,-0.0391692407429218,-0.0415339954197407,-0.0438903532922268,-0.0462480485439301,-0.0484052896499634,-0.049178309738636,-0.0479870066046715,-0.0456736832857132,-0.0429642871022224,-0.0401652418076992,-0.0376530215144157,-0.0367052629590034,-0.0377031862735748,-0.0397585108876228,-0.0421489886939526,-0.0446018688380718,-0.0470214635133743,-0.0493996180593967,-0.0517493076622486,-0.0540772750973701,-0.0563906282186508,-0.0586990751326084,-0.0610019750893116,-0.0632866099476814,-0.0654736086726189,-0.0664995685219765,-0.0654893815517426,-0.0632204562425613,-0.0606050416827202,-0.0590738654136658,-0.0595573037862778,-0.0613376311957836,-0.063615620136261,-0.0659933835268021,-0.0683507546782494,-0.0706606358289719,-0.0729395747184753,-0.0752054527401924,-0.07746372371912,-0.079713761806488,-0.0819645896553993,-0.0842109620571136,-0.0864458084106445,-0.0886910408735275,-0.0908604264259338,-0.0920554548501968,-0.0912666767835617,-0.0890525132417679,-0.0862790867686272,-0.083371065557003,-0.0804822221398354,-0.0776382237672806,-0.0748859792947769,-0.0731138437986374,-0.073353074491024,-0.07501520216465,-0.0772396922111511,-0.0795959010720253,-0.0819389969110489,-0.0842283815145493,-0.0864892899990082,-0.088735431432724,-0.0909827724099159,-0.0932196080684662,-0.0954425260424614,-0.0968960076570511,-0.0964023396372795,-0.0943449661135674,-0.0916319936513901,-0.0887178331613541,-0.0858469232916832,-0.0838858932256699,-0.083935409784317,-0.0855125263333321,-0.0876961499452591,-0.0900263339281082,-0.092338427901268,-0.0946069061756134,-0.0968566313385963,-0.0990877524018288,-0.101304739713669,-0.10351800173521,-0.105724982917309,-0.107916958630085,-0.11010430753231,-0.111717507243156,-0.111514195799828,-0.109596714377403,-0.106894806027412,-0.104514248669147,-0.103960908949375,-0.105156153440475,-0.107166022062302,-0.1094074472785,-0.111683085560799,-0.113919377326965,-0.116121016442776,-0.118276953697205,-0.120431914925575,-0.122579090297222,-0.124726548790932,-0.126868709921837,-0.128994405269623,-0.131121456623077,-0.13324186205864,-0.134981140494347,-0.13501849770546,-0.13321790099144,-0.13051825761795,-0.127537757158279,-0.124521411955357,-0.121548980474472,-0.118620917201042,-0.11573252081871,-0.112855345010757,-0.109989687800407,-0.107142046093941,-0.104305312037468,-0.10147188603878,-0.0986549705266953,-0.0958575382828712,-0.0934584587812424,-0.0927447006106377,-0.0938776731491089,-0.0959149450063705,-0.0979927331209183,-0.0986318439245224,-0.097308374941349,-0.0948841199278831,-0.0920919701457024,-0.0892403796315193,-0.086424209177494,-0.0836586356163025,-0.0809296518564224,-0.07822285592556,-0.0755214393138885,-0.0728268846869469,-0.0703912004828453,-0.0694617554545403,-0.0704610571265221,-0.0725111663341522,-0.074909120798111,-0.0773688852787018,-0.0797843188047409,-0.0821487605571747,-0.0843445211648941,-0.0852406695485115,-0.0841392427682877,-0.0818542093038559,-0.0791387856006622,-0.0763388872146606,-0.0735776573419571,-0.0708507224917412,-0.0681569054722786,-0.0654802396893501,-0.0628119185566902,-0.0601523295044899,-0.057657815515995,-0.0564537569880486,-0.0572517737746239,-0.0592577680945396,-0.0616780184209347,-0.0641804188489914,-0.066654697060585,-0.0690829455852509,-0.071399450302124,-0.072644516825676,-0.0718725100159645,-0.0697410926222801,-0.06710584461689,-0.0643501132726669,-0.0617323704063892,-0.0603383705019951,-0.0609749406576157,-0.0628791376948357,-0.0652540102601051,-0.0677365213632584,-0.070183664560318,-0.0725881010293961,-0.074951097369194,-0.0773053765296936,-0.0796467363834381,-0.0819683596491814,-0.0842862650752068,-0.0865951403975487,-0.0888639464974403,-0.0902836471796036,-0.0897228345274925,-0.0876642018556595,-0.0849913507699966,-0.0821538269519806,-0.0793723091483116,-0.0776178762316704,-0.0778997093439102,-0.0796079263091087,-0.0818706154823303,-0.0842652022838593,-0.0866438522934914,-0.0889685228466988,-0.0912615209817886,-0.0935380160808563,-0.095806673169136,-0.0980636179447174,-0.10031982511282,-0.10256764292717,-0.10480585694313,-0.10638190805912,-0.106057077646255,-0.104080259799957,-0.101392708718777,-0.0985029339790344,-0.0955981537699699,-0.0927437916398048,-0.08993049710989,-0.0871483460068703,-0.0843903943896294,-0.0816378444433212,-0.0789094492793083,-0.0768414959311485,-0.0766695216298103,-0.0781477838754654,-0.0803503021597862,-0.0827523693442345,-0.0851586759090424,-0.0875073969364166,-0.0898137539625168,-0.0916445106267929,-0.0917114317417145,-0.0900093838572502,-0.0874556303024292,-0.0846372246742249,-0.0817905515432358,-0.0789999589323997,-0.0762600526213646,-0.0740134716033936,-0.0735443979501724,-0.0748512446880341,-0.0769959539175034,-0.0793908089399338,-0.0818174406886101,-0.0841937586665154,-0.0865222439169884,-0.0888362154364586,-0.0911283865571022,-0.0934160947799683,-0.0956867039203644,-0.0976634845137596,-0.0980395153164864,-0.0965116322040558,-0.0940162390470505,-0.0911993682384491,-0.0883305445313454,-0.0855061933398247,-0.0827257633209229,-0.0799810662865639,-0.0772510170936584,-0.0749150216579437,-0.0742716193199158,-0.0754663273692131,-0.0775692835450172,-0.0799573063850403,-0.0823718011379242,-0.0847388878464699,-0.0870703905820847,-0.0893732011318207,-0.0916624665260315,-0.0937546119093895,-0.094451442360878,-0.0931862816214561,-0.0908021479845047,-0.0882083997130394,-0.0869446471333504,-0.0876870006322861,-0.0895726978778839,-0.0918586030602455,-0.0942276194691658,-0.0965657383203506,-0.0988578051328659,-0.101113773882389,-0.10335960239172,-0.105606183409691,-0.107845604419708,-0.11007134616375,-0.112280525267124,-0.114486411213875,-0.116679579019547,-0.118768729269505,-0.11965449899435,-0.118513844907284,-0.116134226322174,-0.113279432058334,-0.11032385379076,-0.107389405369759,-0.104517832398415,-0.101680852472782,-0.0988724604249001,-0.0960632562637329,-0.0932650864124298,-0.0904872491955757,-0.0877154022455215,-0.0851041078567505,-0.0837937444448471,-0.0844823569059372,-0.0863794684410095,-0.0886949300765991,-0.0910852029919624,-0.0933850407600403,-0.094688206911087,-0.0939754918217659,-0.0918377637863159,-0.0891437381505966,-0.0863071903586388,-0.0834867507219315,-0.0807103663682938,-0.0779763758182526,-0.0752646923065186,-0.0725682005286217,-0.0698754191398621,-0.0671897679567337,-0.0645190104842186,-0.0618608929216862,-0.0592174604535103,-0.056642223149538,-0.0550391674041748,-0.0554351545870304,-0.0572411939501762,-0.059596486389637,-0.0613447278738022,-0.0611343719065189,-0.0593184754252434,-0.0568400248885155,-0.054914727807045,-0.0549188181757927,-0.0565349720418453,-0.058837354183197,-0.0613257549703121,-0.063824474811554,-0.0662702023983002,-0.068673275411129,-0.0710518509149551,-0.0734226554632187,-0.075784757733345,-0.0781296789646149,-0.080469124019146,-0.0828016027808189,-0.0851201191544533,-0.0874272286891937,-0.0891772359609604,-0.0890917330980301,-0.087290994822979,-0.0847099795937538,-0.0818963646888733,-0.0790700539946556,-0.0762877687811852,-0.0735520869493484,-0.0714050605893135,-0.0710972398519516,-0.0724996328353882,-0.0746834129095078,-0.0770832598209381,-0.0794904083013535,-0.0818541795015335,-0.0841856673359871,-0.0864942297339439,-0.0887839049100876,-0.0910690575838089,-0.0933487564325333,-0.0956141129136086,-0.0978726521134377,-0.100126057863235,-0.102375067770481,-0.104618832468987,-0.106855571269989,-0.10908742249012,-0.11130702495575,-0.113511443138123,-0.11570230871439,-0.117412433028221,-0.117346689105034,-0.115522161126137,-0.11284738779068,-0.109915368258953,-0.106958605349064,-0.104055263102055,-0.101201422512531,-0.0983653515577316,-0.095550462603569,-0.0930049493908882,-0.0919593572616577,-0.0928532853722572,-0.0947909355163574,-0.0970833301544189,-0.0994306579232216,-0.101425252854824,-0.101788528263569,-0.100248172879219,-0.0977379828691483,-0.0949017554521561,-0.0920195654034615,-0.0891826525330544,-0.0863949209451675,-0.0836314857006073,-0.0808863043785095,-0.0781547278165817,-0.0754397436976433,-0.0727273225784302,-0.0700337141752243,-0.0674941837787628,-0.0662630051374435,-0.0670271962881088,-0.0689751803874969,-0.0713465809822083,-0.0738133639097214,-0.0762511119246483,-0.0786371454596519,-0.080984465777874,-0.0833171308040619,-0.0856439918279648,-0.0879562497138977,-0.090257503092289,-0.0925527662038803,-0.0946682095527649,-0.0953633561730385,-0.094069741666317,-0.0916774570941925,-0.0889069586992264,-0.086059644818306,-0.0833260118961334,-0.0817078948020935,-0.0821178629994392,-0.0838893130421638,-0.0861546546220779,-0.0885451659560204,-0.0909163877367973,-0.0932364016771317,-0.0955265983939171,-0.0978009253740311,-0.100065805017948,-0.102321639657021,-0.104497186839581,-0.105582237243652,-0.104660198092461,-0.102407082915306,-0.0996331200003624,-0.0967352986335754,-0.0938586518168449,-0.0910408943891525,-0.0882976502180099,-0.0864390954375267,-0.0865494608879089,-0.0881569087505341,-0.0903753340244293,-0.0927339643239975,-0.0950891599059105,-0.0973916724324226,-0.0996319651603699,-0.10100282728672,-0.100401684641838,-0.098305881023407,-0.0955982953310013,-0.0927262827754021,-0.0898591130971909,-0.0870427414774895,-0.0842656865715981,-0.0815151929855347,-0.0787748321890831,-0.0760439485311508,-0.0733364373445511,-0.0712853670120239,-0.0711342394351959,-0.0726454630494118,-0.0748711749911308,-0.0772946700453758,-0.0797242596745491,-0.0821038484573364,-0.0844472795724869,-0.0867670997977257,-0.089064285159111,-0.0913568362593651,-0.0936392098665237,-0.0952579975128174,-0.0949897170066833,-0.0930789113044739,-0.0904451087117195,-0.0876090377569199,-0.0847709476947784,-0.0819802582263947,-0.0792398303747177,-0.0769908502697945,-0.0765151232481003,-0.0778137072920799,-0.0799432992935181,-0.0818842649459839,-0.0820868760347366,-0.0804561972618103,-0.0779644623398781,-0.0751889422535896,-0.0723860561847687,-0.069639727473259,-0.0669339075684547,-0.0642556995153427,-0.0615844205021858,-0.0589251257479191,-0.0562849752604961,-0.0536467581987381,-0.0510131269693375,-0.0483885705471039,-0.0457821935415268,-0.0434848293662071,-0.0427992828190327,-0.0440232902765274,-0.0462108924984932,-0.0487082563340664,-0.0512504801154137,-0.0537564978003502,-0.0562077388167381,-0.0586321093142033,-0.0610433369874954,-0.0634406879544258,-0.0658266842365265,-0.0678952634334564,-0.0683806017041206,-0.0669776722788811,-0.0645985305309296,-0.0619011484086514,-0.0591515079140663,-0.0564334988594055,-0.0537537932395935,-0.0513094887137413,-0.0502800866961479,-0.0512175373733044,-0.053268626332283,-0.0555368810892105,-0.0564685799181461,-0.0553916208446026,-0.0531648062169552,-0.0505304224789143,-0.0478115677833557,-0.0451237261295319,-0.0424810796976089,-0.0398711748421192,-0.0372836999595165,-0.0347014926373959,-0.032137606292963,-0.029576238244772,-0.0270258896052837,-0.0244884230196476,-0.0219586528837681,-0.0195378176867962,-0.018322791904211,-0.0191217642277479,-0.0211760513484478,-0.0236882213503122,-0.0263091903179884,-0.0289007760584354,-0.0314500331878662,-0.0339554809033871,-0.0364479199051857,-0.0389271080493927,-0.041388988494873,-0.0438465550541878,-0.046293843537569,-0.0487180799245834,-0.0511461347341537,-0.0534666106104851,-0.0545884296298027,-0.0536886118352413,-0.0515328645706177,-0.0489687584340572,-0.0472671315073967,-0.047576054930687,-0.0493364930152893,-0.0516807921230793,-0.0541631877422333,-0.0566371418535709,-0.0590536631643772,-0.0614409819245338,-0.0638027936220169,-0.0660779252648354,-0.0672840774059296,-0.0664724111557007,-0.0643150955438614,-0.0616544634103775,-0.0588781610131264,-0.0561201199889183,-0.0534121692180634,-0.0507332235574722,-0.0480760261416435,-0.0454481542110443,-0.0435868240892887,-0.0436921864748001,-0.0453505739569664,-0.0476616472005844,-0.0501578599214554,-0.0526430979371071,-0.0550927147269249,-0.0575030297040939,-0.05988684669137,-0.0622564069926739,-0.06462412327528,-0.0669592767953873,-0.0685377418994904,-0.0681829303503036,-0.0662543624639511,-0.0636653676629066,-0.0608965829014778,-0.0581252947449684,-0.0554002225399017,-0.0527134463191032,-0.0506187155842781,-0.0503715537488461,-0.0518239960074425,-0.054054856300354,-0.056517343968153,-0.0589761584997177,-0.0607392117381096,-0.060587577521801,-0.0587776377797127,-0.0562462583184242,-0.0535045489668846,-0.0507582761347294,-0.0480634644627571,-0.0454015880823135,-0.0427726469933987,-0.0401552468538284,-0.0375504158437252,-0.0349503606557846,-0.0323637202382088,-0.029778191819787,-0.027592146769166,-0.0271153450012207,-0.028471726924181,-0.0307243410497904,-0.0328771658241749,-0.0333985164761543,-0.0320508182048798,-0.0297520849853754,-0.0271551553159952,-0.0245131924748421,-0.021910522133112,-0.0193517562001944,-0.0168207474052906,-0.0142974443733692,-0.0117967305704951,-0.0093084117397666,-0.0068164090625941,-0.0043407040648162,-0.0018669154960662,0.0005943704163655,0.0027952510863542,0.0034928142558783,0.0022687977179884,-6.61797457723878e-06,-0.0026299415621906,-0.0053072716109454,-0.0079461010172963,-0.0105476239696145,-0.0131170973181725,-0.0156689286231995,-0.018211355432868,-0.0207429155707359,-0.0232589859515429,-0.0257649403065443,-0.0282592587172985,-0.030743669718504,-0.0329686217010021,-0.0336942933499813,-0.032475546002388,-0.0302168764173985,-0.0277574062347412,-0.0265368819236755,-0.0273307226598263,-0.029354814440012,-0.0318148732185364,-0.0343565791845322,-0.0368702486157417,-0.0393317267298698,-0.0417723655700684,-0.0441913604736328,-0.0466065220534801,-0.0490035265684128,-0.0513886921107769,-0.0537658520042896,-0.0559623278677464,-0.0567286685109138,-0.0555274412035942,-0.0532197579741478,-0.0505215488374233,-0.0477578639984131,-0.0451079793274403,-0.0435812398791313,-0.0440898612141609,-0.0459620878100395,-0.0482483580708504,-0.0495830401778221,-0.0489107929170132,-0.0468476749956608,-0.0442443266510963,-0.0415157862007618,-0.03880575299263,-0.0361445359885693,-0.0335142202675343,-0.030902661383152,-0.0283015854656696,-0.0257206466048956,-0.0231406893581152,-0.0205739755183458,-0.0180136803537607,-0.0154600329697132,-0.0129541009664536,-0.0113215232267976,-0.0116718970239162,-0.0135110225528479,-0.0159544870257378,-0.0185640640556812,-0.021163385361433,-0.023710498586297,-0.0262168422341347,-0.0287095382809639,-0.0311952922493219,-0.0336598083376884,-0.0360852554440498,-0.0376613214612007,-0.0372398793697357,-0.0353245250880718,-0.0328023582696915,-0.0301253199577332,-0.0274478923529387,-0.0248160623013973,-0.0222341306507587,-0.020333057269454,-0.0203501414507627,-0.0220107864588499,-0.024363299831748,-0.0269239656627178,-0.0294658169150352,-0.0312164220958948,-0.0309970192611217,-0.0291846711188555,-0.0267103873193264,-0.024050060659647,-0.0213954206556082,-0.0187941938638687,-0.0162285678088665,-0.0136807654052973,-0.0111512299627066,-0.0086284289136529,-0.0061263949610292,-0.0036242685746401,-0.0011434574844315,0.0008593993261456,0.0011011937167495,-0.0004349155351519,-0.002800275105983,-0.0054320595227181,-0.0080932369455695,-0.0106965415179729,-0.0132531356066465,-0.0157792512327433,-0.0183019302785397,-0.020822387188673,-0.0233235787600279,-0.0258137360215187,-0.0282978620380163,-0.0302075911313295,-0.0302688628435135,-0.0286290161311626,-0.0262131560593843,-0.0235737599432468,-0.0209089890122414,-0.0185954738408327,-0.0179382637143135,-0.0191923696547747,-0.0214014686644077,-0.0239290222525597,-0.0264981221407652,-0.0290248896926641,-0.0315084382891655,-0.0339629650115967,-0.0364064648747444,-0.03845289722085,-0.0388097837567329,-0.0373322516679764,-0.034950215369463,-0.0322874821722507,-0.0295862220227718,-0.0269172135740519,-0.024291880428791,-0.0217001140117645,-0.0191223323345184,-0.0167549643665552,-0.0158020257949829,-0.0168127063661814,-0.0189424362033606,-0.02144430950284,-0.024026732891798,-0.0263333711773157,-0.0270898900926113,-0.0258911848068237,-0.0236484222114086,-0.0210488680750132,-0.0183887500315905,-0.0157705210149288,-0.0131968632340431,-0.0106418952345848,-0.0081140026450157,-0.0055983774363994,-0.0030945353209972,-0.0006068556685931,0.0018797204829752,0.0042579164728522
0.0742519274353981,0.0742766559123993,0.072315514087677,0.069452702999115,0.0668325573205948,0.0661618858575821,0.0675270855426788,0.0698779001832008,0.0725398808717728,0.0752281025052071,0.0778709352016449,0.0804673135280609,0.0830330103635788,0.0855861157178879,0.0881257206201553,0.0906628668308258,0.0931917652487755,0.0957233309745789,0.098243311047554,0.100746139883995,0.102874912321568,0.103191271424294,0.101403176784515,0.0985389277338982,0.09532181173563,0.092048391699791,0.0888296663761139,0.0856715962290764,0.082910530269146,0.0819531828165054,0.0831203907728195,0.0853773057460785,0.0879918858408928,0.0906588360667229,0.0932846814393997,0.0958546251058578,0.098408155143261,0.100945577025414,0.103473678231239,0.105987347662449,0.108282722532749,0.108967989683151,0.107432141900063,0.104677751660347,0.101485282182693,0.0982189029455185,0.0952866300940514,0.09408900141716,0.0951012372970581,0.0972900241613388,0.0998744294047356,0.102521948516369,0.105128988623619,0.107685811817646,0.110193207859993,0.112698301672935,0.115197047591209,0.117681488394737,0.120155349373817,0.12261700630188,0.12494270503521,0.125911682844162,0.124630346894264,0.121942937374115,0.118856079876423,0.117000035941601,0.117434784770012,0.119323492050171,0.121759995818138,0.124327138066292,0.126867234706879,0.129360124468803,0.131810203194618,0.134237170219421,0.136663049459457,0.139071404933929,0.141477629542351,0.143870085477829,0.146255940198898,0.148639887571335,0.15095454454422,0.152157202363014,0.151095122098923,0.148474127054214,0.145237356424332,0.141848474740982,0.138488665223122,0.135186150670052,0.131921961903572,0.128691673278809,0.125474885106087,0.122265219688416,0.119067639112473,0.115888260304928,0.112731695175171,0.109587028622627,0.106508389115334,0.104557432234287,0.104861922562122,0.106746509671211,0.109232515096664,0.110997341573238,0.110564291477203,0.108341105282307,0.105370730161667,0.102180913090706,0.0989928767085075,0.0958712548017502,0.0927940905094147,0.089745432138443,0.086706317961216,0.0836805552244186,0.0806795284152031,0.0785681158304214,0.0786417126655579,0.0804689526557922,0.0830342397093773,0.0857963785529137,0.0885571390390396,0.0912572667002678,0.0939234793186188,0.0959059596061707,0.0957992970943451,0.0937941148877144,0.0909234583377838,0.0878067687153816,0.0846817120909691,0.081599660217762,0.0785708203911781,0.0755697712302208,0.0725827515125275,0.0696018859744072,0.0666382908821106,0.0643244236707687,0.0640798732638359,0.0657566487789154,0.0683010816574097,0.0710996761918068,0.0739059150218964,0.0766600370407104,0.0793830156326294,0.0816227719187737,0.081940084695816,0.0801966115832329,0.0774550959467888,0.0743973702192307,0.0713126063346863,0.0688198208808899,0.0683435350656509,0.0698777735233307,0.0723556131124496,0.0751250833272934,0.0779228806495667,0.0806697458028793,0.0833638459444046,0.0860345065593719,0.088680163025856,0.0913239270448685,0.0939607322216034,0.0965760424733162,0.0991853922605515,0.101479381322861,0.102048128843307,0.100468799471855,0.0977347269654274,0.0946012735366821,0.0914077311754227,0.0886099189519882,0.0876796320080757,0.0889017879962921,0.0912112295627594,0.0938718989491463,0.0965829491615295,0.0992563739418983,0.101873189210892,0.104461804032326,0.107035756111145,0.109588302671909,0.112126022577286,0.114656068384647,0.117180377244949,0.11951906979084,0.120389632880688,0.119002975523472,0.116309344768524,0.113140374422073,0.109881982207298,0.106658674776554,0.103490889072418,0.100368320941925,0.0972648337483406,0.094165675342083,0.0910797789692879,0.0881912261247635,0.0867727547883987,0.0875953659415245,0.0897428095340729,0.0923665091395378,0.0950868725776672,0.0977795124053955,0.100414901971817,0.102918177843094,0.104160994291306,0.103151224553585,0.100663006305695,0.0976123511791229,0.0944159328937531,0.0912574976682663,0.0881558433175087,0.0851850658655167,0.0834597498178482,0.0839959532022476,0.0860236063599586,0.0886313319206238,0.0913693606853485,0.0940907970070839,0.0967543870210648,0.0993776917457581,0.101980745792389,0.104573875665665,0.107153713703156,0.109685868024826,0.111233361065388,0.110509179532528,0.108141750097275,0.105102226138115,0.101891472935677,0.09869384765625,0.0955569297075272,0.0924538969993591,0.0893889591097832,0.0864001363515854,0.084534652531147,0.0849124938249588,0.0868648737668991,0.089430034160614,0.0921584963798523,0.0948670729994774,0.0975191667675972,0.100137338042259,0.102733127772808,0.105299398303032,0.10709148645401,0.106753766536713,0.104593120515347,0.101642817258835,0.0991872996091843,0.098894014954567,0.100479274988174,0.102891802787781,0.105539806187153,0.108206979930401,0.110831692814827,0.113403245806694,0.115936502814293,0.11846312135458,0.120982751250267,0.123483277857304,0.12597668170929,0.12846377491951,0.130935460329056,0.133394494652748,0.13532130420208,0.135217159986496,0.133134394884109,0.130131661891937,0.126851111650467,0.123525902628899,0.120261922478676,0.117049992084503,0.113874554634094,0.11072900891304,0.107582405209541,0.104459017515182,0.101344011723995,0.098243460059166,0.0957974493503571,0.0954172685742378,0.0969746559858322,0.0993932262063026,0.102060616016388,0.104750230908394,0.107006788253784,0.107405215501785,0.105681002140045,0.102891206741333,0.0997456461191177,0.0965587198734283,0.0934194326400757,0.0903398171067238,0.08729238063097,0.0842525139451027,0.081224113702774,0.078216589987278,0.0752233490347862,0.0722348615527153,0.0692625790834427,0.0662916749715805,0.0637012720108032,0.0629270970821381,0.0642679557204247,0.066684365272522,0.0692345425486565,0.0702164620161057,0.0689700394868851,0.0664573684334755,0.0637304335832596,0.0624736547470093,0.0634662732481956,0.0657535567879677,0.0684864223003387,0.0713214054703712,0.0741094797849655,0.0768443197011948,0.0795411691069603,0.0822157561779022,0.084888368844986,0.0875517204403877,0.0902071297168732,0.0928444266319275,0.0954723581671715,0.0980831384658813,0.100550428032875,0.101662009954453,0.100515812635422,0.0979639291763306,0.0948946326971054,0.0917041301727295,0.0885463356971741,0.085443526506424,0.0825208723545074,0.0809518024325371,0.0816393941640854,0.0837318003177643,0.0863592624664307,0.0890982896089554,0.0918056219816208,0.094457745552063,0.0970791503787041,0.0996784716844559,0.102271854877472,0.104856386780739,0.107421688735485,0.109985649585724,0.112530767917633,0.115070208907127,0.117602616548538,0.120114758610725,0.122608549892902,0.125095829367638,0.127576321363449,0.130042016506195,0.132405772805214,0.133516728878021,0.132371008396149,0.129749685525894,0.126562193036079,0.123234815895557,0.11993832141161,0.116692088544369,0.113485306501389,0.110311537981033,0.107187256217003,0.104936271905899,0.104885898530483,0.106590256094933,0.109030000865459,0.1116698756814,0.114259943366051,0.115795612335205,0.115079194307327,0.112701565027237,0.109645187854767,0.10641847550869,0.103198356926441,0.100044138729572,0.0969327539205551,0.0938529521226883,0.0907822251319885,0.0877175107598305,0.0846713930368423,0.0816403850913048,0.0786241590976715,0.0762583985924721,0.0759746432304382,0.07760189473629,0.0800895839929581,0.0828426703810692,0.085613839328289,0.0883372202515602,0.0910081118345261,0.0936527252197266,0.0962849706411362,0.0989025384187698,0.101513005793095,0.104121208190918,0.106698825955391,0.10851588845253,0.108144856989384,0.105968683958054,0.103003710508347,0.0998104363679886,0.0966159999370575,0.0939240455627441,0.0931709930300713,0.0944977998733521,0.0968460813164711,0.0995013788342476,0.102198995649815,0.10485078394413,0.107448875904083,0.110016264021397,0.112565599381924,0.11510081589222,0.117632083594799,0.119690239429474,0.119835920631886,0.117931678891182,0.115035071969032,0.111813277006149,0.10855957120657,0.105349726974964,0.102190494537354,0.0993715077638626,0.0982701629400253,0.0993331372737885,0.101554162800312,0.104163147509098,0.106838926672935,0.109472520649433,0.11205518245697,0.114299356937408,0.114807456731796,0.113161236047745,0.110379196703434,0.107199527323246,0.1039649695158,0.100779116153717,0.0976507067680359,0.0945504009723663,0.091473214328289,0.0884089544415474,0.0853518024086952,0.0824844017624855,0.0810814499855042,0.0819538980722427,0.0841425806283951,0.0867970883846283,0.0895491391420364,0.0922658145427704,0.0949292033910751,0.0975668281316757,0.100181512534618,0.102788344025612,0.105383783578873,0.107773952186108,0.108681328594685,0.107356250286102,0.104722566902637,0.101620174944401,0.0984162241220474,0.0952496528625488,0.0921342670917511,0.0891522765159607,0.0874190479516983,0.0879379510879517,0.0899512767791748,0.0924502238631248,0.0938450768589973,0.0929384678602219,0.0905245766043663,0.087516725063324,0.0843622758984566,0.0812405869364738,0.0781811997294426,0.0751640722155571,0.0721548944711685,0.0691586509346962,0.0661877244710922,0.0632309168577194,0.0602793768048286,0.0573441237211227,0.0544113516807556,0.0515323877334595,0.0496144779026508,0.0499674379825592,0.0519764870405197,0.0546629205346107,0.0575264394283295,0.0603742003440857,0.0631724819540977,0.0659291744232178,0.0686603486537933,0.071376658976078,0.0740745067596436,0.0767202600836754,0.0783623158931732,0.0777783766388893,0.0755296275019646,0.072616882622242,0.0695287138223648,0.0664551332592964,0.06342414021492,0.0604605451226234,0.058277390897274,0.0582263991236687,0.0600070990622044,0.0625718533992767,0.0646126195788383,0.0644842386245728,0.0625131279230118,0.0597258508205414,0.0566936507821083,0.0536502823233604,0.0506628900766373,0.0477288886904716,0.0448245294392109,0.0419258140027523,0.0390376001596451,0.0361647345125675,0.0333037227392197,0.0304478276520967,0.0276069343090057,0.02477191016078,0.0224779583513737,0.0221986323595047,0.0239086579531431,0.0265385992825031,0.0294591002166271,0.0324029289186001,0.0353066399693489,0.0381509512662888,0.0409686081111431,0.0437679514288902,0.0465490967035294,0.0493212342262268,0.0520818084478378,0.0548258759081364,0.0575618036091328,0.060286357998848,0.0624571070075035,0.0626114755868912,0.0607813000679016,0.0580379888415337,0.0553750172257423,0.0544735826551914,0.0557271391153336,0.0581065900623798,0.0608618631958961,0.0636697188019753,0.0664376243948936,0.0691487193107605,0.0718215331435204,0.074479877948761,0.0766698345541954,0.0769357681274414,0.0751398876309395,0.0723685026168823,0.0692817345261574,0.0661645382642746,0.0630781948566437,0.0600560121238232,0.0570532605051994,0.054067637771368,0.0513128377497196,0.050173394382,0.0512443780899048,0.0535535402595997,0.0562973320484161,0.059116967022419,0.0619016475975513,0.0646244958043098,0.0673199519515038,0.069993644952774,0.0726594179868698,0.0753209888935089,0.077729731798172,0.0785411670804024,0.0771445855498314,0.0745239555835724,0.0714717209339142,0.0683431550860405,0.0652528628706932,0.0622181370854378,0.0593444742262363,0.0578364320099354,0.058591365814209,0.0607596673071384,0.0634431540966034,0.0662419497966766,0.068823479115963,0.0698526948690414,0.0686403661966324,0.0661154538393021,0.0631076395511627,0.0600104592740536,0.0569431483745575,0.0539402924478054,0.0509721972048283,0.0480316020548344,0.0451083704829216,0.0421851053833961,0.0392715446650982,0.0363640449941158,0.0335297472774982,0.0318127050995827,0.0323479734361172,0.034466315060854,0.0371308140456676,0.038834348320961,0.038284357637167,0.0361199788749218,0.0333109647035599,0.0303490236401558,0.0274057164788246,0.0245173126459122,0.0216599106788635,0.0188268832862377,0.0160190425813198,0.0132092935964465,0.0104096261784434,0.0076310108415782,0.0048436825163662,0.0020712532568723,-0.0006656245095655,-0.0025439569726586,-0.0022377229761332,-0.0001655824307817,0.0026411497965455,0.0056502348743379,0.0086557529866695,0.0115990079939365,0.0144996484741569,0.0173679087311029,0.0202325638383627,0.0230785477906466,0.0259146094322205,0.0287395585328341,0.0315442010760307,0.0343422517180443,0.0371009930968285,0.0389754362404346,0.0386631600558758,0.036594532430172,0.0337987877428532,0.031453937292099,0.0311772115528584,0.0328495539724827,0.0354192331433296,0.0382663905620575,0.0411265753209591,0.0439297780394554,0.0466923490166664,0.0494275763630867,0.0521408692002296,0.0548573471605778,0.0575555190443993,0.0602501928806305,0.062924399971962,0.0648175776004791,0.0645411610603333,0.0624532327055931,0.0595876574516296,0.0564975589513779,0.0534001030027866,0.0508020408451557,0.0501437187194824,0.0515770688652992,0.0540099591016769,0.0562908723950386,0.0566870234906673,0.0550152510404587,0.0523192025721073,0.0492869690060616,0.0462184920907021,0.0432017333805561,0.0402252972126007,0.0372903496026993,0.0343681313097477,0.0314531661570072,0.0285522453486919,0.0256632082164288,0.0227884743362665,0.0199226830154657,0.0170825235545635,0.0145400185137987,0.0137000177055597,0.0150249842554331,0.017505805939436,0.0203832611441612,0.0233245603740215,0.0262264087796211,0.0290767978876829,0.0318904295563698,0.0346922501921654,0.0374806672334671,0.0402462296187878,0.0427182465791702,0.0434720925986767,0.0420278944075108,0.0394606180489063,0.036506075412035,0.0334887988865376,0.0305176768451929,0.02759681455791,0.0248796120285988,0.0236266516149044,0.0246496107429266,0.0269817300140858,0.0297906417399645,0.0326877348124981,0.0353072732686996,0.036289568990469,0.035032331943512,0.032534584403038,0.0296132266521454,0.0266195368021727,0.0236685127019882,0.0207654368132353,0.0179041773080826,0.0150542473420501,0.0122161470353603,0.00939657445997,0.0065810577943921,0.0037780867423862,0.0010945048416033,-0.0003699611406773,0.0004265090392436,0.0027108213398605,0.0055765230208635,0.0085767898708581,0.0115484008565545,0.0144690331071615,0.0173404049128294,0.020192626863718,0.0230258330702782,0.0258597396314144,0.0286725033074617,0.0314544066786766,0.0341073386371136,0.0353800319135189,0.0343996286392212,0.032034732401371,0.0291490219533443,0.0261455494910479,0.0232145097106695,0.0212998110800982,0.0216706898063421,0.0237068347632885,0.026416826993227,0.0293068792670965,0.0321904122829437,0.0350072458386421,0.0377892404794693,0.04055080935359,0.043221291154623,0.0447488501667976,0.0440342575311661,0.0417623668909073,0.0388783887028694,0.0358461812138557,0.0328293889760971,0.0298639107495546,0.0269496962428093,0.024056414142251,0.0211835615336895,0.0190800484269857,0.0191153809428215,0.0209760162979364,0.0236323196440935,0.0265240389853716,0.0293953660875559,0.0313155949115753,0.0310067627578974,0.0289522930979729,0.0261778086423874,0.0232000220566988,0.0202354583889246,0.0173198617994785,0.0144526353105903,0.0116109903901815,0.0087826829403638,0.0059724412858486,0.0031726928427815,0.000375879346393,-0.0024065575562417,-0.0046463953331112,-0.004874141421169,-0.0031178863719105,-0.000444647972472,0.0025298863183707,0.0055259056389331,0.0084739103913307,0.011381889693439,0.0142566151916981,0.0171086471527815,0.0199470147490501,0.0227808728814125,0.025604248046875,0.0284179039299488,0.0312168523669243,0.0340141579508781,0.0362324230372906,0.036425843834877,0.0346486866474152,0.0319512784481049,0.0293482542037964,0.028515862300992,0.0298277214169502,0.0322605930268764,0.0350638441741467,0.0379161387681961,0.0407335534691811,0.0434965193271637,0.0462271235883236,0.0489327907562256,0.0511809848248959,0.0514974966645241,0.0497533604502678,0.047030832618475,0.0440020635724068,0.0409250855445862,0.0379010252654552,0.0349374748766422,0.0319952368736267,0.0290720872581005,0.0263843387365341,0.0252956077456474,0.0264177806675434,0.0287727825343609,0.0315691791474819,0.0344407558441162,0.0372816175222397,0.0400601364672184,0.0428116768598557,0.0455457679927349,0.0482700541615486,0.050983153283596,0.0536896660923958,0.0563837811350822,0.059072021394968,0.0617397576570511,0.0641738921403885,0.0649872049689293,0.0635952651500702,0.0609911158680916,0.0580972358584404,0.0564666017889977,0.0571031682193279,0.0592014603316784,0.0617011338472366,0.0629507005214691,0.0619310885667801,0.0594843700528145,0.0564947128295898,0.0533904246985912,0.0503115616738796,0.0472939014434814,0.0443131551146507,0.0413471683859825,0.0384047403931618,0.0354788638651371,0.03255620226264,0.0296537168323994,0.0267582964152098,0.0238774921745062,0.0210699681192636,0.0193871054798365,0.0199513584375381,0.0220882166177034,0.0248392410576344,0.0277527049183846,0.0306559298187494,0.0335005484521389,0.0363081246614456,0.0390883758664131,0.0417485907673836,0.0431463122367859,0.0422912612557411,0.0399674475193024,0.0370799079537392,0.0340602919459343,0.0310714244842529,0.0281365290284157,0.02523547783494,0.0223569665104151,0.0195202603936195,0.0175502076745033,0.0177710596472025,0.0197590533643961,0.0224509090185165,0.0244602747261524,0.0242774691432714,0.0223103705793619,0.0195853132754564,0.0166499838232994,0.0137227242812514,0.0108410865068436,0.0080096013844013,0.0052028791978955,0.0024067754857242,-0.0003722296969499,-0.0031535727903246,-0.0059185586869716,-0.0086771128699183,-0.0114230904728174,-0.014157016761601,-0.0162349548190832,-0.0162288118153811,-0.014309692196548,-0.0115506909787655,-0.009204470552504,-0.0089113600552082,-0.0105712227523327,-0.0131131485104561,-0.0159174147993326,-0.0187388807535172,-0.0215107426047325,-0.0242334958165884,-0.0269260872155428,-0.0296211913228035,-0.0323093459010124,-0.0349840819835663,-0.0376449525356293,-0.0402872860431671,-0.0429208986461163,-0.0455553457140923,-0.0477334074676037,-0.0479990020394325,-0.0461975336074829,-0.0434135347604752,-0.0403123125433922,-0.0371771790087223,-0.0340928174555302,-0.0310567505657673,-0.0280499812215567,-0.0250617414712906,-0.0220823232084513,-0.0191191472113132,-0.0161668043583632,-0.0132339186966419,-0.0108767207711935,-0.0105273853987455,-0.0121644707396626,-0.0147192571312189,-0.0175507925450802,-0.0204090774059296,-0.0229203701019287,-0.0236849933862686,-0.022275272756815,-0.0197085533291101,-0.0167379956692457,-0.0137156490236521,-0.0107302675023675,-0.0078049753792583,-0.0052225990220904,-0.0043667126446962,-0.0056665460579097,-0.0081121483817696,-0.0109463920816779,-0.0138450833037496,-0.016700679436326,-0.0195054225623608,-0.0222791060805321,-0.0250384584069252,-0.027782479301095,-0.0305197276175022,-0.0330767333507538,-0.0341496728360653,-0.0329577550292015,-0.0304727368056774,-0.0275125522166491,-0.0244502481073141,-0.0216640215367079,-0.0205375403165817,-0.021643191576004,-0.0239783953875303,-0.0267340075224638,-0.0295605883002281,-0.0323563516139984,-0.0351037159562111,-0.0378097966313362,-0.0405014045536518,-0.0431859157979488,-0.0458636172115803,-0.0485362112522125,-0.0511928051710129,-0.0537419952452183,-0.0550530254840851,-0.0541124939918518,-0.0516898408532143,-0.0486825294792652,-0.0455465391278267,-0.0425670705735683,-0.041034109890461,-0.0417794920504093,-0.0439274683594704,-0.0465751513838768,-0.049338337033987,-0.0520741567015648,-0.0547625795006752,-0.0574056841433048,-0.0600341707468033,-0.0626508146524429,-0.0652620866894722,-0.0678617358207703,-0.0704452693462372,-0.0729778856039047,-0.0745308548212051,-0.0738336145877838,-0.0714974775910378,-0.0685432255268097,-0.0664148554205894,-0.0665113478899002,-0.0682945474982262,-0.070780836045742,-0.0734595283865929,-0.0761417299509048,-0.0787566155195236,-0.0813306421041489,-0.0838819369673729,-0.086421012878418,-0.088964119553566,-0.0914879068732262,-0.09400475025177,-0.0965146273374557,-0.0990117341279984,-0.101484313607216,-0.103203892707825,-0.102786049246788,-0.100545987486839,-0.0975188016891479,-0.0942607298493385,-0.0910050719976425,-0.0878081768751144,-0.0846734046936035,-0.0823404341936111,-0.0821591913700104,-0.0838051959872246,-0.0862300843000412,-0.088880643248558,-0.0915405973792076,-0.0941522717475891,-0.0967116355895996,-0.0992459505796432,-0.101769022643566,-0.10428074747324,-0.106782786548138,-0.108737275004387,-0.108679078519344,-0.106644988059998,-0.103688433766365,-0.100443452596664,-0.0971877872943878,-0.0946435034275055,-0.0942409858107567,-0.0957685261964798,-0.0981298312544823,-0.100744068622589,-0.103371545672417,-0.10594679415226,-0.108471497893333,-0.11097527295351,-0.113460145890713,-0.115945279598236,-0.118422277271748,-0.12088617682457,-0.12334617972374,-0.125430822372437,-0.125701308250427,-0.123861707746983,-0.120944105088711,-0.118056163191795,-0.116951882839203,-0.11799393594265,-0.120138145983219,-0.122649490833282,-0.125215083360672,-0.127726152539253,-0.130188837647438,-0.132623851299286,-0.135053724050522,-0.137465432286263,-0.139861091971397,-0.142256140708923,-0.144646480679512,-0.147029802203178,-0.149402096867561,-0.151540458202362,-0.152066230773926,-0.150393694639206,-0.147503256797791,-0.144196510314941,-0.140817761421204,-0.137476474046707,-0.134189113974571,-0.130934521555901,-0.12770764529705,-0.124489799141884,-0.121287375688553,-0.118101358413696,-0.114928640425205,-0.111772321164608,-0.108628258109093,-0.105736300349236,-0.104470528662205,-0.105403572320938,-0.107565671205521,-0.11002141982317,-0.111208975315094,-0.110102370381355,-0.107564426958561,-0.104485690593719,-0.101282477378845,-0.0981215462088585,-0.0950169414281845,-0.0919485241174698,-0.0889037102460861,-0.0858689993619919,-0.0828499719500542,-0.0799738839268684,-0.0784861072897911,-0.0792539417743683,-0.0814033523201942,-0.0840678662061691,-0.0868439078330994,-0.0895937383174896,-0.0922782719135284,-0.094865009188652,-0.096327543258667,-0.0955345332622528,-0.0931677669286728,-0.0901802331209183,-0.0870396420359612,-0.0839164406061172,-0.0808539167046547,-0.0778349190950394,-0.0748378038406372,-0.0718459188938141,-0.0688689351081848,-0.065970242023468,-0.064198225736618,-0.0646862536668777,-0.0667447149753571,-0.0694195255637169,-0.0722383260726929,-0.0750303268432617,-0.0777663886547089,-0.080448754131794,-0.0822423994541168,-0.0818250849843025,-0.0796635523438454,-0.0767707601189613,-0.0736773535609245,-0.0706415697932243,-0.0686576366424561,-0.0689409971237183,-0.0709023550152779,-0.0735271349549294,-0.0763145834207535,-0.0790925398468971,-0.0818113833665848,-0.0844870507717133,-0.0871502012014389,-0.089785173535347,-0.0924159660935402,-0.0950280055403709,-0.0976249724626541,-0.100207611918449,-0.102132745087147,-0.101981960237026,-0.0999247878789902,-0.0970088094472885,-0.0938384383916855,-0.090660534799099,-0.0883191525936127,-0.0881820693612099,-0.0898625403642654,-0.0923320576548576,-0.0950202792882919,-0.0977146700024605,-0.100339986383915,-0.102921888232231,-0.105486109852791,-0.108042985200882,-0.110587857663631,-0.113119572401047,-0.115643098950386,-0.118148669600487,-0.120203547179699,-0.120341442525387,-0.118409551680088,-0.115492694079876,-0.112270049750805,-0.109004698693752,-0.105784505605698,-0.102622479200363,-0.0994991138577461,-0.0963927507400513,-0.0932867899537086,-0.0901993811130524,-0.0875924825668335,-0.0869182050228119,-0.0882876589894295,-0.0906465649604797,-0.093318335711956,-0.0960254892706871,-0.0986893251538277,-0.101301103830338,-0.103592112660408,-0.104150973260403,-0.102555066347122,-0.0998194813728333,-0.0966874584555626,-0.0934911146759987,-0.0903385877609253,-0.0872534662485123,-0.0845007002353668,-0.0834851637482643,-0.0846305638551712,-0.0869201868772507,-0.0895906016230583,-0.0923241302371025,-0.0950058102607727,-0.0976437926292419,-0.100249893963337,-0.102826312184334,-0.105387166142464,-0.107949778437614,-0.110330283641815,-0.111233115196228,-0.109878227114677,-0.107221238315105,-0.104088544845581,-0.100867331027985,-0.0976814180612564,-0.0945563390851021,-0.091460645198822,-0.0883855819702148,-0.0855708420276642,-0.0843912661075592,-0.085408590734005,-0.0876370370388031,-0.0902914330363274,-0.0930194705724716,-0.0957094952464104,-0.0983497202396393,-0.100944489240646,-0.103516072034836,-0.105984911322594,-0.107210628688335,-0.106180369853973,-0.103673532605171,-0.100690260529518,-0.0988335758447647,-0.099274531006813,-0.101226091384888,-0.103751078248024,-0.106417313218117,-0.109062559902668,-0.111643724143505,-0.114183276891708,-0.116706788539886,-0.119223363697529,-0.121724031865597,-0.124206319451332,-0.126690194010735,-0.129160925745964,-0.131621420383453,-0.134030476212502,-0.135437607765198,-0.134602040052414,-0.132135391235352,-0.128996059298515,-0.125691428780556,-0.122394576668739,-0.119148343801498,-0.11594545841217,-0.112770035862923,-0.10961227864027,-0.106474220752716,-0.103348158299923,-0.100235469639301,-0.0972022488713264,-0.095305398106575,-0.0956707969307899,-0.0976163744926453,-0.100169710814953,-0.102864190936089,-0.105519473552704,-0.107370711863041,-0.107038356363773,-0.10488011687994,-0.101928748190403,-0.0987482815980911,-0.095564030110836,-0.0924326851963997,-0.0893552452325821,-0.0863001793622971,-0.0832582116127014,-0.0802395641803741,-0.077229805290699,-0.0742306336760521,-0.0712486878037453,-0.0682662576436996,-0.0653272569179535,-0.0631701052188873,-0.0631431490182877,-0.0649434998631477,-0.0675326138734818,-0.0698054954409599,-0.0700725764036179,-0.0683214291930199,-0.0656117051839828,-0.0631721615791321,-0.0627081692218781,-0.0642482936382294,-0.0667452067136765,-0.0695530027151108,-0.0723750814795494,-0.0751446858048439,-0.0778658390045166,-0.0805584490299225,-0.0832376033067703,-0.0858993753790855,-0.0885505825281143,-0.091193251311779,-0.0938180238008499,-0.0964349359273911,-0.0990360081195831,-0.101248778402805,-0.101645603775978,-0.0999286696314812,-0.097137913107872,-0.0939939692616463,-0.0908057689666748,-0.0876626819372177,-0.0845723226666451,-0.0819002836942673,-0.0810766071081161,-0.0823540091514587,-0.0847039446234703,-0.0873831287026405,-0.090116523206234,-0.0927988439798355,-0.0954309031367302,-0.0980304703116417,-0.100618220865726,-0.10318561643362,-0.105750821530819,-0.10830020904541,-0.110842823982239,-0.113373890519142,-0.115894362330437,-0.118406236171722,-0.120913073420525,-0.123400464653969,-0.125870630145073,-0.128330036997795,-0.130785807967186,-0.132933184504509,-0.133352071046829,-0.13162425160408,-0.128757879137993,-0.125499576330185,-0.122182764112949,-0.118910618126392,-0.115682363510132,-0.112493805587292,-0.10933181643486,-0.106314845383167,-0.104682587087154,-0.105314999818802,-0.107340082526207,-0.109869815409184,-0.112512864172459,-0.114926777780056,-0.115813180804253,-0.114451088011265,-0.111771792173386,-0.10862147808075,-0.105381116271019,-0.102187931537628,-0.0990481525659561,-0.0959306657314301,-0.0928394496440887,-0.089765764772892,-0.0867085754871368,-0.0836591348052025,-0.0806197375059128,-0.0776576772332191,-0.0758507177233696,-0.0763005018234253,-0.0783039256930351,-0.0809124112129211,-0.0836853608489037,-0.0864353030920029,-0.089128240942955,-0.0917821675539017,-0.094413124024868,-0.0970327258110046,-0.0996465906500816,-0.10224175453186,-0.104825511574745,-0.107310742139816,-0.108533255755901,-0.107480257749557,-0.104963220655918,-0.101888731122017,-0.0986847281455994,-0.0955242663621902,-0.093304917216301,-0.0933317244052887,-0.0951135829091072,-0.0976062193512917,-0.100296273827553,-0.102980926632881,-0.105602040886879,-0.108171477913857,-0.11071752011776,-0.113247603178024,-0.115769885480404,-0.118257656693459,-0.119864463806152,-0.1192726790905,-0.116948843002319,-0.113899543881416,-0.110650882124901,-0.107396587729454,-0.10420498251915,-0.101063780486584,-0.0986285954713821,-0.0982832610607147,-0.0998298674821854,-0.102227158844471,-0.104873031377792,-0.107535630464554,-0.110136926174164,-0.112688452005386,-0.114564172923565,-0.114355504512787,-0.112251237034798,-0.109286546707153,-0.10606937110424,-0.102834194898605,-0.0996587201952934,-0.0965328961610794,-0.0934463366866112,-0.0903707891702652,-0.0873032584786415,-0.0842469185590744,-0.0816645696759224,-0.0810138136148453,-0.0824280381202698,-0.0848124623298645,-0.0875147581100464,-0.0902535691857338,-0.0929465293884277,-0.0955872386693954,-0.0982081145048141,-0.100801192224026,-0.10338881611824,-0.105962008237839,-0.108066350221634,-0.10825053602457,-0.106399923563004,-0.103547990322113,-0.100382097065449,-0.0971765667200089,-0.0940181016921997,-0.0909122079610825,-0.0881519764661789,-0.0871298909187317,-0.0882634297013283,-0.0905383080244064,-0.0929087027907372,-0.0936247706413269,-0.0921355932950974,-0.0894600078463554,-0.0863800197839737,-0.0832334235310555,-0.0801124721765518,-0.0770609974861145,-0.0740460157394409,-0.0710450485348701,-0.0680669918656349,-0.0650911182165146,-0.0621307864785194,-0.0591814257204533,-0.0562393069267273,-0.0533030852675438,-0.0505582205951214,-0.0493320524692535,-0.0503547973930836,-0.0526643134653568,-0.0554359406232834,-0.0583035051822662,-0.061130553483963,-0.063912108540535,-0.0666474774479866,-0.0693599879741669,-0.0720662549138069,-0.074755385518074,-0.0772479474544525,-0.0782574787735939,-0.0770350992679596,-0.0745026841759682,-0.0714915543794632,-0.0683842152357101,-0.0653240829706192,-0.0623110719025135,-0.0594465285539627,-0.0578531548380852,-0.0585129410028458,-0.0606447421014309,-0.0632479563355446,-0.0647400543093681,-0.0639376640319824,-0.0616180188953876,-0.0587074086070061,-0.0556592904031277,-0.0526318773627281,-0.0496662594377995,-0.0467413365840912,-0.0438298098742962,-0.0409253053367138,-0.0380283370614052,-0.0351435616612434,-0.0322756394743919,-0.0294138379395008,-0.0265660285949707,-0.0237726271152496,-0.0219927988946438,-0.0224587582051754,-0.0245567038655281,-0.0273203253746033,-0.0302594490349293,-0.0331890508532524,-0.0360551215708256,-0.0388691909611225,-0.0416712537407875,-0.0444559492170811,-0.0472227372229099,-0.0499871224164963,-0.0527450069785118,-0.0554894655942917,-0.0582206919789314,-0.0609103254973888,-0.0625863447785378,-0.0620201602578163,-0.0598047450184822,-0.0569371469318867,-0.0546776279807091,-0.0545637309551239,-0.0563057363033295,-0.0588662251830101,-0.0616442188620567,-0.0644326955080032,-0.0671712085604668,-0.0698681399226189,-0.0725346058607101,-0.0751676112413406,-0.0769123509526253,-0.0764449685811996,-0.0742376446723938,-0.0713117644190788,-0.0681928172707558,-0.0650737881660461,-0.0620117411017418,-0.0589888505637646,-0.0559908002614975,-0.0530104786157608,-0.0506128445267677,-0.0502323918044567,-0.0518328584730625,-0.0543312430381775,-0.0571160688996315,-0.0599330887198448,-0.0627036839723587,-0.0654163286089897,-0.0681064948439598,-0.0707807689905167,-0.0734419673681259,-0.0760909914970398,-0.0781757906079292,-0.0782508254051208,-0.0763536915183067,-0.0735276266932487,-0.070424348115921,-0.0672846063971519,-0.0642015784978867,-0.0611827671527863,-0.058581218123436,-0.057812325656414,-0.05915642157197,-0.0615585967898369,-0.0643066242337227,-0.0670933127403259,-0.069372646510601,-0.0696879997849464,-0.0679373815655708,-0.0652024820446968,-0.0621454417705536,-0.0590406432747841,-0.0559939853847027,-0.053001444786787,-0.0500399805605412,-0.0470947697758675,-0.0441563874483109,-0.0412333160638809,-0.0383238755166531,-0.0354282483458519,-0.0327818058431149,-0.0317552760243416,-0.0329333245754242,-0.035328533500433,-0.0379082150757313,-0.038982555270195,-0.0378221683204174,-0.0353761464357376,-0.0324804186820984,-0.0294969454407692,-0.0265538189560175,-0.0236685052514076,-0.0208222344517708,-0.0179907009005547,-0.0151641499251127,-0.0123537248000503,-0.0095554869621992,-0.0067646936513483,-0.0039899651892483,-0.0012218074407428,0.0013990396400913,0.0026544905267655,0.0016499059274792,-0.0007581098470836,-0.0036737034097313,-0.0066885072737932,-0.0096677578985691,-0.012589467689395,-0.0154710924252868,-0.018330093473196,-0.0211718901991844,-0.0240062642842531,-0.0268333945423365,-0.0296511948108673,-0.0324577391147614,-0.035257488489151,-0.037907138466835,-0.0391742736101151,-0.0381764620542526,-0.0357824116945267,-0.032943818718195,-0.0311488099396229,-0.0316188931465149,-0.0336865074932575,-0.0363859683275223,-0.0392364673316479,-0.0420750305056572,-0.0448590479791164,-0.0475939325988293,-0.0503186583518982,-0.0530225858092308,-0.0557216703891754,-0.0584078729152679,-0.0610831715166569,-0.0636550709605217,-0.0649635419249535,-0.0639945790171623,-0.0615667179226875,-0.0585849396884441,-0.0554615557193756,-0.0523969903588295,-0.0502906888723373,-0.0504223853349686,-0.0523028746247292,-0.0548552088439465,-0.0567191503942013,-0.0564020872116089,-0.0543095320463181,-0.0514614209532738,-0.0483909100294113,-0.0453287400305271,-0.0423186086118221,-0.0393457673490047,-0.0364011079072952,-0.0334752835333347,-0.0305616520345211,-0.0276601053774357,-0.024773059412837,-0.021897891536355,-0.0190337300300598,-0.0161888897418976,-0.0140324076637626,-0.013945740647614,-0.0157604664564133,-0.01842319406569,-0.0213364623486996,-0.0242658443748951,-0.02713917568326,-0.0299712512642145,-0.0327719561755657,-0.0355642884969711,-0.0383401326835155,-0.0410998538136482,-0.0431994497776031,-0.0431968234479427,-0.0412883646786213,-0.0385408885776997,-0.0355404391884804,-0.0325276963412762,-0.0295675005763769,-0.0266501121222973,-0.0242234691977501,-0.0237492006272078,-0.0253324434161186,-0.0278847441077232,-0.0307399928569794,-0.0336206182837486,-0.0358980745077133,-0.0361308418214321,-0.0343714281916618,-0.0316814891993999,-0.0287070646882057,-0.0257094111293554,-0.0227637514472008,-0.0198657251894474,-0.017004482448101,-0.0141531359404325,-0.011316517367959,-0.0084835216403007,-0.0056593189947307,-0.0028622371610254,-0.0003844287421088,0.0003745414724107,-0.0010251282947138,-0.0035550594329834,-0.0064735612832009,-0.0094535583630204,-0.0123929921537638,-0.0152816623449326,-0.0181380286812782,-0.0209810212254524,-0.0238156672567129,-0.0266287587583065,-0.0294383224099874,-0.0322339162230492,-0.0346363373100758,-0.0351996347308159,-0.0336535945534706,-0.0310537219047546,-0.0280993301421404,-0.0251027382910252,-0.0223316103219986,-0.021130234003067,-0.0221879482269287,-0.0245373323559761,-0.0273463986814022,-0.0302366651594639,-0.0330917462706566,-0.0358952395617962,-0.0386561192572117,-0.0414039567112923,-0.0439070202410221,-0.0447821021080017,-0.0434612631797791,-0.0409185364842415,-0.0379554852843285,-0.0349158234894276,-0.0319120772182941,-0.0289552453905344,-0.0260411687195301,-0.0231372117996216,-0.0203469693660736,-0.0188367608934641,-0.0195687375962734,-0.0217778570950031,-0.0245466865599155,-0.0274470113217831,-0.0301837921142578,-0.0315005220472813,-0.0305475704371929,-0.0281817018985748,-0.0253032594919205,-0.0223088543862104,-0.0193533580750227,-0.0164564400911331,-0.01359246019274,-0.0107512958347797,-0.0079186838120222,-0.0051006618887186,-0.0022931906860321,0.0005117632099427,0.0032542140688747,0.0049746045842766,0.0044534713961184,0.0022932321298867,-0.0005248810630291,-0.0035125215072184,-0.0064906105399131,-0.0094048120081424,-0.0122854523360729,-0.0151475882157683,-0.0179912578314543,-0.0208228528499603,-0.0236435793340206,-0.0264564473181963,-0.0292537584900856,-0.0320528857409954,-0.0347931608557701,-0.0365091226994991,-0.0359742492437363,-0.0337997078895569,-0.0309876352548599,-0.028792105615139,-0.0287450104951859,-0.0305418651551008,-0.0331556871533394,-0.0359933078289032,-0.0388332679867744,-0.0416242927312851,-0.0443725287914276,-0.0470999851822853,-0.0497832745313644,-0.0515877231955528,-0.0511722676455975,-0.0490176901221275,-0.0461510978639126,-0.0430816486477852,-0.0400136113166809,-0.0370000936090946,-0.0340434014797211,-0.0311168637126684,-0.0282078124582767,-0.025871280580759,-0.0255592428147793,-0.0272062420845032,-0.0297644846141338,-0.0326037779450417,-0.0354678928852081,-0.0382852330803871,-0.0410414226353168,-0.0437731854617596,-0.0465005971491337,-0.0492212325334549,-0.0519205704331398,-0.0546184778213501,-0.0573055148124695,-0.0599767901003361,-0.0626338645815849,-0.0647209212183952,-0.0647926032543182,-0.0628989711403847,-0.0600824877619743,-0.0573861934244633,-0.0564902275800705,-0.0577353984117508,-0.0600793920457363,-0.0624150559306145,-0.0629745498299599,-0.0613973364233971,-0.0587141811847687,-0.0556562021374702,-0.0525448061525822,-0.0494751930236816,-0.0464544184505939,-0.0434630997478962,-0.0405034199357033,-0.0375571027398109,-0.0346180200576782,-0.031687930226326,-0.028770949691534,-0.0258673243224621,-0.0229775682091713,-0.0203450452536345,-0.0193402227014303,-0.0205420777201653,-0.0229610688984394,-0.0257928408682346,-0.0287112966179848,-0.0315815545618534,-0.0344048924744129,-0.0371899530291557,-0.0399532541632652,-0.0423979237675667,-0.0431141704320908,-0.0416782572865486,-0.0390998236835003,-0.0361469052731991,-0.0331234633922577,-0.0301386900246143,-0.0272069796919823,-0.0243107881397009,-0.0214322488754988,-0.0187087990343571,-0.0173679869621992,-0.0182839799672365,-0.0205947663635015,-0.0232646875083447,-0.0246724523603916,-0.0238229930400848,-0.0215358026325703,-0.0187059082090855,-0.0157471429556608,-0.0128305153921247,-0.0099575500935316,-0.0071289469487965,-0.0043132952414453,-0.0015218262560665,0.0012765752617269,0.0040527796372771,0.0068198102526366,0.009579905308783,0.0123349288478494,0.0149981146678329,0.0165207888931036,0.0157946981489658,0.013515155762434,0.010699313133955,0.0088462866842746,0.0092620551586151,0.01128557510674,0.0139498375356197,0.0167774818837643,0.0195903517305851,0.022345183417201,0.0250663459300995,0.0277680512517691,0.0304618086665869,0.0331489406526089,0.0358243696391582,0.0384949296712875,0.0411553680896759,0.0438108667731285,0.0464284420013428,0.0481495335698128,0.0476644933223724,0.0454332903027534,0.042499803006649,0.0393748842179775,0.0362556353211403,0.0331839099526405,0.0301639754325151,0.0271795764565468,0.0242072436958551,0.0212464295327663,0.0182948913425207,0.0153570175170898,0.0124853709712625,0.010630358941853,0.0110155446454883,0.0130351977422833,0.0157262273132801,0.0185910798609257,0.0214385688304901,0.0235451459884644,0.0235315039753914,0.0216239243745804,0.0188681595027447,0.0158709585666656,0.0128615675494075,0.0099103255197405,0.007018026895821,0.0048105833120644,0.004699345678091,0.0064800754189491,0.0091131525114178,0.0119956051930785,0.0148918051272631,0.017738152295351,0.0205399934202433,0.0233174860477448,0.0260689593851566,0.0288127027451992,0.0315528474748135,0.0338248051702976,0.0341355241835117,0.0324038043618202,0.0296978317201138,0.0266812350600958,0.0236323159188032,0.0211970470845699,0.0208087246865034,0.0224086605012417,0.024939676746726,0.027746494859457,0.0305769257247448,0.0333442389965057,0.0360744781792164,0.0387758314609528,0.0414668396115303,0.0441534891724586,0.0468344241380692,0.049495454877615,0.0521579273045063,0.0544879660010338,0.0550820976495743,0.0535274334251881,0.0508413538336754,0.0477695502340794,0.0446278750896454,0.0419223792850971,0.0410908721387386,0.0423867702484131,0.0447563417255878,0.0474704392254353,0.0502358339726925,0.0529609993100166,0.0556336753070354,0.0582818016409874,0.0609096065163612,0.0635267943143845,0.0661386698484421,0.0687358900904655,0.0713281482458115,0.0737421214580536
-0.077068917453289,-0.0737806409597397,-0.0717078819870949,-0.0721695348620415,-0.0744899660348892,-0.0775198489427567,-0.0798359364271164,-0.0796915292739868,-0.0774402767419815,-0.0742714107036591,-0.0717754811048508,-0.0717403292655945,-0.0737802088260651,-0.0767210200428963,-0.0799337550997734,-0.0831450819969177,-0.0862919092178345,-0.0893799886107445,-0.092420868575573,-0.0954467579722404,-0.098463162779808,-0.101458534598351,-0.104461409151554,-0.107442244887352,-0.110391668975353,-0.113330066204071,-0.115582332015038,-0.115523755550385,-0.113262161612511,-0.109964460134506,-0.106349565088749,-0.102721720933914,-0.0991565138101578,-0.0956514701247215,-0.0928831472992897,-0.0924488827586174,-0.0942132472991943,-0.0969867780804634,-0.10008180886507,-0.103202998638153,-0.106243118643761,-0.109230026602745,-0.112196564674377,-0.1151352673769,-0.118059754371643,-0.120964303612709,-0.123848803341389,-0.126733422279358,-0.129603043198586,-0.132455736398697,-0.135298892855644,-0.138119667768478,-0.140933319926262,-0.14373904466629,-0.146533235907555,-0.149305611848831,-0.151518896222115,-0.151503071188927,-0.149186328053474,-0.145772963762283,-0.142018496990204,-0.138230949640274,-0.134510785341263,-0.130864053964615,-0.127249598503113,-0.123666167259216,-0.120393685996532,-0.119017362594604,-0.12012518197298,-0.122608490288258,-0.125558227300644,-0.128586515784264,-0.131208032369614,-0.131744608283043,-0.129834994673729,-0.12663896381855,-0.123012565076351,-0.119345374405384,-0.115721024572849,-0.112180009484291,-0.10866854339838,-0.105174481868744,-0.101704031229019,-0.098261795938015,-0.0948249399662018,-0.0913957431912422,-0.0881466045975685,-0.0865154787898064,-0.0874566212296486,-0.0899758785963058,-0.0930412709712982,-0.0962207466363907,-0.0993550717830658,-0.102427206933498,-0.105451114475727,-0.108443021774292,-0.111406303942204,-0.114361852407455,-0.117307282984257,-0.120235547423363,-0.122911661863327,-0.12385044246912,-0.122264221310616,-0.119205571711063,-0.115629032254219,-0.111976690590382,-0.108477249741554,-0.10637155175209,-0.106844894587994,-0.109065465629101,-0.111983403563499,-0.115070603787899,-0.118122726678848,-0.12110111117363,-0.124028138816357,-0.126915320754051,-0.129782855510712,-0.132644042372704,-0.135425180196762,-0.136882111430168,-0.135739773511887,-0.13285331428051,-0.129300743341446,-0.125586614012718,-0.121907763183117,-0.118297949433327,-0.114771373569965,-0.112313210964203,-0.112430080771446,-0.114464156329632,-0.11730383336544,-0.120358273386955,-0.123392343521118,-0.126355990767479,-0.129243910312653,-0.131058663129807,-0.130332469940186,-0.12766507267952,-0.124195039272308,-0.120513841509819,-0.116855844855309,-0.113263867795467,-0.109737426042557,-0.106242388486862,-0.10275574028492,-0.0992989763617516,-0.0958732068538666,-0.0932557135820389,-0.093050554394722,-0.0949516668915749,-0.0977979600429535,-0.100934684276581,-0.104076460003853,-0.107139781117439,-0.11014462262392,-0.113126859068871,-0.11607526242733,-0.119019635021687,-0.121954403817654,-0.124088823795319,-0.12378266453743,-0.121357187628746,-0.118008024990559,-0.114373609423637,-0.110731437802315,-0.107158146798611,-0.103650353848934,-0.100732728838921,-0.100068777799606,-0.101690247654915,-0.104409001767635,-0.106912910938263,-0.107253052294254,-0.1052525639534,-0.102078534662724,-0.0985405445098877,-0.0949607193470001,-0.0914520770311356,-0.0880068615078926,-0.0846067517995834,-0.0812259539961815,-0.0778594017028809,-0.0745041891932487,-0.0711598843336105,-0.0678286403417587,-0.0645116493105888,-0.0612052641808987,-0.0582965016365051,-0.0573869273066521,-0.0589070022106171,-0.0617203526198864,-0.0649461224675179,-0.0682355612516403,-0.0714660733938217,-0.0746324062347412,-0.0777414441108704,-0.0808355584740639,-0.083909198641777,-0.0869881063699722,-0.0896825045347214,-0.0903378278017044,-0.0885832458734512,-0.0855420827865601,-0.0820783525705338,-0.0785540044307709,-0.0750745162367821,-0.0716666877269745,-0.0685280710458755,-0.0671690851449966,-0.0683261901140213,-0.0709414333105087,-0.0738444626331329,-0.0751060321927071,-0.0738139972090721,-0.0710073634982109,-0.0676563009619713,-0.0641766786575317,-0.0607525706291199,-0.0574119165539742,-0.0541082322597504,-0.050824448466301,-0.0475570373237133,-0.0443012490868568,-0.0410608127713203,-0.0378240570425987,-0.0345907993614674,-0.0313694551587105,-0.0282870158553123,-0.0266966596245766,-0.0276528093963861,-0.030262628570199,-0.0335060097277164,-0.0368731133639812,-0.0402062237262726,-0.0434698760509491,-0.046689260751009,-0.0498763062059879,-0.0530349388718605,-0.0561919249594212,-0.0593187287449837,-0.0624334365129471,-0.065535768866539,-0.0686171501874924,-0.0715647265315056,-0.0730336159467697,-0.0719457194209099,-0.0691990479826927,-0.0658825561404228,-0.0636520385742188,-0.0639889314770699,-0.0662024021148682,-0.069184385240078,-0.0723703801631927,-0.0755483284592628,-0.0786478072404861,-0.0816977545619011,-0.0847084522247314,-0.0876183360815048,-0.0891720503568649,-0.0881753265857697,-0.0854343548417091,-0.082021102309227,-0.0784499123692513,-0.0749006941914558,-0.071418933570385,-0.0679967254400253,-0.0645975992083549,-0.0612464919686317,-0.0588276050984859,-0.0588838011026382,-0.060980811715126,-0.0639668703079224,-0.0671819597482681,-0.0703845918178558,-0.0735257565975189,-0.0766009390354156,-0.0796429663896561,-0.0826774761080742,-0.0857026502490044,-0.0886876359581947,-0.0907266885042191,-0.090317577123642,-0.087878443300724,-0.0845601856708527,-0.0809940695762634,-0.0774315595626831,-0.0739284232258797,-0.0705037117004395,-0.0677916929125786,-0.0674136355519295,-0.0692367479205132,-0.0720852315425873,-0.0752382725477219,-0.0783987492322922,-0.0807275027036667,-0.0805795267224312,-0.0782904773950577,-0.0750501453876495,-0.0715567320585251,-0.0680542290210724,-0.0646123513579369,-0.0612348839640617,-0.0578878335654736,-0.0545639507472515,-0.0512426570057869,-0.0479350537061691,-0.0446357317268848,-0.0413492918014526,-0.038542564958334,-0.0378671027719975,-0.039568904787302,-0.0424729660153389,-0.045272670686245,-0.0460018403828144,-0.0443347617983818,-0.0414323434233665,-0.038117989897728,-0.034749336540699,-0.0314257107675076,-0.0281558446586132,-0.0249227024614811,-0.0217113122344017,-0.0185245182365179,-0.0153555013239384,-0.0121903456747532,-0.0090298540890216,-0.0058739301748573,-0.0027414711657911,8.29017444630153e-05,0.0010126924607902,-0.0005266858497634,-0.003431680612266,-0.0068031139671802,-0.0102340774610639,-0.0136238699778914,-0.0169634521007538,-0.0202582143247128,-0.0235274136066437,-0.0267653875052929,-0.0299919471144676,-0.0332108959555626,-0.0364140458405018,-0.0396152809262276,-0.0427909307181835,-0.0456342697143555,-0.0466067120432854,-0.0451011955738068,-0.042215958237648,-0.0390372797846794,-0.0373878329992294,-0.0383503176271915,-0.0409017466008663,-0.0440322533249855,-0.0472858548164368,-0.0505051165819168,-0.0536674968898296,-0.0567809194326401,-0.0598661452531815,-0.0629404485225677,-0.065991535782814,-0.0690335780382156,-0.0720550641417503,-0.0748398154973984,-0.0758630111813545,-0.0743669793009758,-0.0714203342795372,-0.0679435580968857,-0.064374104142189,-0.0609644278883934,-0.0589635707437992,-0.0595526024699211,-0.0619055889546871,-0.0648522600531578,-0.0666318014264107,-0.0658138245344162,-0.0631828606128693,-0.0598457604646683,-0.0563369393348694,-0.0528644397854805,-0.0494652427732944,-0.0461174622178078,-0.0427999049425125,-0.0394937954843044,-0.0361986383795738,-0.0329139903187752,-0.02964773401618,-0.0264022015035152,-0.0231653228402138,-0.0199604667723179,-0.0178262889385223,-0.0182485934346914,-0.0205995682626963,-0.0237517729401588,-0.0271038487553596,-0.03044175170362,-0.0337105169892311,-0.0369278639554977,-0.0401319712400436,-0.0433094203472137,-0.046465277671814,-0.0495776422321796,-0.0516181439161301,-0.0511495620012283,-0.0487394258379936,-0.0455144979059696,-0.0420778505504131,-0.0386571399867535,-0.0352901555597782,-0.0320022776722908,-0.0295547842979431,-0.0295022819191217,-0.0315608531236649,-0.0345761403441429,-0.0378596410155296,-0.0411277525126934,-0.0433942303061485,-0.0431600585579872,-0.0408797711133957,-0.0377198904752731,-0.0343234017491341,-0.030918400734663,-0.027579428628087,-0.0243048295378685,-0.0210629478096962,-0.0178256258368492,-0.0146045777946711,-0.011405635625124,-0.008228275924921,-0.0050654457882046,-0.0024721752852201,-0.0021252236329019,-0.0040621003136038,-0.0071035884320735,-0.0104846600443125,-0.0138929067179561,-0.0172550138086081,-0.0205493718385696,-0.0238076876848936,-0.027044452726841,-0.030253890901804,-0.0334541723132133,-0.0366367064416409,-0.0397938638925552,-0.0422605499625206,-0.0424066185951233,-0.040321558713913,-0.0372148528695107,-0.0338119640946388,-0.0303959883749485,-0.0274326726794243,-0.0265151131898165,-0.0280515849590302,-0.0308769214898348,-0.0341066084802151,-0.0374142676591873,-0.0406517572700977,-0.0438305027782917,-0.046975988894701,-0.0500776097178459,-0.0527160540223122,-0.0532451905310154,-0.0513851791620255,-0.0483313165605068,-0.0449085980653763,-0.0414522737264633,-0.0380374789237976,-0.0346853099763393,-0.031384352594614,-0.0280952993780375,-0.025051411241293,-0.0237829554826021,-0.0250234939157963,-0.0277222506701946,-0.0309430956840515,-0.0342529267072678,-0.0372272357344627,-0.0382708311080933,-0.0367608740925789,-0.0338894203305244,-0.0305633954703808,-0.0271630622446537,-0.0238132737576962,-0.0205291230231524,-0.0172892101109028,-0.0140620991587639,-0.0108520369976759,-0.0076512619853019,-0.0044653699733316,-0.0012998295715078,0.0017231923993676,0.003265991108492,0.0022351094521582,-0.0004462684737518,-0.0037420485168695,-0.0071701188571751,-0.0105583053082228,-0.013882813975215,-0.0171686615794897,-0.0204235278069973,-0.0236572436988354,-0.0268797595053911,-0.0300775244832039,-0.0332647450268269,-0.0364326685667038,-0.0395867042243481,-0.0425997599959373,-0.0441314205527306,-0.0430961214005947,-0.0404075384140015,-0.0371606275439262,-0.0349942296743393,-0.0353907458484173,-0.0376590117812157,-0.0407030768692493,-0.043947696685791,-0.0471671372652054,-0.0503372363746166,-0.0534502938389778,-0.056534431874752,-0.0595071539282799,-0.0611354410648346,-0.0601949766278267,-0.057516910135746,-0.0541551448404789,-0.0506431125104427,-0.0471634194254875,-0.0437464341521263,-0.0403827279806137,-0.037054643034935,-0.0337533243000507,-0.0314017087221146,-0.0315179787576199,-0.0336802862584591,-0.0367085672914982,-0.0399596802890301,-0.0432178899645805,-0.0464140139520168,-0.0495603233575821,-0.0526723861694336,-0.0557550266385078,-0.0588340274989605,-0.0619063787162304,-0.0649618208408356,-0.068001501262188,-0.0710281729698181,-0.0740214586257935,-0.0760714188218117,-0.0756685957312584,-0.0732283517718315,-0.0699196979403496,-0.0670692920684814,-0.0665328130125999,-0.068248987197876,-0.071023553609848,-0.0734507367014885,-0.0736095309257507,-0.071474701166153,-0.0682737678289413,-0.0647502094507217,-0.0612089969217777,-0.0577307045459747,-0.0543221645057201,-0.050945658236742,-0.0475847609341145,-0.0442413873970509,-0.0409191250801086,-0.0376177653670311,-0.0343139916658401,-0.0310297198593616,-0.0277689751237631,-0.02499027736485,-0.0243239793926477,-0.0260553173720837,-0.0289682596921921,-0.0322471298277378,-0.0355816781520844,-0.0388509482145309,-0.042060986161232,-0.0452403649687767,-0.0483911857008934,-0.0509532764554024,-0.0512642711400986,-0.0492819435894489,-0.04620561003685,-0.0427868589758873,-0.0393380858004093,-0.0359559953212738,-0.0326466336846352,-0.0293659195303917,-0.0261144526302814,-0.0231697093695402,-0.0221297703683376,-0.0235624723136425,-0.026340663433075,-0.0293151866644621,-0.0305016413331032,-0.0291281044483185,-0.0263519138097763,-0.0230729058384895,-0.0197140388190746,-0.0164056234061718,-0.0131650287657976,-0.009963802061975,-0.0067815664224326,-0.0036111455410718,-0.0004560147062875,0.0026967357844114,0.0058327368460595,0.0089642032980918,0.012081298045814,0.0150102479383349,0.0163129176944494,0.0150352045893669,0.0122194159775972,0.009027549996972,0.0073299277573823,0.0082074264064431,0.0106922453269362,0.0137812681496143,0.0170033797621727,0.0201871935278177,0.0233197174966335,0.0264101307839155,0.0294599533081055,0.0325020663440228,0.0355294868350029,0.0385514497756958,0.0415710508823395,0.0445902198553085,0.0475996732711792,0.0504838228225708,0.0520217269659042,0.0510245934128761,0.0482766032218933,0.0448409542441368,0.0412727296352386,0.0377369374036789,0.0342613905668259,0.0308419615030289,0.0274568777531385,0.0240876097232103,0.0207318551838398,0.0173879526555538,0.0140571659430861,0.0108848577365279,0.0092105586081743,0.0100950989872217,0.0126189682632685,0.0157622247934341,0.0190442316234112,0.0222691595554352,0.0243540313094854,0.0238635148853064,0.021437406539917,0.0182143487036228,0.0147897638380527,0.0113813392817974,0.0080329943448305,0.0047529363073408,0.0025574690662324,0.0029246155172586,0.0052114715799689,0.0083059072494506,0.0116036012768745,0.0148968864232302,0.0181337036192417,0.0213123150169849,0.0244700200855732,0.027609545737505,0.0307151675224304,0.0338028110563755,0.0360726974904537,0.0359566286206245,0.0336948223412037,0.0304871220141649,0.0270275473594666,0.0235925354063511,0.0211286470293999,0.0211914405226707,0.0233028251677752,0.0262808240950108,0.0294963084161282,0.0327185243368149,0.0358756072819233,0.0389811061322689,0.0420655868947506,0.0451250150799751,0.0481669194996357,0.0511986389756203,0.0542175509035587,0.0572271198034286,0.059645377099514,0.0598267838358879,0.0577316507697105,0.0545308664441109,0.0510058179497719,0.0474454574286938,0.0446081608533859,0.0441556312143803,0.0459663011133671,0.04879554733634,0.0519300550222397,0.0550887621939182,0.0581738986074924,0.0612036474049091,0.0642185136675835,0.0672106891870499,0.0701738893985748,0.0731338411569595,0.0760930925607681,0.0790485367178917,0.0815985202789307,0.0821380615234375,0.080253042280674,0.077088862657547,0.0738760307431221,0.072623498737812,0.073835551738739,0.0763727575540543,0.0793724432587624,0.0824497267603874,0.0854691788554192,0.0884236246347427,0.0913325473666191,0.0942280143499374,0.0971121490001678,0.0999923199415207,0.102872118353844,0.105741001665592,0.108588546514511,0.111427955329418,0.114025689661503,0.114849552512169,0.113169237971306,0.110042929649353,0.106416463851929,0.10269521176815,0.0990165546536446,0.0954173430800438,0.092084027826786,0.0905516296625137,0.0915321707725525,0.0939542055130005,0.0969101935625076,0.0999656021595001,0.102972738444805,0.105920165777206,0.108811229467392,0.111689612269402,0.114565417170525,0.117425873875618,0.120136372745037,0.121358007192612,0.120022162795067,0.117039993405342,0.113446846604347,0.109726026654243,0.106231398880482,0.104405850172043,0.105160921812057,0.107493348419666,0.11039525270462,0.113418690860271,0.11640277504921,0.119316257536411,0.122187197208405,0.125014752149582,0.127844735980034,0.13065604865551,0.13347165286541,0.13626155257225,0.13899552822113,0.14049768447876,0.139470919966698,0.136613428592682,0.133089855313301,0.130546689033508,0.130571946501732,0.132506489753723,0.135236263275146,0.138165175914764,0.141081750392914,0.143932521343231,0.146724313497543,0.149484559893608,0.152239874005318,0.154984384775162,0.157712638378143,0.160436302423477,0.163145214319229,0.165836185216904,0.168512672185898,0.170244917273521,0.169522449374199,0.166748434305191,0.163141697645187,0.159310221672058,0.155466794967651,0.151701971888542,0.147996246814728,0.144334375858307,0.140692576766014,0.137072518467903,0.133479237556458,0.12989804148674,0.126334473490715,0.1227797716856,0.119272574782372,0.116697229444981,0.116605333983898,0.118559941649437,0.121370285749435,0.123719148337841,0.123746827244759,0.121533840894699,0.118259891867638,0.114680476486683,0.111063331365585,0.107529759407043,0.104051373898983,0.100609935820103,0.0971848666667938,0.0937741249799728,0.090376615524292,0.0876601338386536,0.0872851982712746,0.089146226644516,0.0920086055994034,0.095173105597496,0.0983561128377914,0.101469993591309,0.104531764984131,0.107077084481716,0.107494123280048,0.105511292815208,0.102360762655735,0.0988623052835464,0.0953084677457809,0.0918260216712952,0.0884017646312714,0.0850090980529785,0.0816328302025795,0.0782756432890892,0.074922151863575,0.0720562040805817,0.0713223144412041,0.072933629155159,0.0757488012313843,0.0789433941245079,0.0821848437190056,0.0853496864438057,0.0884656086564064,0.0912342146039009,0.0920720398426056,0.0904544144868851,0.0874820426106453,0.0840449929237366,0.0805325135588646,0.0774420723319054,0.0764371678233147,0.0778786391019821,0.0806019976735115,0.0837371870875359,0.0869500562548637,0.0900915190577507,0.0931742712855339,0.0962081700563431,0.0992332845926285,0.102248728275299,0.105243876576424,0.108219265937805,0.111180573701859,0.113976076245308,0.115122273564339,0.113695472478867,0.110737159848213,0.107226982712746,0.103600442409515,0.10024981200695,0.0987189114093781,0.099751278758049,0.102244101464748,0.105258777737617,0.108354717493057,0.111397750675678,0.114388532936573,0.117331691086292,0.120247647166252,0.123152635991573,0.126039937138557,0.128923147916794,0.131794422864914,0.134554326534271,0.135952442884445,0.13480219244957,0.131903976202011,0.128343105316162,0.124632254242897,0.120944157242775,0.117337942123413,0.113788731396198,0.11027118563652,0.106770947575569,0.103276781737804,0.0998800918459892,0.0978446453809738,0.0983985066413879,0.100684396922588,0.103652745485306,0.106760807335377,0.109856203198433,0.112881496548653,0.115820467472076,0.117645852267742,0.116948008537292,0.11433033645153,0.110913544893265,0.107304267585278,0.103711150586605,0.100195616483688,0.0967491939663887,0.094394288957119,0.0945838987827301,0.0966991633176804,0.0996084734797478,0.102751091122627,0.105864435434341,0.108928084373474,0.111918173730373,0.114880248904228,0.11781844496727,0.120751947164536,0.123658761382103,0.12573604285717,0.125432729721069,0.123003080487251,0.119615405797958,0.115976795554161,0.112319782376289,0.108734726905823,0.105221919715405,0.101729869842529,0.0982695370912552,0.0957600176334381,0.0957353860139847,0.0977631062269211,0.100646197795868,0.103772237896919,0.106888793408871,0.109938740730286,0.112941659986973,0.115903183817863,0.118849582970142,0.121194019913673,0.121298782527447,0.119122728705406,0.115843862295151,0.112814217805862,0.111974857747555,0.113453090190887,0.116090409457684,0.119101837277412,0.122160330414772,0.125151306390762,0.128085151314735,0.130978971719742,0.133858650922775,0.136721521615982,0.139555305242538,0.142379224300385,0.145197674632072,0.147994950413704,0.150785610079765,0.153171941637993,0.153539821505547,0.151494845747948,0.148176312446594,0.144438967108727,0.140653789043427,0.136942446231842,0.133281588554382,0.129676401615143,0.126103907823563,0.122536517679691,0.118986360728741,0.115462094545364,0.111961141228676,0.108938246965408,0.108056396245956,0.10953276604414,0.112187460064888,0.115233153104782,0.118310898542404,0.121091455221176,0.122034274041653,0.120452836155891,0.117406293749809,0.113861009478569,0.110233202576637,0.106666713953018,0.103163309395313,0.0997126549482346,0.096283532679081,0.0928640142083168,0.0894738882780075,0.0860907435417175,0.0827174484729767,0.079358346760273,0.0760091170668602,0.0728994011878967,0.0715788453817368,0.0727626457810402,0.0753926187753677,0.0784048661589622,0.0800189822912216,0.0790448039770126,0.076355442404747,0.0731677711009979,0.0713199824094772,0.0720553249120712,0.0744701772928238,0.0775589793920517,0.080800786614418,0.0840061530470848,0.0871356576681137,0.0902169793844223,0.0932628661394119,0.0963040962815285,0.0993300229310989,0.102358520030975,0.105358153581619,0.10835175216198,0.11131539940834,0.114213086664677,0.115870028734207,0.114996343851089,0.112277992069721,0.108828157186508,0.105202950537205,0.101607523858547,0.0980860590934753,0.0946601778268814,0.0924778431653976,0.0928514897823334,0.0950553417205811,0.0979938507080078,0.101117737591267,0.104219257831573,0.107258319854736,0.110256619751453,0.113221630454063,0.116167783737183,0.11910280585289,0.122015386819839,0.124913692474365,0.127798944711685,0.130666971206665,0.133525431156158,0.13637837767601,0.139200031757355,0.142024397850037,0.144828528165817,0.147627919912338,0.15036840736866,0.15202634036541,0.151153862476349,0.148356527090073,0.144783675670624,0.140999764204025,0.137229889631271,0.133540540933609,0.129915907979012,0.126318201422691,0.122755877673626,0.119889572262764,0.119345277547836,0.121008723974228,0.123694777488708,0.126698344945908,0.12971518933773,0.131826549768448,0.131483480334282,0.129028230905533,0.12562669813633,0.121961645781994,0.118302077054977,0.114721983671188,0.111195027828217,0.107696816325188,0.104222111403942,0.100764885544777,0.0973302647471428,0.0938985347747803,0.0904837846755981,0.087533175945282,0.0867384150624275,0.0883210375905037,0.0910803005099297,0.0942225009202957,0.0973964780569077,0.100520700216293,0.103571861982346,0.106595583260059,0.109609872102737,0.112578853964806,0.115536645054817,0.118494287133217,0.121434539556503,0.123754367232323,0.123845987021923,0.121648333966732,0.118354767560959,0.11474733799696,0.111108526587486,0.10784612596035,0.106524035334587,0.107698865234852,0.110230900347233,0.113244384527206,0.116326607763767,0.119359880685806,0.122319355607033,0.125240087509155,0.12813001871109,0.131017431616783,0.133899599313736,0.136456519365311,0.137109309434891,0.135263383388519,0.1320770829916,0.128437101840973,0.124728240072727,0.121073201298714,0.11748331785202,0.114110864698887,0.112379282712936,0.113231606781483,0.11559671163559,0.118532687425613,0.121589004993439,0.124602280557156,0.12754599750042,0.130276441574097,0.131344139575958,0.129859045147896,0.126844167709351,0.123278833925724,0.119618847966194,0.115989327430725,0.112428680062294,0.108904838562012,0.105410099029541,0.101926729083061,0.0984688252210617,0.0951260924339294,0.0931370928883553,0.0937081724405289,0.0960235446691513,0.099020890891552,0.102183438837528,0.105300694704056,0.108352638781071,0.111352354288101,0.114343971014023,0.117309585213661,0.120261296629906,0.123104587197304,0.124560199677944,0.123460084199905,0.120642848312855,0.117151021957397,0.113518506288528,0.10991171002388,0.106374442577362,0.102898471057415,0.100536473095417,0.100707143545151,0.102795541286469,0.105642780661583,0.107617020606995,0.107088536024094,0.104586884379387,0.101251229643822,0.0976848974823952,0.0941445678472519,0.0906713902950287,0.0872484445571899,0.083869457244873,0.0805026739835739,0.0771343111991882,0.07377839833498,0.0704413056373596,0.0671045854687691,0.0637962222099304,0.060513611882925,0.0580453686416149,0.0579777248203754,0.0600275248289108,0.0630469396710396,0.0663110613822937,0.0695899948477745,0.072782039642334,0.0759381726384163,0.079051211476326,0.0821465626358986,0.0852354019880295,0.0883065089583397,0.0905302464962006,0.0903347060084343,0.0880128815770149,0.0847713053226471,0.081270694732666,0.077763557434082,0.0743232741951942,0.0709429234266281,0.0681633800268173,0.067624919116497,0.0693705826997757,0.0722074508666992,0.0748041942715645,0.0751968398690224,0.0732811167836189,0.0702013373374939,0.0667817369103432,0.063326433300972,0.0599268600344658,0.0565966330468655,0.0532991215586662,0.050017312169075,0.0467504896223545,0.0435015931725502,0.0402583219110966,0.0370320193469524,0.0338104665279388,0.0306040495634079,0.0278040356934071,0.0270016640424728,0.0286327693611383,0.0315346196293831,0.0348585471510887,0.0382388159632683,0.0415477082133293,0.0448118411004543,0.048024158924818,0.0512168556451797,0.054397240281105,0.0575587376952171,0.0607084557414055,0.0638300627470016,0.0669354796409607,0.0700360164046288,0.0727230161428452,0.0733838155865669,0.0716218203306198,0.0685933604836464,0.0653879642486572,0.0638920962810516,0.064955398440361,0.0675087869167328,0.0706007033586502,0.0737944170832634,0.0769415944814682,0.0800349116325378,0.0830834209918976,0.08609988540411,0.0887811481952667,0.0895585268735886,0.0878799259662628,0.0848468989133835,0.0813562795519829,0.0777804777026176,0.0742689594626427,0.0708027556538582,0.0673992410302162,0.0640153884887695,0.0607821345329285,0.0590420812368393,0.0598656423389912,0.0623443797230721,0.0654366463422775,0.068658858537674,0.07184037566185,0.0749685764312744,0.0780438929796219,0.0810955390334129,0.0841298475861549,0.087154783308506,0.0900276750326157,0.09139234572649,0.0901973098516464,0.0873657390475273,0.08393694460392,0.0803742259740829,0.0768276154994965,0.0733577981591225,0.0700032934546471,0.0678910836577415,0.0683225616812706,0.0705878138542175,0.0735910981893539,0.0767844244837761,0.0798620507121086,0.0814995914697647,0.0805352181196213,0.0778305009007454,0.0744606405496597,0.0709219723939896,0.0674277618527412,0.0640089958906174,0.0606356635689735,0.0572837740182877,0.0539583154022694,0.0506455972790718,0.047343410551548,0.0440550521016121,0.0408006571233273,0.0384873449802399,0.0386573672294617,0.0408784374594688,0.0439239591360092,0.046245701611042,0.0461031943559647,0.0439040437340736,0.0408063866198063,0.0374663583934307,0.034115694463253,0.0308155342936516,0.0275758001953363,0.0243546031415462,0.021152202039957,0.0179698802530766,0.0148112941533327,0.0116543369367719,0.0084992814809083,0.0053509338758885,0.002226433949545,-0.0001897907350212,-0.0002826446143444,0.0018156562000513,0.004936795681715,0.0083521157503128,0.0117832850664854,0.0151535160839558,0.0184708759188652,0.0217500403523445,0.0249911583960056,0.0282280743122101,0.0314629375934601,0.0346807241439819,0.0378828570246696,0.0410490781068802,0.0442012287676334,0.0466432720422745,0.0467498563230038,0.0446612276136875,0.0415546968579292,0.0386127904057503,0.0377870947122574,0.0393814444541931,0.0421944111585617,0.0453878194093704,0.0486307442188263,0.0518285185098648,0.0549713931977749,0.0580692365765572,0.0611550733447075,0.0642382800579071,0.0672948881983757,0.0703347101807594,0.0733554288744926,0.0757816061377525,0.0759575292468071,0.0738637074828148,0.0706663802266121,0.0671291947364807,0.0635783970355988,0.0603975206613541,0.0591534301638603,0.0604222416877747,0.0630587711930275,0.0658527910709381,0.0668145418167114,0.0652572363615036,0.062314797192812,0.0588956922292709,0.0554028190672398,0.0519484430551529,0.0485617816448212,0.0452150441706181,0.0418914593756199,0.038592591881752,0.0352967083454132,0.0320171415805817,0.0287487134337425,0.0254981517791748,0.0222650822252035,0.0192091725766659,0.0178185347467661,0.0189815759658813,0.0216777883470058,0.024935208261013,0.0282987747341394,0.0316230840981007,0.0348718836903572,0.0380960442125797,0.0412793420255184,0.0444413498044014,0.0476022809743881,0.0505517423152924,0.0518531948328018,0.0506168156862259,0.0478474535048008,0.0445163212716579,0.0410806052386761,0.0376756712794304,0.0343344584107399,0.031129976734519,0.0293020028620958,0.0300281941890717,0.0325039997696877,0.035657986998558,0.0389519892632961,0.0420900918543339,0.0436530858278275,0.0426270291209221,0.0399553924798965,0.0366683825850487,0.033257033675909,0.0298711117357016,0.0265626609325409,0.0232785735279322,0.0200384072959423,0.016815684735775,0.0136025501415133,0.0104018226265907,0.0072194491513073,0.0040869126096367,0.0020418190397322,0.0025169427972286,0.0049224151298403,0.0081182895228266,0.0115150371566415,0.0149092068895698,0.0182328782975674,0.0214767903089523,0.0247207097709179,0.0279525052756071,0.0311682689934969,0.0343650169670582,0.0375436916947365,0.04063980281353,0.042512197047472,0.0418180674314499,0.0392847135663033,0.0360353887081146,0.0326084196567535,0.0292213894426823,0.0266969688236713,0.0266238022595644,0.0286859031766653,0.0316992737352848,0.034971360117197,0.0382593236863613,0.0414901189506054,0.044656328856945,0.047810472548008,0.0509017407894135,0.0530310124158859,0.0526718162000179,0.0502807646989822,0.0470518842339516,0.0435992404818535,0.0401506312191486,0.0367668904364109,0.033430453389883,0.0301310960203409,0.0268486328423023,0.0241468790918589,0.0236988160759211,0.0255389399826527,0.0284767225384712,0.0317523665726185,0.0350644066929817,0.0376093909144402,0.0377462320029736,0.035658024251461,0.0325632616877556,0.0291692391037941,0.0257816798985004,0.0224478151649237,0.0191808417439461,0.0159469600766897,0.0127237318083644,0.009511299431324,0.006333434022963,0.0031695286743342,1.10260734800249e-05,-0.0027478511910885,-0.0034925551153719,-0.0018035870743915,0.0011615662369877,0.0045285252854228,0.0079655917361378,0.0113354902714491,0.0146430591121316,0.017911221832037,0.0211514420807362,0.0243744030594826,0.0275904405862093,0.0307907313108444,0.0339699536561966,0.0371331050992012,0.0402937196195126,0.0430372282862663,0.0437545366585255,0.0420435890555382,0.039063673466444,0.0359225124120712,0.0344966091215611,0.0356279872357845,0.0382458120584488,0.0414045229554176,0.0446468144655228,0.0478603541851044,0.0510122403502464,0.0541141144931316,0.0571945495903492,0.0599327124655247,0.0607616752386093,0.0591309033334255,0.0561568811535835,0.0527107119560242,0.04922004789114,0.045778326690197,0.0423897467553616,0.0390355996787548,0.035693071782589,0.0325215794146061,0.0308401752263308,0.0317142456769943,0.0342663042247295,0.0374157056212425,0.0406942442059517,0.0439533442258835,0.0471391603350639,0.0502784252166748,0.0533815696835518,0.0564773455262184,0.0595686659216881,0.0626513138413429,0.0657003372907639,0.0687508657574654,0.0717785432934761,0.0746585130691528,0.0760301500558853,0.0748437345027924,0.0719985291361809,0.0686167553067207,0.0663154274225235,0.0665913224220276,0.0687638521194458,0.0716359913349152,0.0734883695840836,0.0727835148572922,0.0701841115951538,0.0668358132243156,0.0632960870862007,0.059777207672596,0.0563266351819038,0.0529238283634186,0.0495653562247753,0.0462161228060722,0.0428791418671608,0.0395657867193222,0.0362677052617073,0.0329807102680206,0.0297119170427322,0.0264570601284504,0.0241549238562584,0.0243417527526617,0.0265700928866863,0.0296610835939646,0.032983560115099,0.0363081693649292,0.0395554751157761,0.0427633076906204,0.0459309406578541,0.0490483976900578,0.0510455556213856,0.0505180694162846,0.0480712503194809,0.0448370613157749,0.0413998663425446,0.0379825495183468,0.0346254296600819,0.0313249677419662,0.0280533842742443,0.0248202905058861,0.0222912430763245,0.0220736023038626,0.0240576975047588,0.02706253901124,0.0296861305832863,0.0299753416329622,0.0280115306377411,0.0249986760318279,0.0216736681759357,0.0183314587920904,0.0150395883247256,0.0118072535842657,0.0086061526089906,0.0054369168356061,0.0022787051275372,-0.0008795422618277,-0.0040260544046759,-0.0071636587381362,-0.0102787166833878,-0.0133751993998885,-0.016004441305995,-0.0164878368377686,-0.0145931895822287,-0.0115251708775759,-0.0085972491651773,-0.0077529121190309,-0.0092982565984129,-0.0120716998353601,-0.0152413584291935,-0.0184673629701138,-0.0216300301253796,-0.0247222110629082,-0.0277835037559271,-0.0308325365185738,-0.0338675081729889,-0.0368966534733772,-0.0399085953831673,-0.042910248041153,-0.0458891168236732,-0.0488844960927963,-0.0515396147966385,-0.0523001551628113,-0.0506029985845089,-0.0475555434823036,-0.044041782617569,-0.0404538251459599,-0.0369321703910828,-0.0334749445319176,-0.0300489701330662,-0.0266688633710146,-0.023307790979743,-0.0199527367949486,-0.0166188459843397,-0.0132901547476649,-0.0103720612823963,-0.0095154196023941,-0.0110752675682306,-0.0138913355767727,-0.0171124488115311,-0.0203942582011223,-0.0234736483544111,-0.0248310267925262,-0.0236146561801434,-0.0208523944020271,-0.0175264496356249,-0.0140890870243311,-0.0107067255303264,-0.0073937065899372,-0.0042780665680766,-0.0028708425816148,-0.0040002362802624,-0.0066493824124336,-0.0098511697724461,-0.013152714818716,-0.0164220109581947,-0.0196181777864695,-0.0227805506438017,-0.0259320959448814,-0.0290690269321203,-0.0321851000189781,-0.0351922735571861,-0.0368193164467812,-0.0358911454677582,-0.0332305654883385,-0.0298956800252199,-0.0264090839773417,-0.0231023468077183,-0.0213707908987999,-0.0222312565892935,-0.0247174743562937,-0.0278201531618834,-0.0310515202581882,-0.0342572070658207,-0.0373983159661293,-0.0404866002500057,-0.0435528680682182,-0.0466004982590675,-0.0496260263025761,-0.0526544190943241,-0.0556712858378887,-0.0586455315351486,-0.0605207420885563,-0.0598624013364315,-0.0572956800460815,-0.0539448857307434,-0.0503862276673317,-0.0469083189964294,-0.0447181724011898,-0.0451252087950706,-0.0473735071718693,-0.0503454059362411,-0.0534917563199997,-0.0566310361027718,-0.0596954524517059,-0.0627027824521065,-0.0656882598996162,-0.0686547681689262,-0.0716146379709244,-0.0745623558759689,-0.0775033235549927,-0.080423504114151,-0.0825130194425583,-0.0821959748864174,-0.0797716155648232,-0.0764130055904388,-0.0736295506358147,-0.0732572376728058,-0.0750278234481812,-0.0777761042118073,-0.0808032751083374,-0.0838452950119972,-0.0868197530508041,-0.089735172688961,-0.0926391035318375,-0.0955230444669724,-0.098391592502594,-0.101264730095863,-0.104122519493103,-0.106958493590355,-0.109778270125389,-0.112594112753868,-0.114825718104839,-0.114831171929836,-0.11255769431591,-0.109199576079845,-0.105504125356674,-0.101789847016335,-0.0981369391083717,-0.0945578515529633,-0.091606080532074,-0.0909204334020615,-0.0924994498491287,-0.0951581969857216,-0.098163828253746,-0.101206257939339,-0.104183286428452,-0.107090175151825,-0.109971575438976,-0.112837702035904,-0.115692064166069,-0.118526361882687,-0.120973631739616,-0.121411696076393,-0.119428887963295,-0.116163477301598,-0.112500056624413,-0.108777463436127,-0.105607248842716,-0.104651644825935,-0.106059543788433,-0.108647957444191,-0.111617535352707,-0.114629626274109,-0.117578014731407,-0.12046679854393,-0.123314902186394,-0.126143142580986,-0.128962770104408,-0.131773188710213,-0.134564489126205,-0.137347817420959,-0.139881491661072,-0.140648826956749,-0.138908594846725,-0.135738492012024,-0.132298022508621,-0.130531474947929,-0.131327271461487,-0.13361693918705,-0.136443704366684,-0.139372438192368,-0.142245203256607,-0.14506658911705,-0.147835716605186,-0.150579005479813,-0.153320342302322,-0.156053379178047,-0.158775046467781,-0.161468222737312,-0.164163336157799,-0.16685064136982,-0.169400066137314,-0.170469403266907,-0.168971031904221,-0.165830329060555,-0.162083402276039,-0.158224195241928,-0.154402643442154,-0.150656014680862,-0.146963521838188,-0.143306568264961,-0.139667898416519,-0.136043384671211,-0.132444947957993,-0.128861159086227,-0.125290602445602,-0.121742606163025,-0.118348017334938,-0.116457082331181,-0.117156647145748,-0.119494155049324,-0.12236325442791,-0.124136134982109,-0.123359575867653,-0.120701976120472,-0.117273271083832,-0.1136459633708,-0.110049478709698,-0.10652744024992,-0.103049278259277,-0.0996064394712448,-0.0961822047829628,-0.0927863568067551,-0.0894498080015182,-0.0873324275016785,-0.0877823978662491,-0.0900658220052719,-0.0930657684803009,-0.0962567031383514,-0.0994167327880859,-0.10251496732235,-0.105534926056862,-0.10759012401104,-0.107133559882641,-0.104662530124187,-0.101344473659992,-0.0977884754538536,-0.0942460298538208,-0.0907661318778992,-0.0873465687036514,-0.0839622542262077,-0.0805869549512863,-0.0772308707237244,-0.0739188939332962,-0.0715758949518204,-0.071701243519783,-0.073840819299221,-0.0768395811319351,-0.0800706222653389,-0.0832957103848457,-0.0864520072937012,-0.0895347073674202,-0.0918964222073555,-0.0919196233153343,-0.0897404998540878,-0.0865528807044029,-0.0830603241920471,-0.0795609727501869,-0.0769656598567963,-0.0768356919288635,-0.0788285583257675,-0.0817596614360809,-0.0849557593464851,-0.0881430357694626,-0.0912690535187721,-0.0943337380886078,-0.0973509699106216,-0.100360721349716,-0.103360414505005,-0.106339685618877,-0.109291762113571,-0.112239450216293,-0.114716239273548,-0.115032620728016,-0.112983360886574,-0.109767988324165,-0.106181904673576,-0.102558553218842,-0.0995842516422272,-0.0989117175340652,-0.100549921393394,-0.103291712701321,-0.106342531740665,-0.109425246715546,-0.112449496984482,-0.115418374538422,-0.118338391184807,-0.121240176260471,-0.124127544462681,-0.12700791656971,-0.129873991012573,-0.13273049890995,-0.135256752371788,-0.135886311531067,-0.134048506617546,-0.130859300494194,-0.127199336886406,-0.123470023274422,-0.119795359671116,-0.116187371313572,-0.112639211118221,-0.109116248786449,-0.105610072612762,-0.102127216756344,-0.098948746919632,-0.0977102890610695,-0.0989566072821617,-0.101532883942127,-0.104557454586029,-0.107671454548836,-0.110735833644867,-0.113740034401417,-0.116520531475544,-0.117625646293163,-0.116200610995293,-0.113252803683281,-0.109737247228622,-0.106103077530861,-0.102529920637608,-0.0990357398986816,-0.0957345813512802,-0.0941441357135773,-0.0951043888926506,-0.0975758731365204,-0.100597843527794,-0.103728413581848,-0.106812514364719,-0.109832063317299,-0.112800858914852,-0.115746259689331,-0.118687644600868,-0.121602155268192,-0.124407604336739,-0.125853568315506,-0.12475673854351,-0.121914766728878,-0.118401691317558,-0.114736154675484,-0.111096531152725,-0.107540301978588,-0.104026138782501,-0.100549131631851,-0.0972141623497009,-0.0954089760780334,-0.0961881056427956,-0.0985753238201141,-0.101573288440704,-0.1046998873353,-0.107800282537937,-0.110823631286621,-0.113800957798958,-0.116744495928288,-0.119645178318024,-0.121440246701241,-0.120710827410221,-0.118060655891895,-0.114680215716362,-0.112183101475239,-0.112199664115906,-0.114187143743038,-0.117029674351215,-0.120074458420277,-0.123109474778175,-0.126064732670784,-0.128965809941292,-0.131837323307991,-0.134692117571831,-0.137539282441139,-0.140357077121735,-0.14316999912262,-0.145977690815926,-0.148768454790115,-0.151532918214798,-0.153459578752518,-0.152996703982353,-0.150403186678886,-0.146893322467804,-0.143130391836166,-0.139365285634995,-0.135656908154488,-0.132013559341431,-0.128407880663872,-0.124825477600098,-0.121257267892361,-0.11771147698164,-0.114181503653526,-0.11070304363966,-0.108212530612946,-0.108174070715904,-0.110154241323471,-0.112972088158131,-0.116034783422947,-0.119100339710712,-0.121507801115513,-0.121636942028999,-0.119467988610268,-0.116217344999313,-0.112614363431931,-0.108999632298946,-0.105435267090797,-0.101937025785446,-0.0984960943460464,-0.0950663387775421,-0.0916502848267555,-0.0882554948329926,-0.0848741084337234,-0.0815048590302467,-0.078143298625946
0.0577464140951633,0.0538561530411243,0.050032414495945,0.0462652817368507,0.0425371788442135,0.0388873368501663,0.0365987084805965,0.0371503680944443,0.0398030206561089,0.0432789511978626,0.0469676032662392,0.0506374761462212,0.0542355813086033,0.0577636212110519,0.0612618550658226,0.0647326335310936,0.0681888535618782,0.0716268569231033,0.0750560089945793,0.0784818828105927,0.0818734765052795,0.0851812586188316,0.0871496945619583,0.0862574875354767,0.0832806378602982,0.0794888585805893,0.0765401422977448,0.0763779282569885,0.0785488933324814,0.0817349478602409,0.0841644182801247,0.0838490575551987,0.0811696574091911,0.0774724781513214,0.0735126137733459,0.0695400685071945,0.065648578107357,0.0618136189877987,0.0580374747514725,0.054279413074255,0.0505375377833843,0.0468112342059612,0.0431052148342133,0.0394151993095875,0.0357424169778824,0.0321007184684277,0.0292130224406719,0.028931450098753,0.031150970607996,0.0345222540199757,0.0382367186248302,0.0419762954115868,0.0456483066082001,0.0492457076907158,0.0528106205165386,0.0563420131802559,0.0589455403387547,0.0588255673646927,0.0563362874090672,0.0527884364128113,0.0489476285874844,0.0450823195278645,0.0413054414093494,0.0375833660364151,0.0338932871818542,0.030245641246438,0.027139576151967,0.0264040045440197,0.0283430181443691,0.0316075794398785,0.0347696095705032,0.0355994328856468,0.0337053127586842,0.0304379817098379,0.0267243273556232,0.0229639708995819,0.0192767474800348,0.0156474858522415,0.0120687633752823,0.0084998225793242,0.0049420981667935,0.0014032480539754,-0.0021024895831942,-0.0056007853709161,-0.0090915123000741,-0.0125582506880164,-0.0156934186816216,-0.0167328119277954,-0.0149576887488365,-0.011653277091682,-0.0081704929471015,-0.0067431344650685,-0.0081278039142489,-0.011094668880105,-0.0145974205806851,-0.0182053428143263,-0.0217540226876736,-0.0252432059496641,-0.0286894366145134,-0.0321150049567223,-0.0355249047279358,-0.0389056503772736,-0.0423025265336037,-0.0456839874386787,-0.0490480661392212,-0.0524051897227764,-0.0555623695254326,-0.056907631456852,-0.0553867928683758,-0.0521307028830051,-0.0482435896992683,-0.0442257672548294,-0.0402474030852318,-0.0363468676805496,-0.0325047113001347,-0.0286908149719238,-0.0249026417732239,-0.0211348123848438,-0.0174017678946257,-0.0136805735528469,-0.0102263921871781,-0.0087714018300175,-0.0101507063955069,-0.0131718385964632,-0.0167505983263254,-0.0204287506639957,-0.0239776149392128,-0.0259808469563723,-0.0250229332596064,-0.0221038218587637,-0.018429733812809,-0.0145726213231683,-0.0107475519180298,-0.0069985808804631,-0.0034069758839905,-0.0013478002510964,-0.0022107735276222,-0.0050109159201383,-0.0085558705031871,-0.0122787952423096,-0.0159706827253103,-0.0195939056575298,-0.0231532528996468,-0.0266849547624588,-0.0301908850669861,-0.0336927771568298,-0.0371318757534027,-0.0393649190664291,-0.0387918278574944,-0.0360304862260818,-0.0323668755590916,-0.0284696444869041,-0.0246374104171991,-0.0222718957811594,-0.0228196159005165,-0.0254333522170782,-0.0288645438849926,-0.0324974395334721,-0.0360973961651325,-0.0396290831267834,-0.0430980436503887,-0.0465321838855743,-0.049956738948822,-0.0533748008310795,-0.0567702353000641,-0.0601469874382019,-0.0635108575224876,-0.065984271466732,-0.0657386109232903,-0.0631006434559822,-0.0594161301851273,-0.0554095208644867,-0.0514422990381718,-0.0485891103744507,-0.0485662370920181,-0.0508615300059319,-0.0541416853666306,-0.0576549768447876,-0.0611801855266094,-0.0646224617958069,-0.0680121034383774,-0.0713672935962677,-0.074710838496685,-0.078048937022686,-0.0813900455832481,-0.0847082212567329,-0.0879974961280823,-0.0906536728143692,-0.0908151417970657,-0.0883973389863968,-0.084725521504879,-0.0813013687729836,-0.0803956240415573,-0.0821158736944199,-0.0851100236177444,-0.0885101407766342,-0.0919489413499832,-0.0953227505087852,-0.0986319407820702,-0.101916439831257,-0.105172947049141,-0.108414068818092,-0.111637592315674,-0.114860981702805,-0.118070162832737,-0.121274083852768,-0.124454870820045,-0.127220660448074,-0.127714514732361,-0.125489860773087,-0.12184801697731,-0.117741703987122,-0.113571643829346,-0.10946524143219,-0.105434231460094,-0.101874731481075,-0.100618295371532,-0.102087199687958,-0.104980528354645,-0.108340412378311,-0.111762039363384,-0.115133315324783,-0.11843778938055,-0.121692389249802,-0.124926686286926,-0.128148078918457,-0.131347864866257,-0.134265542030334,-0.1352359354496,-0.133372932672501,-0.129872024059296,-0.125796929001808,-0.121630005538464,-0.117869958281517,-0.116317085921764,-0.117574162781239,-0.120369747281075,-0.123680330812931,-0.127071246504784,-0.130401402711868,-0.133661791682243,-0.136888235807419,-0.140101194381714,-0.14329220354557,-0.146463617682457,-0.149629041552544,-0.152782574295998,-0.155768319964409,-0.157082319259644,-0.155532449483871,-0.152129501104355,-0.148193091154099,-0.145777821540833,-0.146276459097862,-0.148675665259361,-0.151812881231308,-0.155110046267509,-0.158380657434464,-0.161564096808434,-0.164693042635918,-0.167799040675163,-0.17089469730854,-0.173978596925735,-0.177055880427361,-0.180127218365669,-0.183187335729599,-0.186218231916428,-0.189165234565735,-0.190786361694336,-0.189552441239357,-0.186247512698174,-0.18211205303669,-0.177799969911575,-0.17351870238781,-0.169326335191727,-0.165189906954765,-0.161079883575439,-0.157003954052925,-0.152946889400482,-0.148909628391266,-0.144894182682037,-0.140895992517471,-0.136910691857338,-0.133014172315598,-0.130498543381691,-0.13084901869297,-0.133280873298645,-0.136511787772179,-0.13888543844223,-0.138480812311172,-0.135741457343102,-0.131987825036049,-0.127942144870758,-0.123905271291733,-0.119944274425507,-0.116042494773865,-0.112189739942551,-0.108357846736908,-0.104525312781334,-0.100734010338783,-0.0980171114206314,-0.0980559512972832,-0.100407592952251,-0.103735044598579,-0.107312753796577,-0.110881760716438,-0.114364445209503,-0.117785707116127,-0.120416417717934,-0.120427079498768,-0.117938637733459,-0.114304818212986,-0.11034931242466,-0.106369853019714,-0.102458983659744,-0.0986112058162689,-0.0948060676455498,-0.0910212695598602,-0.0872529372572899,-0.0835082679986954,-0.0805583298206329,-0.0802242234349251,-0.0823685675859451,-0.0856366008520126,-0.0892506465315819,-0.0928674936294556,-0.0964308083057404,-0.0999067053198814,-0.102822303771973,-0.103340327739716,-0.101222082972527,-0.0977659821510315,-0.0938724130392075,-0.0899420455098152,-0.086729109287262,-0.0860991403460503,-0.0880606323480606,-0.0912478193640709,-0.0948083624243736,-0.0983971729874611,-0.101916238665581,-0.105375066399574,-0.108792424201965,-0.112180173397064,-0.115561991930008,-0.118924364447594,-0.122276619076729,-0.125606462359428,-0.128594398498535,-0.129455730319023,-0.12749907374382,-0.124020278453827,-0.120035976171494,-0.115964621305466,-0.112391993403435,-0.111163266003132,-0.112671710550785,-0.115617007017136,-0.119025625288486,-0.122511804103851,-0.125925853848457,-0.129266381263733,-0.132555618882179,-0.13583642244339,-0.13908988237381,-0.142322957515717,-0.14554950594902,-0.148769691586494,-0.151768386363983,-0.152936473488808,-0.15125361084938,-0.147827327251434,-0.143787056207657,-0.139601409435272,-0.135480418801308,-0.131445825099945,-0.127450048923492,-0.12349209189415,-0.119566529989243,-0.11565738171339,-0.111930377781391,-0.110061645507812,-0.111110419034958,-0.113851897418499,-0.117227979004383,-0.120732747018337,-0.124191202223301,-0.127580001950264,-0.130821794271469,-0.132546812295914,-0.131345123052597,-0.1282127648592,-0.124317944049835,-0.120261862874031,-0.116238906979561,-0.112279132008553,-0.10848642885685,-0.106233030557632,-0.106895104050636,-0.10948970913887,-0.112829267978668,-0.116339601576328,-0.119822770357132,-0.123229004442692,-0.126584649085999,-0.129925549030304,-0.133225321769714,-0.13652391731739,-0.139759138226509,-0.141780808568001,-0.140994399785995,-0.138038828969002,-0.134176075458527,-0.130069419741631,-0.125988230109215,-0.121968433260918,-0.118017196655273,-0.114091098308563,-0.110277742147446,-0.107842065393925,-0.108278810977936,-0.110775366425514,-0.114089861512184,-0.117601111531258,-0.121076047420502,-0.124488040804863,-0.127839639782906,-0.131159126758575,-0.134461224079132,-0.136861711740494,-0.13651867210865,-0.133818253874779,-0.130071580410004,-0.126948207616806,-0.126499861478806,-0.128481969237328,-0.131559923291206,-0.134969800710678,-0.13838255405426,-0.141708225011826,-0.144982784986496,-0.148219957947731,-0.151443272829056,-0.154649332165718,-0.157841563224792,-0.161004245281219,-0.164162516593933,-0.167313903570175,-0.17044323682785,-0.17290960252285,-0.172885656356812,-0.170301273465157,-0.166471108794212,-0.162250325083733,-0.158014789223671,-0.153863459825516,-0.149768948554993,-0.14572662115097,-0.141712710261345,-0.137729734182358,-0.133749604225159,-0.129784747958183,-0.12585324048996,-0.122722789645195,-0.122222691774368,-0.124186307191849,-0.127308338880539,-0.130756169557571,-0.134216487407684,-0.13718369603157,-0.137816578149796,-0.13571660220623,-0.132180005311966,-0.128180742263794,-0.124113619327545,-0.120119616389275,-0.116184584796429,-0.112298920750618,-0.108440935611725,-0.104596450924873,-0.100772053003311,-0.0969705209136009,-0.0931714102625847,-0.0893974453210831,-0.085640162229538,-0.0823212638497353,-0.0812955126166344,-0.082990936934948,-0.0861163809895515,-0.0894235670566559,-0.0908450558781624,-0.0893824324011803,-0.0862191319465637,-0.0827225297689438,-0.081114649772644,-0.0823698341846466,-0.0853035971522331,-0.0888248533010483,-0.0924585908651352,-0.096028596162796,-0.0995249301195145,-0.102959811687469,-0.10638552904129,-0.109797485172749,-0.113182216882706,-0.11655181646347,-0.119910679757595,-0.123246647417545,-0.12656407058239,-0.129716917872429,-0.131184503436089,-0.129783168435097,-0.126552253961563,-0.122623927891254,-0.118557065725327,-0.114507235586643,-0.110553808510303,-0.106797456741333,-0.104760341346264,-0.105601273477077,-0.108274817466736,-0.111623495817184,-0.115125209093094,-0.11858993023634,-0.121978715062141,-0.125333100557327,-0.12865786254406,-0.131959393620491,-0.135246410965919,-0.138513967394829,-0.141767576336861,-0.145002007484436,-0.148220866918564,-0.151426136493683,-0.154611080884933,-0.157780006527901,-0.160938799381256,-0.164094731211662,-0.167235314846039,-0.170251205563545,-0.171755939722061,-0.170357137918472,-0.167020738124847,-0.162941083312035,-0.158698558807373,-0.154490232467651,-0.150354474782944,-0.146282285451889,-0.14224699139595,-0.138257160782814,-0.135359972715378,-0.135233074426651,-0.137375801801682,-0.140497148036957,-0.143883585929871,-0.147230327129364,-0.149306014180183,-0.148491233587265,-0.14548534154892,-0.141586780548096,-0.137457147240639,-0.133352339267731,-0.129337459802628,-0.125381708145142,-0.121459968388081,-0.117560982704163,-0.113688252866268,-0.109824530780315,-0.105972535908222,-0.102146729826927,-0.0990999042987823,-0.0986757278442383,-0.100768715143204,-0.103987768292427,-0.1075319647789,-0.1110799908638,-0.114562585949898,-0.117986381053925,-0.121363498270512,-0.124729380011559,-0.128079146146774,-0.131404921412468,-0.134711891412735,-0.137996643781662,-0.140348434448242,-0.140002995729446,-0.137272447347641,-0.13348314166069,-0.129390582442284,-0.125307828187943,-0.121852345764637,-0.12086995691061,-0.122541919350624,-0.12553271651268,-0.128935560584068,-0.132384076714516,-0.135754004120827,-0.139067143201828,-0.142346188426018,-0.14559417963028,-0.148823887109756,-0.152036517858505,-0.154726088047028,-0.155024915933609,-0.152636542916298,-0.14894050359726,-0.14483043551445,-0.140666127204895,-0.13657420873642,-0.132559433579445,-0.12892310321331,-0.127432495355606,-0.128766968846321,-0.131611213088036,-0.134962618350983,-0.138390481472015,-0.141777098178864,-0.145081296563148,-0.148017883300781,-0.148813813924789,-0.146788269281387,-0.143238142132759,-0.13918824493885,-0.135063156485558,-0.130991101264954,-0.126991257071495,-0.123054400086403,-0.119138188660145,-0.115244895219803,-0.111363478004932,-0.107708007097244,-0.105895422399044,-0.106950104236603,-0.109721034765244,-0.113127060234547,-0.116667337715626,-0.12016736716032,-0.123589515686035,-0.126963391900063,-0.130305558443069,-0.133624285459518,-0.13693180680275,-0.140040367841721,-0.14129501581192,-0.139667153358459,-0.1363175958395,-0.132339611649513,-0.128241270780563,-0.124188169836998,-0.120222888886929,-0.116403095424175,-0.114134512841702,-0.114780224859715,-0.117359429597855,-0.120588019490242,-0.122473545372486,-0.121482357382774,-0.118458405137062,-0.114632442593575,-0.110627755522728,-0.106662914156914,-0.102763399481773,-0.0989118069410324,-0.0950926318764687,-0.0912940949201584,-0.0875073224306107,-0.0837424099445343,-0.0800027474761009,-0.0762859731912613,-0.0725786536931992,-0.0689182281494141,-0.0664917752146721,-0.0668868273496628,-0.0694445297122002,-0.0728963017463684,-0.0765835344791412,-0.0802396088838577,-0.0838168486952782,-0.0873436853289604,-0.0908339768648148,-0.0943001583218575,-0.0977356135845184,-0.101135045289993,-0.103331536054611,-0.102665528655052,-0.0998319536447525,-0.0961093902587891,-0.0921604856848717,-0.0882054641842842,-0.0843342319130898,-0.0805314630270004,-0.0776921957731247,-0.0775932222604752,-0.0798570737242699,-0.0831588208675385,-0.0858433246612549,-0.0858588591217995,-0.0834225341677666,-0.0798836648464203,-0.0760271698236465,-0.0721513032913208,-0.0683485791087151,-0.0646107569336891,-0.0609053894877434,-0.0572070181369781,-0.0535291880369186,-0.0498783886432648,-0.046237837523222,-0.0426032617688179,-0.0389814302325249,-0.0353831723332405,-0.0324495248496532,-0.0320227220654488,-0.0341724306344986,-0.0375490188598633,-0.0412849523127079,-0.0450548082590103,-0.048762708902359,-0.0523968003690243,-0.0559820495545864,-0.0595530234277248,-0.0631085261702538,-0.0666449293494225,-0.0701494067907333,-0.0736414641141891,-0.0771291106939316,-0.0805818736553192,-0.0833710432052612,-0.0836556702852249,-0.081378772854805,-0.0778581351041794,-0.0744087770581245,-0.0732121467590332,-0.0747852772474289,-0.0778102725744247,-0.0813214257359505,-0.0848952978849411,-0.0884130224585533,-0.0918771773576736,-0.0952725932002068,-0.0986380055546761,-0.10145577788353,-0.101868629455566,-0.0996596366167068,-0.0961189270019531,-0.0921503528952599,-0.088136188685894,-0.0841943472623825,-0.0803288146853447,-0.0764899924397469,-0.072691336274147,-0.0691744685173035,-0.0676533803343773,-0.0689641013741493,-0.071917325258255,-0.0754306092858315,-0.0790535509586334,-0.0826210826635361,-0.0861202776432037,-0.08955979347229,-0.0929768308997154,-0.0963582471013069,-0.0997385606169701,-0.102848686277866,-0.103957280516624,-0.102254390716553,-0.0989156067371368,-0.0949980467557907,-0.0909910276532173,-0.0870256125926971,-0.0831379741430283,-0.079454131424427,-0.0774784237146378,-0.0783965364098549,-0.0811420828104019,-0.084572821855545,-0.0881381928920746,-0.0914766490459442,-0.0929200574755669,-0.091446690261364,-0.0882298052310944,-0.084403321146965,-0.0804571807384491,-0.076547808945179,-0.0727106258273125,-0.0689243152737617,-0.0651725828647614,-0.0614303648471832,-0.0577309243381023,-0.0540261492133141,-0.050339937210083,-0.0467435643076897,-0.0445164293050766,-0.0451439619064331,-0.0478612333536148,-0.051319669932127,-0.0536181926727295,-0.0530305206775665,-0.0503308549523354,-0.0467793419957161,-0.0430077537894249,-0.0392509773373604,-0.0355627350509167,-0.0319254212081432,-0.028317017480731,-0.0247250907123089,-0.0211516078561544,-0.017593115568161,-0.0140510350465775,-0.0105258347466588,-0.0070132170803844,-0.0035337880253791,-0.0011290125548839,-0.0014963564462959,-0.0041201165877282,-0.0077193761244416,-0.0115707544609904,-0.0154145481064916,-0.0191858448088169,-0.022892938926816,-0.026574308052659,-0.0302204377949238,-0.0338379107415676,-0.0374566651880741,-0.0410431250929832,-0.0446272306144238,-0.0481942854821682,-0.0517044998705387,-0.0541548132896423,-0.0538207739591599,-0.0512241423130035,-0.0476515106856823,-0.0445851199328899,-0.0441394187510014,-0.0462601333856583,-0.0495375245809555,-0.0531651340425014,-0.0568110533058643,-0.0603643208742142,-0.0638634786009789,-0.0673440545797348,-0.0708122625946999,-0.0742591619491577,-0.077679231762886,-0.081084743142128,-0.0844602286815643,-0.0869087055325508,-0.0866593644022942,-0.0840355381369591,-0.0803498849272728,-0.0763694494962692,-0.0723871365189552,-0.0690289661288261,-0.0681401565670967,-0.0699117481708527,-0.0730094835162163,-0.0760145336389542,-0.0766652598977089,-0.0745968669652939,-0.0711720958352089,-0.0672839656472206,-0.0633490309119225,-0.0594734698534012,-0.0556764900684357,-0.0519132539629936,-0.0481911078095436,-0.0444794781506062,-0.0407759211957455,-0.0371048301458359,-0.0334420911967754,-0.029793307185173,-0.0261550974100828,-0.0228769928216934,-0.0217505395412445,-0.0234248228371143,-0.0266121104359627,-0.0303101912140846,-0.0340886376798153,-0.0378108508884907,-0.0414538569748402,-0.0450401082634926,-0.0486106686294079,-0.0521662272512913,-0.0557010471820831,-0.0588782019913197,-0.0599051117897034,-0.0581826344132423,-0.0549178384244442,-0.0511172413825989,-0.0472392179071903,-0.0434140115976334,-0.0396694876253605,-0.0361792370676994,-0.0345659554004669,-0.0357951410114765,-0.0387540683150291,-0.0423380695283413,-0.0460478104650974,-0.0494594946503639,-0.0508034452795982,-0.0492831021547318,-0.0461292639374733,-0.0423976145684719,-0.038571871817112,-0.0347810611128807,-0.0310613997280598,-0.0274097211658955,-0.0237781871110201,-0.0201590899378061,-0.0165681168437004,-0.0129699315875769,-0.0093916989862918,-0.0059314523823559,-0.0040062577463686,-0.0049933060072362,-0.0079117864370346,-0.0115635907277465,-0.0154024474322796,-0.0191988945007324,-0.0229260586202145,-0.0265846494585276,-0.0302253980189562,-0.0338283553719521,-0.0374119728803635,-0.040983073413372,-0.0445481687784195,-0.0479526817798615,-0.0496595650911331,-0.0484805330634117,-0.0454446487128735,-0.0417454652488232,-0.0378993228077888,-0.0341395772993565,-0.0316818989813328,-0.0320791304111481,-0.0346578434109688,-0.038138922303915,-0.0418281517922878,-0.0454979203641415,-0.0490945503115654,-0.0526302494108677,-0.0561285316944122,-0.0595289617776871,-0.0615826845169067,-0.0607736706733704,-0.0578704252839088,-0.0541656129062176,-0.0502579733729362,-0.0463890731334686,-0.0425886623561382,-0.0388428941369057,-0.0351367965340614,-0.0314513184130192,-0.0287208948284388,-0.028715381398797,-0.0310681313276291,-0.03446314483881,-0.0381637029349804,-0.0418543145060539,-0.0444174744188786,-0.0441448614001274,-0.0415543541312218,-0.0380004979670048,-0.0341782383620739,-0.03036779910326,-0.0266314093023539,-0.0229630842804909,-0.0193270538002253,-0.0157208535820246,-0.0121269635856152,-0.0085480883717536,-0.0049690199084579,-0.00142330781091,0.0014591750223189,0.0018198448233306,-0.0003880156145896,-0.0038236575201153,-0.0076306890696287,-0.0114692244678736,-0.0152439055964351,-0.0189397633075714,-0.0225926600396633,-0.0262203086167574,-0.0298399515450001,-0.033440176397562,-0.0370225459337234,-0.0405966825783253,-0.0441484786570072,-0.0476813092827797,-0.0505509376525879,-0.0509096756577492,-0.0486839339137077,-0.045230008661747,-0.0418359339237213,-0.0407002568244934,-0.0423253327608109,-0.0454137623310089,-0.0489895269274712,-0.0526400879025459,-0.0562265999615192,-0.059737291187048,-0.0631915032863617,-0.0666269585490227,-0.0695095285773277,-0.0699883624911308,-0.0678337588906288,-0.064355880022049,-0.0604588910937309,-0.0565193630754948,-0.0526469871401787,-0.0488421395421028,-0.0450831577181816,-0.0413555204868317,-0.0379150621592999,-0.0364702418446541,-0.03786775842309,-0.0408905297517776,-0.0444712489843369,-0.0481602996587753,-0.0517914518713951,-0.055346142500639,-0.0588637664914131,-0.0623518005013466,-0.065816767513752,-0.0692603439092636,-0.0726932436227798,-0.0761183053255081,-0.0795330405235291,-0.0829160362482071,-0.0860197097063065,-0.0871516764163971,-0.0854478850960732,-0.0821177065372467,-0.0783692970871925,-0.0762177258729935,-0.0769791305065155,-0.0796219408512115,-0.0828366354107857,-0.0845202133059502,-0.0833142250776291,-0.0802049860358238,-0.0763740986585617,-0.0723955184221268,-0.0684531629085541,-0.0645771920681,-0.0607635080814362,-0.0569794476032257,-0.0532405227422714,-0.0495149530470371,-0.0457932949066162,-0.0420734286308289,-0.0383600033819675,-0.0346654653549194,-0.0310872606933117,-0.0288712345063686,-0.0295288451015949,-0.0322717018425465,-0.0358099788427353,-0.039548821747303,-0.0432523116469383,-0.0468828082084656,-0.050460122525692,-0.054013978689909,-0.0574376471340656,-0.059319544583559,-0.0583109557628632,-0.055366724729538,-0.0516744777560234,-0.0478097647428513,-0.0439714826643467,-0.0402026809751987,-0.036491259932518,-0.0328203067183495,-0.0291980095207691,-0.0266568027436733,-0.0268956106156111,-0.0293951742351055,-0.0328416898846626,-0.0354959852993488,-0.0353737249970436,-0.0329049229621887,-0.0294292941689491,-0.0256702248007059,-0.0219070091843605,-0.0182265862822533,-0.0146013051271439,-0.0110207675024867,-0.0074667939916253,-0.0039064371958375,-0.0003811614587903,0.0031354869715869,0.0066442391835153,0.0101425340399146,0.0136152328923345,0.0163059439510107,0.0163536909967661,0.0139211025089025,0.0103794373571873,0.0072790854610502,0.0067753568291664,0.0087920418009161,0.0120130777359009,0.0156026799231768,0.0192088223993778,0.0227563958615065,0.0262502282857895,0.0296946726739407,0.0331286378204823,0.0365466140210629,0.0399549603462219,0.0433336682617664,0.0467064417898655,0.0500785000622272,0.0534488186240196,0.0562538094818592,0.0566613115370274,0.0544192232191563,0.0508618429303169,0.0468938387930393,0.0428929291665554,0.0389568842947483,0.0350908376276493,0.0312675982713699,0.0274780634790659,0.0236994754523039,0.0199440941214561,0.0162029433995485,0.0124902613461018,0.0094461487606167,0.0089402589946985,0.010999271646142,0.0142749007791281,0.0179248657077551,0.0216165315359831,0.0248944740742445,0.0259606689214706,0.0241931229829788,0.0209245085716248,0.0171584542840719,0.013310668990016,0.0095261437818408,0.0058077736757695,0.0024559516459703,0.0012725935084745,0.0029035387560725,0.0060410853475332,0.0096917729824781,0.0134174348786473,0.017079334706068,0.0206818860024214,0.0242400672286749,0.027758065611124,0.0312738455832005,0.0347648859024048,0.0380312725901604,0.0394449643790722,0.0380119979381561,0.0348515212535858,0.0310646127909422,0.0271517038345337,0.0235516782850027,0.0220303796231747,0.0233603212982416,0.0263341441750526,0.0298730358481407,0.0335188433527946,0.0371235124766827,0.0406383872032166,0.0440972596406937,0.0475406609475613,0.0509748831391335,0.0544074326753616,0.0578117743134499,0.0612008944153786,0.0644711777567863,0.0661931559443474,0.0650375410914421,0.0619455091655254,0.0581202283501625,0.0541069358587265,0.0502896532416344,0.0482205078005791,0.0490816533565521,0.0518052168190479,0.0552102848887444,0.0587699934840202,0.0622880086302757,0.0657296627759933,0.0691241919994354,0.0724984556436539,0.0758503451943398,0.0791855528950691,0.0825021788477898,0.0858098864555359,0.0890530049800873,0.0910726562142372,0.0902767330408096,0.0873072743415833,0.0835003107786179,0.0806742012500763,0.0807005539536476,0.082943469285965,0.086134247481823,0.0895694941282272,0.092990905046463,0.0963626280426979,0.0996745377779007,0.102950222790241,0.106213688850403,0.109458476305008,0.112696312367916,0.11592860519886,0.119159959256649,0.122378468513489,0.12556254863739,0.127815067768097,0.12735652923584,0.124525830149651,0.120655193924904,0.116496324539185,0.112330101430416,0.108249627053738,0.104243576526642,0.101198598742485,0.100882664322853,0.102925926446915,0.106040194630623,0.109453834593296,0.112883865833282,0.116236850619316,0.119529522955418,0.122780419886112,0.126014888286591,0.129243135452271,0.132468044757843,0.134998768568039,0.135027468204498,0.132484465837479,0.128709048032761,0.124563239514828,0.120408669114113,0.117111518979073,0.11649227142334,0.118372559547424,0.121398106217384,0.124766424298286,0.128145515918732,0.13147921860218,0.134733974933624,0.137959837913513,0.141164109110832,0.144360452890396,0.147540986537933,0.150702685117722,0.153851866722107,0.156548649072647,0.156962722539902,0.154654309153557,0.150953650474548,0.147232413291931,0.145706564188004,0.146948516368866,0.149667322635651,0.152901843190193,0.156190559267998,0.159432858228683,0.162612035870552,0.165745317935944,0.168864518404007,0.171964436769485,0.175047755241394,0.178121984004974,0.181183844804764,0.184227347373962,0.187266826629639,0.19001467525959,0.190762996673584,0.18869186937809,0.185000941157341,0.1807631701231,0.176449179649353,0.172191292047501,0.168012946844101,0.163885056972504,0.159795925021172,0.155728220939636,0.151684999465942,0.147666484117508,0.143658041954041,0.139673590660095,0.135701894760132,0.132028609514236,0.130356907844543,0.131515458226204,0.134315460920334,0.137523084878922,0.139115273952484,0.137805789709091,0.134613543748856,0.130721285939217,0.126673832535744,0.122674129903316,0.118743494153023,0.114863820374012,0.111022368073463,0.107206389307976,0.103387400507927,0.0997382551431656,0.0977756381034851,0.0987174957990646,0.101491846144199,0.104940846562386,0.108518213033676,0.112065464258194,0.115542158484459,0.11888661980629,0.120820805430412,0.119889624416828,0.116889536380768,0.113091997802258,0.109106287360191,0.105137407779694,0.101257562637329,0.0974250435829163,0.0936204493045807,0.0898475125432014,0.086087167263031,0.0824368968605995,0.0801626145839691,0.0807251930236816,0.0833344534039497,0.0867797359824181,0.0904325991868973,0.0940454676747322,0.0975925475358963,0.101042404770851,0.103378355503082,0.102925777435303,0.100216820836067,0.0965601950883865,0.092641718685627,0.0887475237250328,0.0861606150865555,0.0864760801196098,0.0889495685696602,0.0923120528459549,0.0959082841873169,0.0994931533932686,0.103006698191166,0.106455743312836,0.109862960875034,0.11325666308403,0.116626486182213,0.1199931204319,0.123326480388641,0.126629829406738,0.129161834716797,0.129044756293297,0.126441910862923,0.122732326388359,0.118688091635704,0.114635661244392,0.111572980880737,0.11128306388855,0.113403663039207,0.116569824516773,0.120029747486115,0.123495161533356,0.126897349953651,0.130228579044342,0.133524402976036,0.136795893311501,0.14003612101078,0.143288105726242,0.146522611379623,0.149749428033829,0.152390316128731,0.152637243270874,0.150222390890121,0.146503925323486,0.142376855015755,0.138214632868767,0.134122863411903,0.13010062277317,0.126134842634201,0.122199103236198,0.118278980255127,0.114371880888939,0.111011929810047,0.110086984932423,0.11181552708149,0.114859327673912,0.118320308625698,0.121827341616154,0.12526723742485,0.128615871071815,0.131591662764549,0.132396385073662,0.13041427731514,0.126936718821526,0.122963190078735,0.118900880217552,0.114903196692467,0.110979832708836,0.107439197599888,0.106074221432209,0.107505083084106,0.110434994101524,0.113883703947067,0.117407575249672,0.120885469019413,0.124291114509106,0.127634197473526,0.13098070025444,0.13429157435894,0.137591645121574,0.140654653310776,0.141858860850334,0.140218868851662,0.136855125427246,0.132856696844101,0.12874011695385,0.124681055545807,0.120711259543896,0.116776205599308,0.112876683473587,0.10926891118288,0.107667170464993,0.108911745250225,0.111782610416412,0.115196913480759,0.118726089596748,0.122197404503822,0.125578731298447,0.128918543457985,0.132233157753944,0.135442703962326,0.137069821357727,0.135821253061295,0.132643789052963,0.12884122133255,0.126380458474159,0.126823961734772,0.129276871681213,0.132523059844971,0.135949492454529,0.139344915747643,0.142667174339294,0.145943209528923,0.149187713861465,0.152408927679062,0.155619576573372,0.158804580569267,0.161988228559494,0.165152788162231,0.168306082487106,0.171395689249039,0.173243880271912,0.172276094555855,0.169145718216896,0.165137812495232,0.160908713936806,0.15668922662735,0.152558594942093,0.148496299982071,0.14447109401226,0.140469133853912,0.136484786868095,0.132506549358368,0.128561899065971,0.124702259898186,0.12224143743515,0.122648388147354,0.125121235847473,0.128400206565857,0.131864666938782,0.13530270755291,0.137732535600662,0.13738888502121,0.13467213511467,0.130906939506531,0.126846432685852,0.122810989618301,0.118849784135818,0.114944957196712,0.111084491014481,0.107243351638317,0.103408455848694,0.0995962470769882,0.0958110988140106,0.0920374989509583,0.0882830172777176,0.0845573246479034,0.0817622244358063,0.0816957503557205,0.0839916095137596,0.0873312130570412,0.0902932658791542,0.0907445102930069,0.0885814875364304,0.0851366147398949,0.0819538235664368,0.0812649875879288,0.0831931084394455,0.0863918215036392,0.0899913385510445,0.0936296135187149,0.097204826772213,0.10069627314806,0.104148231446743,0.107576251029968,0.110970214009285,0.114366061985493,0.117744728922844,0.121100768446922,0.124440751969814,0.127758160233498,0.130634561181068,0.131216391921043,0.129066929221153,0.125519588589668,0.121515288949013,0.117451570928097,0.11345287412405,0.109527356922626,0.106071159243584,0.104931771755219,0.106507442891598,0.109497934579849,0.112946167588234,0.11646518856287,0.119896948337555,0.123281329870224,0.126616299152374,0.129921168088913,0.133219614624977,0.136502489447594,0.139778852462769,0.143019765615463,0.146254867315292,0.149486765265465,0.152706116437912,0.155904769897461,0.159085929393768,0.162261039018631,0.165418714284897,0.168555334210396,0.171333178877831,0.171923741698265,0.169743329286575,0.166072964668274,0.161893397569656,0.157653719186783,0.153467535972595,0.149362623691559,0.145320266485214,0.141299039125443,0.137449890375137,0.13530907034874,0.136042535305023,0.138606891036034,0.141865253448486,0.145271182060242,0.148431822657585,0.149638891220093,0.147943675518036,0.144539833068848,0.140521943569183,0.136404171586037,0.13231498003006,0.128320679068565,0.1243691816926,0.120455488562584,0.116551920771599,0.112689845263958,0.108838871121407,0.104996226727962,0.101235717535019,0.0988542437553406,0.099359929561615,0.101932093501091,0.105309814214706,0.108880698680878,0.112427711486816,0.115903757512569,0.119316905736923,0.122691586613655,0.126053035259247,0.129385754466057,0.13269816339016,0.136010095477104,0.139178037643433,0.140789553523064,0.139537140727043,0.136345967650414,0.13241870701313,0.128320038318634,0.124274104833603,0.121382609009743,0.121307827532291,0.123520031571388,0.126711845397949,0.130163118243217,0.133603498339653,0.136964723467827,0.14028337597847,0.143550649285316,0.146790415048599,0.150025025010109,0.153228506445885,0.15536005795002,0.15466570854187,0.15171717107296,0.14782378077507,0.143671095371246,0.139534384012222,0.135494261980057,0.131494119763374,0.12829601764679,0.12776255607605,0.129713580012321,0.132782280445099,0.136182948946953,0.139605432748795,0.142962440848351,0.146246924996376,0.148709908127785,0.14850115776062,0.145827665925026,0.142047509551048,0.137950658798218,0.133840650320053,0.129798531532288,0.125823795795441,0.121895715594292,0.117991849780083,0.114091470837593,0.110218226909637,0.106909558176994,0.10603541135788,0.107787281274796,0.110849693417549,0.114343672990799,0.117880634963512,0.12134888023138,0.124757207930088,0.128116592764854,0.131444334983826,0.134763360023499,0.138064906001091,0.140821129083633,0.141132697463036,0.138795495033264,0.13515804708004,0.13110388815403,0.127007305622101,0.122980296611786,0.11902816593647,0.115452781319618,0.114066861569881,0.115468680858612,0.118372417986393,0.121423415839672,0.12241718173027,0.120596274733543,0.117201335728168,0.113260336220264,0.109231866896152,0.105280183255672,0.101415872573853,0.0975869596004486,0.0937909781932831,0.0900181457400322,0.0862540602684021,0.0824870765209198,0.0787405669689178,0.0750219002366066,0.0713304951786995,0.0678583085536957,0.0662264823913574,0.0674522072076797,0.0704201236367226,0.0740039721131325,0.0777141451835632,0.0813709050416946,0.0849485769867897,0.0884840860962868,0.0919817984104156,0.0954528674483299,0.0988925993442535,0.102142713963985,0.103500753641129,0.101987525820732,0.0987641960382462,0.0949233323335648,0.0909619629383087,0.0870478078722954,0.0832260400056839,0.0795479118824005,0.0774245038628578,0.0781928822398186,0.0809016823768616,0.084229364991188,0.0861831828951836,0.0852604806423187,0.0823406279087067,0.078638881444931,0.0747418627142906,0.070885144174099,0.0671065375208855,0.0633847117424011,0.0597116202116013,0.0560520626604557,0.0523983091115952,0.0487610809504986,0.0451281145215034,0.0415021479129791,0.0378980897367001,0.0343655906617641,0.032056599855423,0.0325699225068092,0.035253431648016,0.0388135388493538,0.0425984635949135,0.0463679730892181,0.0500741489231586,0.0537121929228306,0.0572977662086487,0.0608808994293213,0.0644271969795227,0.0679672062397003,0.0714913085103035,0.0749921053647995,0.0784642249345779,0.0818754285573959,0.0840454921126366,0.0833856612443924,0.0805791616439819,0.0768856704235077,0.0738835707306862,0.0736135691404343,0.0757770016789436,0.0790228471159935,0.0825810357928276,0.0861479267477989,0.0896409004926682,0.0930806249380112,0.0964783206582069,0.0998289659619331,0.102067545056343,0.101532243192196,0.0987566560506821,0.0950096324086189,0.0910058319568634,0.0870220214128494,0.0831081420183182,0.0792600139975548,0.0754532814025879,0.0716780722141266,0.0685642212629318,0.0679820701479912,0.0699542686343193,0.0731580480933189,0.0767395943403244,0.0803626030683517,0.0839050114154816,0.0873785391449928,0.0908136665821075,0.0942210629582405,0.0976244211196899,0.100992031395435,0.10367625951767,0.103827707469463,0.101445153355598,0.0978421717882156,0.0938740000128746,0.0898809432983398,0.0859389454126358,0.0820823758840561,0.0787088051438332,0.0776301175355911,0.0792767331004143,0.0823348835110664,0.0858412086963654,0.08941949903965,0.0923947244882584,0.0928438976407051,0.0906514525413513,0.087152786552906,0.0832345113158226,0.0792793855071068,0.0753851309418678,0.0715731382369995,0.0678056105971336,0.0640589520335197,0.0603351965546608,0.0566310882568359,0.0529352836310863,0.0492579489946365,0.0458802729845047,0.0445001348853111,0.045960359275341,0.0490273386240005,0.0523694157600403,0.0537986382842064,0.0523824505507946,0.049292016774416,0.0456141009926796,0.0418164022266865,0.0380785726010799,0.034414004534483,0.0307999774813652,0.0272281765937805,0.0236485861241817,0.0200886465609074,0.0165433511137962,0.0130136888474226,0.0094936527311801,0.0059893201105296,0.0026370552368462,0.0009868522174656,0.0021981843747198,0.0052348263561725,0.0089468816295266,0.0128116812556982,0.0166398715227842,0.0203908663243055,0.0240922793745995,0.0277478434145451,0.031396459788084,0.035038135945797,0.0386473834514618,0.0422439463436604,0.045826829969883,0.0493786856532097,0.0527694895863533,0.0544380359351635,0.0532277897000313,0.0502033792436123,0.0465578995645046,0.0441146828234196,0.0446045473217964,0.0472028255462646,0.0506489090621471,0.0542973577976227,0.0579307749867439,0.0614866465330124,0.0649973228573799,0.0684681311249733,0.0719160661101341,0.0753553584218025,0.0787809193134308,0.0821841806173325,0.0854509547352791,0.0871589705348015,0.0859820693731308,0.0828827917575836,0.0790373384952545,0.0750381946563721,0.071112260222435,0.0683357268571854,0.0683716163039207,0.0706885606050491,0.0739564001560211,0.0764170214533806,0.0760592296719551,0.0733964890241623,0.0697446539998055,0.0658219158649445,0.061906598508358,0.0580639466643333,0.0542847327888012,0.0505501739680767,0.0468378961086273,0.0431339889764786,0.039441779255867,0.0357585698366165,0.0321018509566784,0.028472974896431,0.0248620472848415,0.0220358408987522,0.0218738615512848,0.0241718981415033,0.0275873392820358,0.0313392989337444,0.0351183712482452,0.0388205647468567,0.0424705073237419,0.0460637882351875,0.0496274530887604,0.0531710535287857,0.0567052066326141,0.0594165362417698,0.0595010817050934,0.0571094937622547,0.0536059327423573,0.0497614741325378,0.0458928793668747,0.0420976839959621,0.0383840650320053,0.0352546274662018,0.0345505401492119,0.0364682972431183,0.0397018454968929,0.0433649495244026,0.0470683984458447,0.05001150816679,0.0503585562109947,0.0481451079249382,0.0447192564606667,0.0409256778657436,0.0370875336229801,0.0333176366984844,0.0296262353658676,0.0259785205125809,0.022348590195179,0.018756965175271,0.0151731316000223,0.011597360484302,0.0080298585817217,0.0048101781867444,0.003760817926377,0.0055004255846142,0.0087550990283489,0.0125255398452282,0.0163602977991104,0.0201341211795807,0.0238462015986443,0.0274984054267406,0.0311445873230696,0.0347526334226131,0.0383419394493103,0.0419210605323315,0.0454837828874588,0.04857037961483,0.049363624304533,0.0474187359213829,0.0440641827881336,0.0402919016778469,0.0364509448409081,0.0328739956021309,0.0312256366014481,0.0324512347579002,0.0354057103395462,0.0389926768839359,0.0427104458212852,0.0463622584939003,0.0499470010399818,0.0534893870353699,0.0569945424795151,0.0602118149399757,0.0614004172384739,0.0597298890352249,0.0564663335680962,0.0526619516313076,0.0487569272518158,0.0449146367609501,0.0411447584629059,0.0374368764460087,0.0337432958185673,0.0301826633512974,0.0281693916767836,0.0290350690484047,0.0318339467048645,0.0353841222822666,0.0391070805490017,0.0426350496709347,0.0443904474377632,0.0432021506130695,0.0401927977800369,0.0365097261965275,0.0327003449201584,0.0289256870746613,0.025215420871973,0.0215697027742863,0.0179485809057951,0.0143492817878723,0.0107759395614266,0.0072096870280802,0.0036588157527148,0.0001667968172114,-0.0021035433746874,-0.0015462782466784,0.0011835529003292,0.0048155006952583,0.008665139786899,0.0125035438686609,0.0162568390369415,0.0199501272290945,0.02360575273633,0.0272453837096691,0.0308565683662891,0.0344487726688385,0.0380292274057865,0.0416062474250793,0.0451538786292076,0.0486240610480309,0.0508547648787498,0.050246499478817,0.0474917441606522,0.0438582040369511,0.0409375056624413,0.0407536551356316,0.0429815426468849,0.0463065505027771,0.049941074103117,0.0535826608538628,0.0571604631841183,0.0606712698936462,0.0641251653432846,0.0675188153982162,0.0698075518012047,0.0693302527070045,0.0666111931204796,0.0629447400569916,0.0590059757232666
0.0566743016242981,0.0606760010123253,0.0646675229072571,0.0685972943902016,0.0712135434150696,0.0706794485449791,0.0676527619361877,0.0635831952095032,0.0592433959245682,0.0549305453896523,0.0506866797804832,0.0465413965284824,0.0433887653052807,0.0432375520467758,0.0458087846636772,0.0495997667312622,0.0537475533783436,0.0579050406813622,0.0608066916465759,0.0605502612888813,0.0576848424971104,0.0537095367908478,0.0494199320673943,0.045139491558075,0.0409423969686031,0.0368040725588799,0.0327204056084156,0.0286535993218422,0.0246013682335615,0.0205750316381454,0.0165554843842983,0.012553870677948,0.0092132147401571,0.0086781745776534,0.0110640171915293,0.014865281060338,0.0191210880875587,0.0234156288206577,0.0276378057897091,0.0317755751311779,0.0358860976994038,0.0399547666311264,0.0440127588808537,0.0480583421885967,0.0520772710442543,0.056078840047121,0.0592316761612892,0.0594775713980198,0.0568763241171837,0.0529787950217724,0.0487019047141075,0.0443998873233795,0.0406102128326893,0.0393592305481434,0.0412259176373482,0.0447531044483185,0.0488397218286991,0.0530086606740952,0.0570999644696712,0.0611097775399685,0.0650913417339325,0.0690241828560829,0.0723752081394196,0.0730768665671349,0.070743054151535,0.066912442445755,0.0625928342342377,0.05820482224226,0.0538918189704418,0.0496647730469704,0.0454947240650654,0.0413526892662048,0.0374731831252575,0.0358005352318287,0.0373183898627758,0.0407188199460506,0.0447752401232719,0.0489625111222267,0.0527326613664627,0.0540901869535446,0.0522259622812271,0.0486202389001846,0.0444194152951241,0.0401259437203407,0.0358982346951962,0.0317495837807655,0.0276516675949097,0.0235900841653347,0.0195493269711733,0.0155339036136866,0.0115286316722631,0.0075342589989304,0.0037065637297928,0.0016950313001871,0.0029072514735162,0.006238508503884,0.0103908013552427,0.0147052593529224,0.0189751889556646,0.0231770314276218,0.0273133330047131,0.0314202159643173,0.0354875475168228,0.0395510494709015,0.0435861423611641,0.0476176291704178,0.0516157001256943,0.0556087456643581,0.0594404600560665,0.0614427626132965,0.0601956769824028,0.0568276382982731,0.0527155958116055,0.0498886704444885,0.0503041073679924,0.0531497821211815,0.0569886565208435,0.0610805861651897,0.0651593953371048,0.0691598281264305,0.0730904936790466,0.076968640089035,0.0807307437062263,0.0828262120485306,0.0817023292183876,0.0783536061644554,0.0741395726799965,0.0697241201996803,0.0653482899069786,0.0610460564494133,0.0568174906075001,0.0526226833462715,0.0484626367688179,0.0454344004392624,0.0454986393451691,0.0481848269701004,0.0520058535039425,0.0561275631189346,0.0602524429559708,0.0642942115664482,0.0682708248496056,0.0722009763121605,0.0761180520057678,0.0800073444843292,0.0838907957077026,0.0877482146024704,0.0915923267602921,0.0954199582338333,0.099199116230011,0.101857304573059,0.101420938968658,0.0983675494790077,0.0941864997148514,0.0905179902911186,0.0897482633590698,0.091858446598053,0.0953441113233566,0.0984234660863876,0.0986498668789864,0.0959790199995041,0.0919475480914116,0.0875319987535477,0.0830786526203156,0.0787035524845123,0.0744067132472992,0.0701519995927811,0.0659265220165253,0.0617350786924362,0.0575612187385559,0.0533988401293755,0.0492476373910904,0.0451136082410812,0.0410043559968472,0.0374418497085571,0.0365165546536446,0.0386344008147717,0.0422924309968948,0.0464307405054569,0.0506370738148689,0.0547715872526169,0.0588280484080315,0.0628289729356766,0.0668114572763443,0.0700898393988609,0.0705427601933479,0.0680800229310989,0.0642130374908447,0.059913232922554,0.055567629635334,0.051300335675478,0.0471156463027,0.0429803878068924,0.0388719215989113,0.0351395308971405,0.0337457768619061,0.0354944653809071,0.0389777347445488,0.0427457168698311,0.0442781671881676,0.0425793789327145,0.0390772931277752,0.0349433645606041,0.0307001937180758,0.0265356786549091,0.0224377103149891,0.0183972008526325,0.0144011415541172,0.0104191536083817,0.0064378175884485,0.0024750207085162,-0.0014588143676519,-0.005377487745136,-0.009296610020101,-0.0130059635266662,-0.0147400004789233,-0.0132108610123396,-0.0096935229375958,-0.0056739877909421,-0.0034981425851583,-0.0045872526243329,-0.0077201360836625,-0.0116286817938089,-0.0157132167369127,-0.0197367928922176,-0.0236690957099199,-0.0275627411901951,-0.0314132682979107,-0.0352535024285316,-0.0390791445970535,-0.0429002456367016,-0.0467088297009468,-0.0505009107291698,-0.0542866438627243,-0.0579599849879742,-0.059989757835865,-0.0588131994009018,-0.0553925558924675,-0.0511039793491364,-0.0466303154826164,-0.0421964600682259,-0.0378442853689194,-0.0335387997329235,-0.0292726699262857,-0.0250307209789753,-0.0208233073353767,-0.0166300497949123,-0.0124537060037255,-0.0084422621876001,-0.0062748230993747,-0.0073573975823819,-0.0105240773409605,-0.014497097581625,-0.0186444073915482,-0.022727420553565,-0.0254431627690792,-0.0249313656240702,-0.0219361111521721,-0.0179123021662235,-0.0136018311604857,-0.0093009807169437,-0.0050819939933717,-0.0009650132269598,0.0018258376512676,0.0013989693252369,-0.001501646824181,-0.0054039889946579,-0.0095773348584771,-0.0137449773028493,-0.0178191103041172,-0.0218269731849432,-0.0258019752800465,-0.0297426395118237,-0.0336712189018726,-0.0375777781009674,-0.0405055619776249,-0.0404377654194832,-0.0376473963260651,-0.0336394719779491,-0.0292918086051941,-0.0249657295644283,-0.0218503959476948,-0.0218873284757137,-0.0245256684720516,-0.0282948575913906,-0.0323682390153408,-0.0364325121045113,-0.0404229760169983,-0.0443427674472332,-0.048223827034235,-0.0520769320428371,-0.0559154264628887,-0.0597437247633934,-0.0635484382510185,-0.0673310309648514,-0.0704688131809235,-0.0708033069968224,-0.0682063549757004,-0.0641917213797569,-0.0597527027130127,-0.0552965514361858,-0.0517219305038452,-0.0511167235672474,-0.0533671416342258,-0.0569379180669785,-0.0609018728137016,-0.0648815259337425,-0.0688006579875946,-0.072640597820282,-0.0764329880475998,-0.0802044048905373,-0.0839671865105629,-0.0877254530787468,-0.0914502143859863,-0.0951583012938499,-0.0984081327915192,-0.0991834700107574,-0.096870169043541,-0.0929224863648415,-0.0888843908905983,-0.0872796773910522,-0.0888217389583588,-0.092030830681324,-0.0958068296313286,-0.0996829643845558,-0.103496037423611,-0.107228323817253,-0.110914185643196,-0.114558309316635,-0.118203684687614,-0.121836468577385,-0.125466033816338,-0.129080921411514,-0.132687911391258,-0.136279433965683,-0.139599621295929,-0.140741378068924,-0.138702228665352,-0.134793698787689,-0.130266696214676,-0.125613421201706,-0.121026165783405,-0.116537936031818,-0.112363815307617,-0.110393211245537,-0.111612766981125,-0.114694945514202,-0.118438750505447,-0.122325301170349,-0.126137182116508,-0.129863262176514,-0.133540645241737,-0.137182787060738,-0.14080972969532,-0.144435197114944,-0.147899925708771,-0.149547964334488,-0.147957786917686,-0.144244685769081,-0.13976389169693,-0.135130941867828,-0.130744382739067,-0.128438830375671,-0.129395797848701,-0.132338330149651,-0.136003762483597,-0.139827370643616,-0.143600538372993,-0.147288590669632,-0.150926113128662,-0.15453627705574,-0.158110454678535,-0.161665618419647,-0.165215641260147,-0.168751940131187,-0.172213077545166,-0.174198538064957,-0.17301133275032,-0.169461712241173,-0.165052026510239,-0.161877393722534,-0.161909729242325,-0.16436205804348,-0.167808413505554,-0.171520814299583,-0.175207376480103,-0.178797632455826,-0.182333514094353,-0.185836762189865,-0.189315989613533,-0.192786827683449,-0.196239084005356,-0.199684739112854,-0.203110784292221,-0.206525087356567,-0.209897041320801,-0.212139204144478,-0.211324647068977,-0.207903474569321,-0.203399881720543,-0.198609009385109,-0.193823277950287,-0.189142644405365,-0.184542685747147,-0.179984897375107,-0.175450161099434,-0.170931071043015,-0.166450411081314,-0.161989599466324,-0.157550513744354,-0.153145730495453,-0.148770719766617,-0.145515784621239,-0.145359009504318,-0.147813886404037,-0.151375815272331,-0.154431462287903,-0.154603406786919,-0.15190064907074,-0.147820338606834,-0.143342718482018,-0.138846576213837,-0.134424805641174,-0.130076497793198,-0.125758737325668,-0.121467769145966,-0.117200672626495,-0.112943470478058,-0.109512723982334,-0.109004519879818,-0.111327648162842,-0.114961259067059,-0.118963494896889,-0.122999407351017,-0.12695187330246,-0.13083490729332,-0.134112223982811,-0.134743049740791,-0.132329285144806,-0.128404706716537,-0.124011836946011,-0.119569167494774,-0.115192204713821,-0.110876053571701,-0.106606982648373,-0.102371849119663,-0.0981360003352165,-0.0939235091209412,-0.0903089046478271,-0.0893542170524597,-0.0913860276341438,-0.0949339866638184,-0.0989706739783287,-0.103069424629211,-0.107088178396225,-0.111030951142311,-0.114570453763008,-0.11575685441494,-0.113794565200806,-0.110069699585438,-0.105772085487843,-0.101369768381119,-0.0974709838628769,-0.0961768701672554,-0.0979947373270988,-0.101422131061554,-0.105404458940029,-0.109458267688751,-0.113445296883583,-0.117348901927471,-0.12119297683239,-0.125007793307304,-0.128796964883804,-0.132567211985588,-0.136333405971527,-0.140082716941833,-0.143608465790749,-0.145151525735855,-0.143424704670906,-0.139724314212799,-0.135332196950912,-0.130798667669296,-0.126587674021721,-0.124626576900482,-0.125899702310562,-0.1290482878685,-0.132852494716644,-0.136774569749832,-0.140637755393982,-0.144418641924858,-0.148136302828789,-0.151820987462997,-0.155472576618195,-0.159116670489311,-0.162758678197861,-0.166368782520294,-0.169858396053314,-0.171706408262253,-0.170344993472099,-0.166741922497749,-0.162290424108505,-0.157643482089043,-0.153040632605553,-0.148529976606369,-0.144084215164185,-0.139672413468361,-0.135271459817886,-0.130910009145737,-0.126633629202843,-0.124011300504208,-0.124670550227165,-0.127544581890106,-0.131291434168816,-0.135246202349663,-0.13915154337883,-0.142972216010094,-0.146700695157051,-0.149109646677971,-0.148313388228416,-0.145055398344994,-0.140797734260559,-0.136278495192528,-0.13177016377449,-0.127354800701141,-0.123037666082382,-0.12004154920578,-0.120259553194046,-0.122942075133324,-0.126635953783989,-0.130595326423645,-0.134541600942612,-0.138395711779594,-0.142183631658554,-0.145926088094711,-0.14963473379612,-0.153331995010376,-0.157007575035095,-0.159698769450188,-0.159400522708893,-0.156376078724861,-0.152150809764862,-0.147587910294533,-0.143021613359451,-0.138544976711273,-0.134134188294411,-0.12976148724556,-0.125444337725639,-0.122256934642792,-0.122185282409191,-0.124717637896538,-0.128364458680153,-0.132316544651985,-0.136254385113716,-0.140101730823517,-0.143883764743805,-0.147625684738159,-0.151336267590523,-0.154355227947235,-0.154569506645203,-0.1518744379282,-0.147780418395996,-0.143953591585159,-0.142856791615486,-0.144728675484657,-0.148067370057106,-0.151846960186958,-0.15568320453167,-0.159459993243217,-0.163143053650856,-0.166773587465286,-0.170378670096397,-0.173960670828819,-0.177533864974976,-0.181089118123055,-0.184644907712936,-0.188171252608299,-0.191676989197731,-0.19472473859787,-0.195290550589561,-0.19277361035347,-0.188637167215347,-0.183978229761124,-0.179250374436378,-0.174602717161179,-0.170040726661682,-0.16553071141243,-0.161055326461792,-0.156605556607246,-0.152183994650841,-0.147774815559387,-0.143376111984253,-0.139560505747795,-0.138423681259155,-0.140267759561539,-0.14362844824791,-0.14748141169548,-0.151386395096779,-0.154957786202431,-0.156279385089874,-0.154370918869972,-0.150594800710678,-0.146179527044296,-0.141645461320877,-0.137174859642982,-0.132786482572556,-0.128444999456406,-0.12411567568779,-0.119812220335007,-0.115532413125038,-0.111264333128929,-0.10701921582222,-0.102803692221642,-0.098596915602684,-0.0946714207530022,-0.0929669737815857,-0.0944430008530617,-0.0977604389190674,-0.101594515144825,-0.10373205691576,-0.102598644793034,-0.0992812141776085,-0.0952745974063873,-0.0929249003529549,-0.0938359647989273,-0.0969003140926361,-0.100793495774269,-0.104889392852783,-0.108933657407761,-0.112888231873512,-0.116781070828438,-0.120634838938713,-0.124470129609108,-0.128276616334915,-0.132073417305946,-0.135840520262718,-0.139606460928917,-0.143355697393417,-0.147006273269653,-0.149166792631149,-0.148147463798523,-0.144764006137848,-0.140452802181244,-0.135916247963905,-0.131409302353859,-0.126982301473618,-0.122669644653797,-0.119887262582779,-0.120318859815598,-0.123080208897591,-0.126793369650841,-0.130738854408264,-0.134656772017479,-0.138499036431313,-0.14227120578289,-0.146004259586334,-0.149710416793823,-0.153387472033501,-0.157048791646957,-0.160696923732758,-0.164328694343567,-0.167956203222275,-0.171540886163712,-0.175120741128922,-0.178685367107391,-0.182224690914154,-0.185746446251869,-0.189247980713844,-0.192711889743805,-0.19487090408802,-0.193864524364471,-0.19038450717926,-0.185914874076843,-0.181186929345131,-0.176490426063538,-0.171883016824722,-0.16734391450882,-0.162849009037018,-0.158389627933502,-0.154762774705887,-0.154052168130875,-0.15614178776741,-0.159532010555267,-0.163309872150421,-0.167114391922951,-0.169873490929604,-0.169563606381416,-0.166519865393639,-0.162268429994583,-0.157682418823242,-0.15309950709343,-0.148608177900314,-0.144197344779968,-0.139826163649559,-0.135475635528564,-0.131140857934952,-0.126806944608688,-0.122490704059601,-0.118203550577164,-0.114480428397655,-0.11343627423048,-0.115417502820492,-0.118905499577522,-0.122858166694641,-0.126870691776276,-0.130810096859932,-0.134680688381195,-0.138482928276062,-0.142260834574699,-0.14603154361248,-0.149769350886345,-0.153491333127022,-0.157202422618866,-0.160196036100388,-0.160408437252045,-0.157701954245567,-0.153585374355316,-0.149055659770966,-0.144498363137245,-0.140366584062576,-0.138646066188812,-0.140092745423317,-0.143289506435394,-0.14708699285984,-0.150985941290855,-0.154816493391991,-0.158544361591339,-0.162232279777527,-0.165894955396652,-0.169530555605888,-0.173148959875107,-0.17641681432724,-0.177337244153023,-0.175057291984558,-0.17106369137764,-0.166513890028,-0.161869049072266,-0.157293751835823,-0.15281355381012,-0.148575738072395,-0.146348521113396,-0.147396832704544,-0.150394752621651,-0.154098898172379,-0.157952547073364,-0.161759793758392,-0.165474563837051,-0.168941661715508,-0.17039056122303,-0.168578892946243,-0.164784252643585,-0.160310626029968,-0.155707612633705,-0.15116785466671,-0.146704614162445,-0.142295837402344,-0.137909591197968,-0.133563235402107,-0.129219636321068,-0.125002041459084,-0.122461408376694,-0.123152367770672,-0.126046895980835,-0.129811584949493,-0.13378843665123,-0.137720450758934,-0.141571775078773,-0.145361393690109,-0.149117946624756,-0.15283676981926,-0.156548112630844,-0.160158589482307,-0.162099152803421,-0.160780236124992,-0.157238662242889,-0.152854219079018,-0.148287877440453,-0.143764048814774,-0.139319986104965,-0.134965091943741,-0.131940215826035,-0.132106974720955,-0.134735301136971,-0.138335138559341,-0.140904441475868,-0.140334248542786,-0.137217998504639,-0.133012622594833,-0.128552719950676,-0.124100282788277,-0.119725778698921,-0.115417495369911,-0.111146524548531,-0.106886520981789,-0.102652288973331,-0.0984359905123711,-0.0942382290959358,-0.0900539383292198,-0.0858954787254333,-0.0817579030990601,-0.0786196514964104,-0.0784836187958717,-0.0810609608888626,-0.0848488509654999,-0.0889857634902,-0.0931296795606613,-0.0971875041723251,-0.101167157292366,-0.10509342700243,-0.109002061188221,-0.112879127264023,-0.116727314889431,-0.11960357427597,-0.119432099163532,-0.116555698215961,-0.112486153841019,-0.108091533184052,-0.103688269853592,-0.0993511155247688,-0.0950735807418823,-0.0915329530835152,-0.0908151566982269,-0.0929949134588242,-0.096564456820488,-0.0998936295509338,-0.100507989525795,-0.0981393232941628,-0.0942863970994949,-0.0899774432182312,-0.0856299102306366,-0.0813439041376114,-0.0771427750587463,-0.0729844868183136,-0.0688490942120552,-0.0647265762090683,-0.0606145448982716,-0.0565239489078522,-0.0524510964751244,-0.0483844876289368,-0.0443409383296967,-0.0407740399241447,-0.0397110320627689,-0.0417285598814487,-0.0453770160675049,-0.0495593026280403,-0.0538119450211525,-0.0579950958490372,-0.0620989874005318,-0.0661434307694435,-0.0701531171798706,-0.0741420015692711,-0.0781239420175552,-0.0820779874920845,-0.086008720099926,-0.0899184495210648,-0.0938228964805603,-0.0972471982240677,-0.0981748551130295,-0.0960280373692513,-0.0922382920980453,-0.0881799310445786,-0.0862490832805634,-0.087553933262825,-0.0907629579305649,-0.0946521908044815,-0.098689429461956,-0.102664835751057,-0.106562480330467,-0.110404260456562,-0.114205405116081,-0.117631889879704,-0.118702292442322,-0.116641975939274,-0.112830705940723,-0.10844774544239,-0.103971786797047,-0.0995583236217499,-0.0952235162258148,-0.0909313857555389,-0.0866672694683075,-0.0825778096914291,-0.080332413315773,-0.0813372358679771,-0.0844410955905914,-0.0883378759026527,-0.0924002379179001,-0.0964091122150421,-0.100343033671379,-0.104211121797562,-0.108053609728813,-0.111875727772713,-0.115669012069702,-0.119312539696693,-0.121098712086678,-0.119660824537277,-0.116118855774403,-0.111799165606499,-0.107324451208115,-0.102890372276306,-0.098538763821125,-0.09431242197752,-0.0916038975119591,-0.0920983552932739,-0.0949280261993408,-0.0987038537859917,-0.102721154689789,-0.106627598404884,-0.108784638345242,-0.107633277773857,-0.104249179363251,-0.100020974874496,-0.0956102460622787,-0.0912253111600876,-0.0869164168834686,-0.0826660990715027,-0.078450046479702,-0.0742512121796608,-0.0700701251626015,-0.0659111067652702,-0.0617663636803627,-0.0576594509184361,-0.0547068640589714,-0.0548643134534359,-0.0576435886323452,-0.0614707283675671,-0.0644684806466103,-0.0644004344940186,-0.0616844221949577,-0.0577815733850002,-0.0535357259213924,-0.0492942407727242,-0.045131329447031,-0.0410458259284496,-0.0369850546121597,-0.0329566523432732,-0.028965562582016,-0.0249730441719294,-0.0209856294095516,-0.0170022435486317,-0.013035292737186,-0.0090910233557224,-0.0059915287420153,-0.0058027533814311,-0.0084004793316125,-0.0123175429180264,-0.0166261084377766,-0.0209637153893709,-0.0252168085426092,-0.0293977074325085,-0.0335402749478817,-0.0376365780830383,-0.041696835309267,-0.0457516983151436,-0.0497947297990322,-0.0538103878498077,-0.0578167103230953,-0.0617934390902519,-0.0649194568395615,-0.0651343166828156,-0.0625449046492577,-0.0586363859474659,-0.0549070835113525,-0.0538137815892696,-0.055806465446949,-0.0593315735459328,-0.0633755177259445,-0.0674855336546898,-0.0715152993798256,-0.0754742175340652,-0.0793784260749817,-0.0832509025931358,-0.0871153771877289,-0.0909582227468491,-0.0947810560464859,-0.0986009985208511,-0.101691961288452,-0.102000400424004,-0.099400483071804,-0.0954023376107216,-0.0909933745861053,-0.086549274623394,-0.0825324952602386,-0.0809425413608551,-0.0825116485357285,-0.0858289301395416,-0.0894081890583038,-0.0907216742634773,-0.0888372287154198,-0.0851557776331902,-0.0808445066213608,-0.0764462649822235,-0.0720989927649498,-0.0678180530667305,-0.0635925009846687,-0.0594047680497169,-0.0552414655685425,-0.0510831922292709,-0.0469429157674313,-0.0428216643631458,-0.0387245267629623,-0.0346420407295227,-0.0307686887681484,-0.0289344508200884,-0.0303469058126211,-0.0337230749428272,-0.0378145202994347,-0.042052336037159,-0.0462270863354206,-0.0503275096416473,-0.0543747805058956,-0.0583828650414944,-0.0623613372445107,-0.0663382858037949,-0.0700777992606163,-0.0718052089214325,-0.0703171715140343,-0.0668372958898544,-0.0626379996538162,-0.0583001598715782,-0.0539955422282219,-0.0497714281082153,-0.0457229539752007,-0.043386735022068,-0.0442737266421318,-0.0473693199455738,-0.0513300150632858,-0.0554969049990177,-0.0594647936522961,-0.0615110099315643,-0.0602796450257301,-0.0569344982504845,-0.0527897141873837,-0.0484879948198795,-0.0442246682941914,-0.0400439538061619,-0.0359199158847332,-0.0318363830447197,-0.0277700759470463,-0.0237152352929115,-0.0196691062301397,-0.0156460888683796,-0.0116781713441014,-0.0090422891080379,-0.0095979459583759,-0.0125994123518467,-0.0166246257722378,-0.0209187716245651,-0.0251983124762774,-0.029398487880826,-0.0335249044001102,-0.037594486027956,-0.0416453182697296,-0.0456876009702682,-0.0497140809893608,-0.0537185370922089,-0.0576308108866215,-0.0600572302937508,-0.0592644438147545,-0.0560987964272499,-0.0519989654421806,-0.0476767867803574,-0.0433957129716873,-0.0401901304721832,-0.0400544889271259,-0.0426304638385773,-0.0464183986186981,-0.0505650788545609,-0.0547098927199841,-0.0587610378861427,-0.0627449005842209,-0.066694937646389,-0.0705899521708488,-0.0733422785997391,-0.0730074569582939,-0.0700319185853004,-0.0659691840410233,-0.0616151615977287,-0.0572740435600281,-0.0530045256018639,-0.0487846881151199,-0.0446020141243935,-0.0404504425823689,-0.0370214879512787,-0.0364085882902145,-0.0386949107050896,-0.0423900634050369,-0.0465196296572685,-0.0507033914327621,-0.0539798885583878,-0.0542706325650215,-0.0517011359333992,-0.0478187054395676,-0.0435736104846001,-0.0392968356609344,-0.0350878983736038,-0.0309593752026558,-0.0268685575574636,-0.0227795466780663,-0.0187290161848068,-0.0146898999810219,-0.0106732528656721,-0.0066833687014877,-0.0031660995446145,-0.0021536888089031,-0.0042276587337255,-0.0079254433512687,-0.012167114764452,-0.0164771601557732,-0.0207195617258549,-0.0248841028660536,-0.0289921816438437,-0.0330761931836605,-0.0371261388063431,-0.0411743558943272,-0.0452036634087563,-0.0492040514945984,-0.0531935356557369,-0.0571701005101204,-0.0606620833277702,-0.0616574734449387,-0.0595550797879696,-0.0558144301176071,-0.0518111288547516,-0.0499575883150101,-0.0513257533311844,-0.0545879453420639,-0.0585482008755207,-0.0626537427306175,-0.0666931197047234,-0.0706506296992302,-0.0745581835508347,-0.0784441530704498,-0.0819316655397415,-0.0830778703093529,-0.081083282828331,-0.0773323178291321,-0.0730048418045044,-0.0685979425907135,-0.0642371475696564,-0.0599561929702759,-0.055730264633894,-0.0515269860625267,-0.0474994108080864,-0.0453196838498116,-0.046391736716032,-0.0495844408869743,-0.0535567179322243,-0.0576932653784752,-0.0617819875478745,-0.0657829940319061,-0.0697421580553055,-0.0736546143889427,-0.0775443688035011,-0.0814263895153999,-0.0852895826101303,-0.0891372784972191,-0.0929599106311798,-0.0967499911785126,-0.100377529859543,-0.10218857228756,-0.100750669836998,-0.0972057804465294,-0.0929669886827469,-0.0900425016880035,-0.09034363925457,-0.0930512398481369,-0.0966703593730927,-0.0990809425711632,-0.0982892066240311,-0.095045380294323,-0.090834952890873,-0.0863940864801407,-0.0819851830601692,-0.0776442885398865,-0.0733557119965553,-0.0691028535366058,-0.0648718476295471,-0.0606653727591038,-0.0564672946929932,-0.0522887483239174,-0.0481324791908264,-0.0439986661076546,-0.0398965328931808,-0.0369644835591316,-0.0371511466801167,-0.0399499721825123,-0.0438370071351528,-0.0480090901255608,-0.0521835908293724,-0.0562812611460686,-0.0603043287992477,-0.0642866045236588,-0.0682273358106613,-0.0708141773939133,-0.0702142342925072,-0.067166768014431,-0.0631082206964493,-0.058787427842617,-0.0544742308557034,-0.0502360425889492,-0.0460639260709286,-0.0419283546507359,-0.0378139056265354,-0.0345692858099937,-0.0342421308159828,-0.0367211401462555,-0.0404988415539265,-0.0438330471515656,-0.0442920103669167,-0.0418621078133583,-0.0380771607160568,-0.0338756032288074,-0.0296429824084044,-0.0254839807748795,-0.0213924646377563,-0.0173457972705364,-0.0133247086778283,-0.009325229562819,-0.0053443820215761,-0.0013669540639966,0.0025971711147576,0.0065341303125023,0.0104602640494704,0.0138074280694127,0.0144821740686893,0.0121274935081601,0.0082772616297006,0.0045227003283798,0.003368061967194,0.005250453017652,0.0087271202355623,0.0127381542697549,0.0168174561113119,0.0208215918391943,0.0247590150684118,0.0286360420286655,0.0324971675872803,0.0363473370671272,0.0401910692453384,0.0440235324203968,0.0478422567248344,0.051634170114994,0.0554258786141872,0.0588209927082062,0.0598601624369621,0.0577782541513443,0.0539525821805,0.049551822245121,0.0450641103088856,0.0406296588480473,0.0362919270992279,0.03199752420187,0.0277413502335548,0.0235085263848305,0.0193095356225967,0.0151291759684682,0.0109575903043151,0.0072579178959131,0.006101468577981,0.0080199474468827,0.0115617448464036,0.0156433060765266,0.0198184326291084,0.0237063094973564,0.0254742633551359,0.0239670388400555,0.0205028634518385,0.0163217298686504,0.0120046986266971,0.007742871530354,0.0035525679122656,-0.0003796935197897,-0.002260114531964,-0.0008875439525581,0.0024547218345105,0.006505848839879,0.0107107684016228,0.0148605238646269,0.01892782561481,0.0229308139532804,0.026914969086647,0.0308684688061476,0.0347963981330395,0.0386103466153145,0.0407443195581436,0.0396537110209465,0.0363236702978611,0.0321354828774929,0.0277550220489502,0.0235727727413177,0.0213179402053356,0.0223237089812756,0.0254590548574924,0.0293944366276264,0.0334879234433174,0.0375346392393112,0.0415100045502186,0.0454252623021603,0.0493179559707642,0.0531845204532146,0.0570438131690025,0.0608813464641571,0.0647094026207924,0.0684902369976044,0.0709212943911552,0.0701749697327614,0.0669649988412857,0.0627463683485985,0.0582848936319351,0.053889699280262,0.0510528460144997,0.0514950156211853,0.0543169118463993,0.0580906756222248,0.0620855167508125,0.0660571902990341,0.0699536800384521,0.0737831741571426,0.0775820687413216,0.0813643485307693,0.0851393043994904,0.0888980403542519,0.0926309302449226,0.0963322818279266,0.0990224480628967,0.0987026989459991,0.0956971570849419,0.0915003344416618,0.0879414081573486,0.0873898267745972,0.0895981043577194,0.0930696725845337,0.0969290286302567,0.100797981023788,0.104602143168449,0.108338408172131,0.112043514847755,0.115712270140648,0.119368553161621,0.123016230762005,0.126654505729675,0.130285188555717,0.133894979953766,0.13749948143959,0.140376716852188,0.14045949280262,0.137637376785278,0.133443161845207,0.128843486309052,0.124217092990875,0.119668506085873,0.11519381403923,0.111428037285805,0.11048287153244,0.112454064190388,0.115839071571827,0.119666531682014,0.123529478907585,0.127328410744667,0.131054371595383,0.134729295969009,0.138382971286774,0.142028942704201,0.145668044686317,0.148820474743843,0.149448245763779,0.147004842758179,0.142958849668503,0.138395309448242,0.133775174617767,0.129776507616043,0.128489658236504,0.130229979753494,0.133506238460541,0.137284621596336,0.14112588763237,0.144886583089828,0.148563906550407,0.152204155921936,0.155804514884949,0.159401595592499,0.162982314825058,0.166548609733582,0.17009162902832,0.173333078622818,0.174360454082489,0.172215431928635,0.168238118290901,0.163919448852539,0.161640748381615,0.162601634860039,0.165511503815651,0.169101759791374,0.172834634780884,0.176515370607376,0.180113017559052,0.183651983737946,0.187163770198822,0.190641760826111,0.19411027431488,0.197571575641632,0.201022356748581,0.204458460211754,0.207881659269333,0.211136236786842,0.212536051869392,0.210708379745483,0.206784799695015,0.202136933803558,0.197324618697166,0.192574933171272,0.187922745943069,0.183326855301857,0.178777426481247,0.174248576164246,0.169756308197975,0.165289431810379,0.160834580659866,0.156379416584969,0.151948273181915,0.147690802812576,0.145267173647881,0.146091684699059,0.149036422371864,0.152695685625076,0.155010640621185,0.154094055294991,0.150784507393837,0.14651070535183,0.142005577683449,0.137530028820038,0.133132174611092,0.128792017698288,0.124484106898308,0.120215550065041,0.115959420800209,0.111782796680927,0.109088093042374,0.109614692628384,0.112513311207294,0.116329684853554,0.120381623506546,0.124412573873997,0.128350496292114,0.132195025682449,0.134837076067924,0.134356945753098,0.131286308169365,0.127127408981323,0.122689947485924,0.118256419897079,0.113888129591942,0.109600096940994,0.105349004268646,0.10111702978611,0.0969150513410568,0.0927522853016853,0.0897487103939056,0.0898320525884628,0.0925113335251808,0.0963062420487404,0.100407034158707,0.104499153792858,0.108497656881809,0.112419903278351,0.115437269210815,0.115534752607346,0.11283840239048,0.108838878571987,0.104448467493057,0.100052990019321,0.0967232808470726,0.0964862704277039,0.0989680886268616,0.102662198245525,0.106694363057613,0.110745817422867,0.114725202322006,0.118620283901691,0.122470088303089,0.126295238733292,0.130095988512039,0.133880525827408,0.137641310691833,0.141383469104767,0.144552275538445,0.145027592778206,0.142475500702858,0.13845282793045,0.133981376886368,0.129461586475372,0.125690549612045,0.124785281717777,0.126811191439629,0.130274370312691,0.134167730808258,0.138089671730995,0.141939491033554,0.145712912082672,0.149446979165077,0.153141438961029,0.156813696026802,0.16046629846096,0.164118066430092,0.167755663394928,0.170984357595444,0.171844556927681,0.169575095176697,0.165575131773949,0.161026373505592,0.156388118863106,0.151817232370377,0.147323086857796,0.142876654863358,0.138465017080307,0.134067416191101,0.129689171910286,0.125673308968544,0.124054588377476,0.125589787960052,0.12884709239006,0.132701933383942,0.136665344238281,0.140561103820801,0.144384399056435,0.147932052612305,0.149399936199188,0.147635638713837,0.143911838531494,0.139500588178635,0.134970337152481,0.130486279726028,0.126076966524124,0.121898837387562,0.119809366762638,0.120965071022511,0.124081298708916,0.127911821007729,0.131879851222038,0.135809287428856,0.139663219451904,0.143452629446983,0.147203266620636,0.150923758745193,0.154639944434166,0.158229142427444,0.160121202468872,0.158796072006226,0.155244782567024,0.150835067033768,0.146255970001221,0.141712576150894,0.137246668338776,0.13283970952034,0.128461971879005,0.124264091253281,0.121922217309475,0.122825026512146,0.125855356454849,0.129653722047806,0.133615180850029,0.137538492679596,0.141386672854424,0.145173713564873,0.148909389972687,0.152584001421928,0.154903873801231,0.154033690690994,0.150727242231369,0.146485596895218,0.143265753984451,0.143207669258118,0.145697206258774,0.149271726608276,0.153118878602982,0.156951665878296,0.160709410905838,0.164395302534103,0.168040886521339,0.171670213341713,0.175269410014153,0.178857535123825,0.182433411478996,0.185986414551735,0.189523607492447,0.193027317523956,0.195508807897568,0.194989025592804,0.191772475838661,0.187375724315643,0.182673841714859,0.177972003817558,0.17336417734623,0.168819785118103,0.164331614971161,0.159859552979469,0.155401065945625,0.150949314236641,0.146530970931053,0.142165943980217,0.138972669839859,0.138878643512726,0.141359895467758,0.144954711198807,0.148854583501816,0.152752682566643,0.155849426984787,0.156072020530701,0.153379648923874,0.149308279156685,0.144821539521217,0.140312701463699,0.135856673121452,0.131462439894676,0.127118125557899,0.122813269495964,0.118525452911854,0.114262357354164,0.110007286071777,0.105768345296383,0.1015500202775,0.0973591953516006,0.0938728302717209,0.093196801841259,0.0954244136810303,0.0990534201264381,0.102630101144314,0.103730216622353,0.10170517116785,0.0979888737201691,0.0941801145672798,0.0928085073828697,0.0945664867758751,0.0980070978403091,0.102005898952484,0.106096610426903,0.110119365155697,0.114055380225182,0.117936491966248,0.1217992156744,0.125646620988846,0.12946555018425,0.133262977004051,0.137055829167366,0.140828266739845,0.144575014710426,0.148012384772301,0.149231553077698,0.147271260619164,0.143455222249031,0.139021337032318,0.134477704763412,0.129997909069061,0.125585183501244,0.121505290269852,0.119657143950462,0.120997361838818,0.124182194471359,0.128024041652679,0.131980374455452,0.135875299572945,0.139698505401611,0.143476158380508,0.147223234176636,0.150929763913155,0.1546361297369,0.158316195011139,0.16196970641613,0.165616527199745,0.169244423508644,0.172847986221313,0.176425367593765,0.179995328187943,0.183562785387039,0.187103763222694,0.190616846084595,0.193918526172638,0.19515922665596,0.19316066801548,0.189232051372528,0.184620410203934,0.179897427558899,0.175236389040947,0.170648500323296,0.16611684858799,0.161632031202316,0.157236382365227,0.154347687959671,0.154656976461411,0.157302603125572,0.160896688699722,0.164733722805977,0.168436750769615,0.170343190431595,0.168966561555862,0.165368065237999,0.160945281386375,0.156353548169136,0.15181291103363,0.147344812750816,0.142923921346664,0.138546168804169,0.134201779961586,0.129867777228355,0.125556513667107,0.12126787006855,0.117002174258232,0.113884083926678,0.113889031112194,0.116499796509743,0.120223268866539,0.124239914119244,0.128260836005211,0.13218492269516,0.136045202612877,0.139862254261971,0.143644765019417,0.147416934370995,0.151168763637543,0.154894217848778,0.15855684876442,0.160858869552612,0.159991353750229,0.156678631901741,0.152347147464752,0.147793859243393,0.143276304006577,0.139655336737633,0.138998866081238,0.141161918640137,0.144642934203148,0.148513913154602,0.152397125959396,0.156215831637383,0.159951001405716,0.16364398598671,0.167305260896683,0.170949652791023,0.174576699733734,0.177356615662575,0.177172616124153,0.174170106649399,0.169907420873642,0.165299773216248,0.160686671733856,0.156156748533249,0.151677936315536,0.147789299488068,0.146617755293846,0.148444771766663,0.151766419410706,0.155568331480026,0.159433037042618,0.163221448659897,0.166936680674553,0.170030876994133,0.170404821634293,0.167781740427017,0.16367994248867,0.159128189086914,0.154533490538597,0.150012165307999,0.145558327436447,0.141161918640137,0.136785209178925,0.132426142692566,0.128100365400314,0.124149151146412,0.122565031051636,0.124104529619217,0.127398982644081,0.131289407610893,0.135276898741722,0.139201059937477,0.143059909343719,0.146861165761948,0.150614887475967,0.154348105192184,0.158069893717766,0.161421820521355,0.16234028339386,0.160124927759171,0.156202167272568,0.15171891450882,0.147152379155159,0.142661914229393,0.13823439180851,0.134037643671036,0.131908565759659,0.13302119076252,0.136101320385933,0.139659255743027,0.141325369477272,0.139754995703697,0.136161968111992,0.13182221353054,0.127350270748138,0.12291631102562,0.118563562631607,0.114273339509964,0.110015973448753,0.105769246816635,0.101540096104145,0.0973552986979485,0.0931680276989937,0.0889937058091164,0.0848414450883865,0.0808107405900955,0.0784557238221169,0.0793327316641808,0.0824289917945862,0.0864015594124794,0.0905671045184135,0.0946901068091393,0.0987264066934586,0.102683871984482,0.106611177325249,0.110512435436249,0.114416413009167,0.118180945515633,0.120228618383408,0.119048863649368,0.115660965442657,0.111428141593933,0.106998935341835,0.102599762380123,0.0982857793569565,0.094059132039547,0.0911939293146133,0.0915276855230331,0.0942923873662949,0.0980267375707626,0.100689202547073,0.100196301937103,0.0971884056925774,0.0931266620755196,0.0887880548834801,0.0844521671533585,0.0802041813731194,0.0760209262371063,0.0718658939003944,0.0677451118826866,0.0636333599686623,0.0595537014305592,0.0554837100207806,0.051420196890831,0.047375924885273,0.0433527156710625,0.0403318628668785,0.0403110757470131,0.0430086590349674,0.0469104796648026,0.0511517152190208,0.0553972944617271,0.0595632791519165,0.0636550337076187,0.0676991045475006,0.0717098563909531,0.0757135078310966,0.0796970427036285,0.083667665719986,0.087606780230999,0.0915266275405884,0.0954115465283394,0.098270982503891,0.0981122702360153,0.0952538847923279,0.0911877900362015,0.0874935165047646,0.0866028293967247,0.0886666402220726,0.0921871736645699,0.0961755514144897,0.100208669900894,0.104157775640488,0.108033232390881,0.11186608672142,0.115659639239311,0.118571765720844,0.118560999631882,0.115759536623955,0.111676916480064,0.107210047543049,0.102742448449135,0.0983370468020439,0.0940048769116402,0.0897252857685089,0.0854712575674057,0.0817081332206726,0.0804600119590759,0.0822862833738327,0.0857600271701813,0.0897567942738533,0.0938337743282318,0.097849428653717,0.101773351430893,0.105647422373295,0.109503649175167,0.113331139087677,0.117157392203808,0.12048351764679,0.121270507574081,0.118976131081581,0.115074090659618,0.110654026269913,0.1061727181077,0.101744577288628,0.0973924174904823,0.0933839976787567,0.0916014313697815,0.093009814620018,0.0962534323334694,0.100152350962162,0.104196719825268,0.107808955013752,0.10892840474844,0.106876581907272,0.103096626698971,0.0987405255436897,0.0943072140216827,0.0899429023265839,0.0856441408395767,0.0814087241888046,0.0772143602371216,0.0730303376913071,0.0688561350107193,0.0647056996822357,0.0605791434645653,0.0566114597022533,0.0544877238571644,0.0556162372231483,0.0588617771863937,0.0627183169126511,0.0648616105318069,0.0637444034218788,0.0604860968887806,0.0564163252711296,0.0521608144044876,0.0479530729353428,0.0438334494829178,0.0397715494036674,0.035729605704546,0.031711757183075,0.0276921615004539,0.0236972533166409,0.0197242628782988,0.0157442148774862,0.0117852911353111,0.0079225990921258,0.0055567361414432,0.0063756080344319,0.0095363678410649,0.0136475041508675,0.0179789941757917,0.0222858302295208,0.026510164141655,0.0306690745055676,0.0347838252782822,0.0388758406043053,0.042948342859745,0.0470083728432655,0.051057830452919,0.055086974054575,0.0590813271701336,0.0629911720752716,0.0653587505221367,0.0645244494080544,0.061355147510767,0.0572701320052147,0.0540934875607491,0.0540859811007977,0.0567299798130989,0.0605071671307087,0.0646038502454758,0.0687039494514465,0.0727183595299721,0.0766622126102448,0.0805673450231552,0.0844505727291107,0.0883080363273621,0.0921521037817001,0.0959865748882294,0.0997612401843071,0.102160170674324,0.101396426558495,0.0981893241405487,0.093966044485569,0.0895058885216713,0.0850736498832703,0.0815718024969101,0.081024132668972,0.0833041667938232,0.0868857130408287,0.0900163576006889,0.0902037471532822,0.0875383391976357,0.0835605710744858,0.0791717767715454,0.0747648924589157,0.0704331323504448,0.0661711171269417,0.061952255666256,0.0577655844390392,0.053608488291502,0.0494675487279892,0.0453319624066353,0.0412167832255363,0.0371180176734924,0.0330472514033318,0.0295350011438131,0.0287386476993561,0.0309382472187281,0.0346439257264137,0.0388264805078506,0.0430540591478348,0.0472259223461151,0.0513232909142971,0.0553791411221027
-0.0220247134566307,-0.0199515204876661,-0.0178883597254753,-0.0158381126821041,-0.0137915788218379,-0.0117613188922405,-0.0102202780544758,-0.0101716872304678,-0.0114511493593454,-0.0133361974731088,-0.0153862526640296,-0.0174506716430187,-0.0194774139672518,-0.0214803759008646,-0.0234575048089027,-0.025415226817131,-0.0268050637096167,-0.0266599524766207,-0.0252468474209309,-0.0232713297009468,-0.0211551822721958,-0.0190334375947714,-0.0169377941638231,-0.0148738324642181,-0.012832029722631,-0.0108060436323285,-0.0091277798637747,-0.0088300909847021,-0.009958317503333,-0.0117804314941168,-0.0138222090899944,-0.0158885736018419,-0.0175143219530582,-0.0176680237054825,-0.0164232570677996,-0.014528788626194,-0.0124382954090834,-0.0103266499936581,-0.0082527697086334,-0.0062206373549997,-0.0042053596116602,-0.0022002463229,-0.0002022575645241,0.0017931157490238,0.0037848609499633,0.0057648424990475,0.0075041688978672,0.0080031584948301,0.0069808098487556,0.0051621422171592,0.0030758318025618,0.0009437733097001,-0.001165286055766,-0.0032241796143353,-0.0052656386978924,-0.0073036160320043,-0.0090413000434637,-0.0094615733250975,-0.0084098521620035,-0.0066057732328772,-0.0045555895194411,-0.0024685151875019,-0.0004092913004569,0.0016061863861978,0.0036113546229898,0.0055944733321666,0.0074358424171805,0.0081736743450164,0.0073573449626565,0.0056372028775513,0.0035779913887381,0.0014495567884296,-0.0006451111403293,-0.0026989919133484,-0.0047354875132441,-0.0067525464110076,-0.0087563283741474,-0.0107538588345051,-0.0127540230751038,-0.0147439083084464,-0.0167203471064568,-0.0186895336955786,-0.0205096453428268,-0.0212497599422932,-0.0204244256019592,-0.0186765547841787,-0.0166671443730593,-0.0154999867081642,-0.0159663166850805,-0.0174850188195705,-0.0194076113402843,-0.0214158296585083,-0.023412611335516,-0.0253717955201864,-0.0272992309182882,-0.029218889772892,-0.0310291722416878,-0.0318382680416107,-0.0310520622879267,-0.0292913764715195,-0.0271825809031725,-0.0250084940344095,-0.022849241271615,-0.020728811621666,-0.0186369679868221,-0.0165522210299969,-0.0145137142390013,-0.0132254417985678,-0.0135047975927591,-0.0149333011358976,-0.016829464584589,-0.0188420098274946,-0.0208497922867537,-0.0228303410112858,-0.0247833169996738,-0.026715274900198,-0.0286472868174314,-0.0305650047957897,-0.0324816852807999,-0.0343894138932228,-0.0362348929047585,-0.037240345031023,-0.0366633683443069,-0.0349942296743393,-0.0329049713909626,-0.0307213328778744,-0.0285544209182262,-0.0269739422947168,-0.026974730193615,-0.0282462816685438,-0.0300598759204149,-0.0320318937301636,-0.0340050086379051,-0.0359428785741329,-0.0378457047045231,-0.0397186614573002,-0.0415885485708714,-0.0434548556804657,-0.0453210845589638,-0.0471689105033875,-0.0489894226193428,-0.0501632019877434,-0.0497804619371891,-0.048178743571043,-0.0460778437554836,-0.0438480265438557,-0.0416317507624626,-0.039863258600235,-0.0395540222525597,-0.0406237542629242,-0.0423479564487934,-0.0442679710686207,-0.046200942248106,-0.0480884648859501,-0.0499438419938087,-0.0517805330455303,-0.053611658513546,-0.0554363764822483,-0.0572519339621067,-0.0586558468639851,-0.0586130023002625,-0.0571974366903305,-0.0551432073116302,-0.0529008433222771,-0.050639882683754,-0.0484145693480968,-0.0462250895798206,-0.044323056936264,-0.0437516942620277,-0.0446512885391712,-0.0462983772158623,-0.0481977313756943,-0.0501210689544678,-0.0520022958517075,-0.0538477674126625,-0.0556859746575356,-0.0575025156140327,-0.059319868683815,-0.0611259751021862,-0.0629202425479889,-0.064708486199379,-0.0661511719226837,-0.066221684217453,-0.064851202070713,-0.0627947002649307,-0.0605353154242039,-0.0582557991147041,-0.0561859607696533,-0.0553016327321529,-0.0559784434735775,-0.0575091578066349,-0.0591706894338131,-0.0597194619476795,-0.0587129890918732,-0.0568109601736069,-0.054593451321125,-0.0523399710655212,-0.0501147732138634,-0.0479262061417103,-0.0457494668662548,-0.0435943566262722,-0.0414459928870201,-0.0393034629523754,-0.0371682196855545,-0.0350418463349342,-0.0329264886677265,-0.0308186020702124,-0.0288226157426834,-0.0278233960270882,-0.0284150466322899,-0.0299749001860619,-0.0318020507693291,-0.0327228270471096,-0.0320391803979874,-0.0303445607423782,-0.0282709710299969,-0.0261218696832657,-0.0239841565489769,-0.0218863431364298,-0.0198103841394186,-0.0177563019096851,-0.0157132986932993,-0.0136716784909368,-0.0116419270634651,-0.0096202557906508,-0.0076071596704423,-0.0055955569259822,-0.0036546045448631,-0.0025398423895239,-0.003007014747709,-0.004577571991831,-0.0065747564658522,-0.0086750667542219,-0.0106804259121418,-0.0117482449859381,-0.0112055102363229,-0.0096185561269521,-0.0076257493346929,-0.0055512618273496,-0.0034915322903543,-0.0014674075646325,0.0005364492535591,0.0025160983204841,0.0044864891096949,0.0064569427631795,0.0084139481186866,0.0103663681074977,0.0122832451015711,0.0135436691343784,0.0132522862404585,0.0117490133270621,0.0097373351454734,0.0075908382423222,0.0054493485949933,0.0033406540751457,0.0012685313122347,-0.0007797270081937,-0.0028197616338729,-0.0048566414043307,-0.0068837343715131,-0.0088967839255929,-0.010872159153223,-0.0121108936145902,-0.0117547381669283,-0.0102546494454145,-0.0082835191860795,-0.0061869071796536,-0.0041104946285486,-0.0025596537161618,-0.0025235568173229,-0.003830352332443,-0.0057264105416834,-0.0077864555642008,-0.0098578203469514,-0.0118948072195053,-0.0138881662860513,-0.0158564187586308,-0.0178115088492632,-0.019775278866291,-0.0217351075261831,-0.0236752815544605,-0.0256135500967503,-0.0275365263223648,-0.0294389948248863,-0.0308588035404682,-0.0308113396167755,-0.0294141471385956,-0.0274250730872154,-0.0256119426339865,-0.025166092440486,-0.0261715669184923,-0.0278909206390381,-0.0298443380743265,-0.0318276882171631,-0.0337722077965736,-0.0356838963925838,-0.037569921463728,-0.039443027228117,-0.0408936776220798,-0.0409161038696766,-0.0395586118102074,-0.0375557988882065,-0.0353781878948212,-0.0331845059990883,-0.0310125648975372,-0.0288713537156582,-0.0267517045140266,-0.0246390700340271,-0.0227656308561563,-0.0221392214298248,-0.0230351015925407,-0.0247256904840469,-0.0266846176236868,-0.0286807902157307,-0.0306447669863701,-0.0325712338089943,-0.0344797112047672,-0.0363642834126949,-0.0379844941198826,-0.0382711514830589,-0.0370913632214069,-0.0351743139326572,-0.0330139324069023,-0.0308222137391567,-0.0286613740026951,-0.0265421941876411,-0.0244355499744415,-0.02234704233706,-0.0204031690955162,-0.0195491667836905,-0.0202515423297882,-0.0218792371451855,-0.0238260868936777,-0.025836581364274,-0.0278224386274815,-0.0297661498188972,-0.0316963717341423,-0.0336057394742966,-0.0355044081807137,-0.0373978689312935,-0.0391510985791683,-0.0398329459130764,-0.0389245301485062,-0.0370977967977524,-0.0349626131355762,-0.0327641218900681,-0.0305988565087318,-0.028462016955018,-0.0264165867120028,-0.0252926088869572,-0.0257934089750051,-0.0273104589432478,-0.0292102470993996,-0.0311974845826626,-0.0330605879426003,-0.0339067578315735,-0.0331471860408783,-0.0314004831016064,-0.0292894132435322,-0.0271161179989576,-0.0249673500657082,-0.0228457506746054,-0.0207524299621582,-0.018675222992897,-0.0166048388928175,-0.0145370094105601,-0.0124801117926836,-0.010434091091156,-0.0084347380325198,-0.0071833659894764,-0.0075034867040813,-0.0089758718386292,-0.0109183145686984,-0.0129886819049716,-0.015033109113574,-0.0170403309166431,-0.0190165936946869,-0.0209877192974091,-0.0229443684220314,-0.024891022592783,-0.0267977360635996,-0.0279853735119104,-0.0275654308497906,-0.0259987227618694,-0.0239692777395248,-0.0218273811042309,-0.019683875143528,-0.0175804477185011,-0.0155127989128232,-0.0140278665348887,-0.014101879671216,-0.0154289044439793,-0.0172911379486322,-0.0187404043972492,-0.0186852440237999,-0.0173197705298662,-0.0153693435713649,-0.0132635906338692,-0.0111557636409998,-0.009080090560019,-0.0070321019738912,-0.0050015654414892,-0.0029915105551481,-0.0009795441292226,0.0010246431920677,0.0030192218255251,0.0050073647871613,0.006985692307353,0.0089529305696487,0.0104969879612327,0.0105921262875199,0.0093071907758712,0.0073891514912247,0.0052708992734551,0.0031471694819629,0.0015514558181166,0.0014571652282029,0.0027002994902432,0.0045526567846536,0.0065833600237965,0.0086243823170661,0.0106293726712465,0.0126012675464153,0.0145631078630686,0.0165087264031172,0.0184474475681782,0.0203747730702162,0.0222869049757719,0.0242039691656828,0.0258345138281584,0.0261309146881104,0.0249571353197098,0.023041183128953,0.0208938345313072,0.0187094192951918,0.0165613666176796,0.0144500434398651,0.0126260854303837,0.0121356137096882,0.0131171150133014,0.014847437851131,0.0168244354426861,0.0188363455235958,0.0208147130906582,0.0227632038295269,0.0246862396597862,0.0265992488712072,0.0285004675388336,0.0304039195179939,0.0321134887635708,0.0326570048928261,0.031663041561842,0.0297945439815521,0.0276468172669411,0.0254432875663042,0.023267824202776,0.0211372710764408,0.0192044675350189,0.0184315964579582,0.01920435577631,0.0208429545164108,0.0227912608534098,0.0247838199138641,0.0267464928328991,0.0286729820072651,0.0305770896375179,0.0324729792773724,0.0343685485422611,0.0362584516406059,0.0380349420011044,0.0388077944517136,0.0379905924201012,0.0361977629363537,0.0340600088238716,0.0318374633789062,0.0296406503766775,0.0274866800755262,0.0254588425159454,0.0244356673210859,0.02500344440341,0.0265439245849848,0.0284414887428284,0.0304152071475983,0.0323759131133556,0.0342968367040157,0.0361983776092529,0.038092777132988,0.0399713516235352,0.0418500006198883,0.0436595901846886,0.0446338914334774,0.0440205335617065,0.0423069670796394,0.0401776917278767,0.0379503890872002,0.0357381589710712,0.0335599184036255,0.0314095802605152,0.0292798094451427,0.0271592549979687,0.0250402204692364,0.0229844264686108,0.0217607915401459,0.0221320055425167,0.0236013699322939,0.02549172565341,0.0274966862052679,0.0294856149703264,0.0314301662147045,0.0333314575254917,0.0345445387065411,0.0342013537883759,0.0326622426509857,0.0306194499135017,0.0284394659101963,0.0262670814990997,0.0241371728479862,0.0220335479825735,0.0199475027620792,0.0178709402680397,0.0158034916967154,0.0137466229498386,0.0117042474448681,0.0096938414499163,0.0084203472360968,0.0087475702166557,0.0102201774716377,0.0121572678908706,0.0142145659774542,0.0162562094628811,0.0177612695842981,0.0177519414573908,0.0164007153362036,0.0144740007817745,0.0128671042621136,0.0127270594239235,0.0139426477253437,0.0157818552106619,0.0178079605102539,0.0198496505618095,0.0218421313911676,0.0238165818154812,0.0257626678794622,0.0276986081153154,0.0296320952475071,0.0315457582473755,0.0334548503160477,0.0353644043207169,0.0372631810605526,0.039153266698122,0.0406845472753048,0.0408214703202248,0.0395442135632038,0.0375749133527279,0.0354013070464134,0.0332007892429829,0.0310209970921278,0.0288843531161547,0.0267711691558361,0.0246674623340368,0.0229870975017548,0.0227376259863377,0.0238739550113678,0.0256571229547262,0.0276301577687263,0.0296165104955435,0.031574159860611,0.033506914973259,0.0354185253381729,0.0373201817274094,0.0389817357063293,0.0393888875842094,0.0382754541933537,0.0363709107041359,0.0342067629098892,0.032003253698349,0.0298300795257092,0.0276966039091349,0.0255838204175234,0.0234798956662416,0.0213886350393295,0.0192936100065708,0.0174452383071184,0.016842620447278,0.0177425798028708,0.0194495711475611,0.0214296896010637,0.0234594196081161,0.0254505127668381,0.0273995753377676,0.0291904918849468,0.0298896990716457,0.0290207508951426,0.0272452104836702,0.025144400075078,0.0229824297130108,0.0210204347968102,0.0202555749565363,0.0210604872554541,0.0227201841771603,0.0246830172836781,0.0266870874911547,0.0286712050437927,0.030612425878644,0.0325376577675343,0.0344539806246758,0.0363581255078316,0.0382595136761665,0.0401494428515434,0.0420277900993824,0.0438317023217678,0.044710848480463,0.0439849682152271,0.0422360487282276,0.0401030257344246,0.0378802195191383,0.0356715470552444,0.0335085280239582,0.0313649661839008,0.0292298179119825,0.0272209644317627,0.0262187290936708,0.026795607060194,0.0283341221511364,0.0302412062883377,0.0322360880672932,0.0342034250497818,0.0361261703073978,0.0380367003381252,0.0399323031306267,0.0417807474732399,0.0428723618388176,0.0423938110470772,0.0407623313367367,0.0386645272374153,0.0364556312561035,0.0343058034777641,0.0330170392990112,0.033345453441143,0.0347750820219517,0.0366280972957611,0.0385827571153641,0.0405325554311275,0.0424392856657505,0.0443174131214619,0.0461818501353264,0.0480317026376724,0.0498724654316902,0.0517153963446617,0.0535523593425751,0.0553731806576252,0.0566154606640339,0.0563238263130188,0.0547601133584976,0.0526512637734413,0.0504016280174255,0.048153467476368,0.0459367893636227,0.0437558777630329,0.0415963008999825,0.039438758045435,0.0372930057346821,0.0351679995656013,0.0336113944649696,0.0335842855274677,0.0348306000232697,0.0366235859692097,0.0385740622878075,0.0405326634645462,0.042454868555069,0.0443487837910652,0.0457904413342476,0.0457868725061417,0.0444246232509613,0.0424177944660187,0.040220707654953,0.0380099937319756,0.0358376652002335,0.0336936637759209,0.0315733142197132,0.0294564180076122,0.0273518823087215,0.0252619702368975,0.0231690648943186,0.0210951119661331,0.0195287652313709,0.0194556713104248,0.0206974297761917,0.0225381553173065,0.0245534144341946,0.0265730489045382,0.0282707326114178,0.0286140143871307,0.0274782329797745,0.0255999621003866,0.0234825182706118,0.0213349536061287,0.0192175637930632,0.0171495508402586,0.015096016228199,0.0130542032420635,0.0110264383256435,0.0090057998895645,0.0069908499717712,0.0049823867157101,0.0033221989870071,0.0030445288866758,0.0042123761959374,0.0060611963272094,0.0081324465572834,0.0102208517491817,0.0120846182107925,0.0127517469227314,0.0118635166436434,0.010123124346137,0.0080854129046201,0.0059942477382719,0.0039370912127196,0.0019110515713691,-9.38428638619371e-05,-0.002078661462292,-0.0040600183419883,-0.0060357712209224,-0.0078197680413723,-0.0084377191960811,-0.0075161466374993,-0.0057373056188225,-0.0036603766493499,-0.0015365621075034,0.0005639094160869,0.0026286721695214,0.0045635555870831,0.005474760197103,0.0047966381534934,0.0031676257494837,0.0012922226451337,0.0003262980317231,0.0009574483265168,0.0025857735890895,0.0045972168445587,0.0066813295707106,0.0087456386536359,0.0107762888073921,0.0127828037366271,0.0147728295996785,0.0167563296854496,0.0187256596982479,0.0206888373941183,0.0226377062499523,0.0245809815824032,0.0265169329941273,0.0283880159258842,0.0294303856790066,0.0288811437785625,0.0272418856620789,0.0251683667302132,0.0229986887425184,0.0208424292504787,0.0187271535396576,0.0166368987411261,0.0145581625401974,0.0125597296282649,0.0114814722910523,0.0120176328346133,0.0135776754468679,0.0155296586453915,0.0175588987767696,0.0195674486458302,0.0215468555688858,0.02350396476686,0.0254429616034031,0.0273526199162006,0.0285961516201496,0.0282810144126415,0.0267594717442989,0.0247361268848181,0.0225807391107082,0.0204171128571033,0.0183127280324697,0.0162234585732222,0.0141575485467911,0.0120940888300538,0.0100402515381575,0.0080089140683412,0.0066329361870884,0.0068237190134823,0.0082457745447754,0.010171209461987,0.012223944067955,0.0142716914415359,0.016294103115797,0.0182728618383408,0.0197357833385468,0.0197036471217871,0.0183367058634758,0.0163971558213234,0.0147757139056921,0.0146279335021973,0.0158267561346292,0.01765451207757,0.019661795347929,0.021688848733902,0.0236828215420246,0.0256393700838089,0.0275808461010456,0.0295046344399452,0.0314230620861053,0.0333333350718021,0.0352352410554886,0.0371301732957363,0.0390261597931385,0.0409072563052177,0.042416300624609,0.0425453819334507,0.0412505827844143,0.0392584055662155,0.0370461903512478,0.0348222069442272,0.0326293185353279,0.0304804462939501,0.0283533316105604,0.0262402482330799,0.0245527215301991,0.0243044160306454,0.0254357717931271,0.0272118430584669,0.0291813779622316,0.0311707593500614,0.0331262499094009,0.0350463390350342,0.0369350388646126,0.0388098061084747,0.0404592864215374,0.0408571362495422,0.0397276170551777,0.0378235653042793,0.0358813181519508,0.0351289361715317,0.0359096527099609,0.0375252403318882,0.0394240207970142,0.0413766279816628,0.0432971157133579,0.0451852008700371,0.0470447465777397,0.0488958917558193,0.0507360957562923,0.0525723174214363,0.054403692483902,0.0562214739620686,0.0580355599522591,0.0598382651805878,0.0616378784179688,0.0634323954582214,0.0652222484350204,0.0669989138841629,0.0686480402946472,0.0691954866051674,0.0681597217917442,0.0662275552749634,0.0639813840389252,0.0616756603121758,0.059396356344223,0.0571479350328445,0.0549296550452709,0.0527229942381382,0.0505258478224277,0.0483342632651329,0.0461586713790894,0.0439860261976719,0.0418267101049423,0.0396749079227448,0.0376049540936947,0.0364450700581074,0.0369016639888287,0.038384847342968,0.0402603596448898,0.0422184467315674,0.044159222394228,0.0460704155266285,0.0478865206241608,0.0487652979791164,0.0480389185249805,0.0462888218462467,0.0441581606864929,0.0419368147850037,0.039737194776535,0.0375813879072666,0.0354571305215359,0.0333329364657402,0.0312139149755239,0.0291161797940731,0.0270594228059053,0.0257452093064785,0.0260115601122379,0.0274292919784784,0.0293174628168344,0.0313242673873901,0.0333191826939583,0.0352818444371223,0.0372174382209778,0.0391389578580856,0.0410465225577354,0.0429397597908974,0.0448275618255138,0.0467089042067528,0.0485329180955887,0.0495110228657722,0.0488989651203156,0.047197014093399,0.0450748540461063,0.0428471118211746,0.0406374372541904,0.0390451140701771,0.0390105508267879,0.0402408838272095,0.0420251339673996,0.0439748466014862,0.0459211617708206,0.0478280894458294,0.0496910400688648,0.050953708589077,0.0506681948900223,0.0491258837282658,0.0470462888479233,0.0448189601302147,0.0425962992012501,0.0404140800237656,0.0382495000958443,0.0361236520111561,0.0340069644153118,0.0318874903023243,0.0297784246504307,0.0281006898730993,0.0278581622987986,0.0289993137121201,0.0307865813374519,0.0327678881585598,0.0347583182156086,0.0367183983325958,0.0386485867202282,0.0405567437410355,0.0424573794007301,0.0443536080420017,0.0462421588599682,0.0476881265640259,0.047677181661129,0.046301081776619,0.0442971363663673,0.0421036407351494,0.0398897379636765,0.037706520408392,0.0355595648288727,0.0337185747921467,0.0332056954503059,0.0341694951057434,0.0358694419264793,0.0378108806908131,0.0397866889834404,0.0417280681431293,0.0436408892273903,0.0455300696194172,0.0474093966186047,0.0489113554358482,0.0490309000015259,0.0477403476834297,0.0457642078399658,0.0435647703707218,0.0413432233035564,0.039163451641798,0.0370143987238407,0.0348823666572571,0.0327638871967793,0.0308458581566811,0.0300796702504158,0.0308678150177002,0.0325188338756561,0.0344586558640003,0.0364509709179401,0.0384131073951721,0.0403419211506844,0.0422531068325043,0.0441551953554153,0.0460352525115013,0.0479051843285561,0.0495877861976624,0.0500963032245636,0.0490688495337963,0.047183096408844,0.0450101904571056,0.0427901223301888,0.0405884422361851,0.0384309254586697,0.0364013686776161,0.0353949889540672,0.0359621308743954,0.0374949723482132,0.0392864532768726,0.0401451475918293,0.039407305419445,0.0376640819013119,0.0355611629784107,0.0333743393421173,0.0312119089066982,0.0290903486311436,0.0269864238798618,0.0249079018831253,0.022837869822979,0.0207881331443787,0.0187261532992125,0.0166765991598368,0.0146342199295759,0.0125956460833549,0.0106278285384178,0.0094900205731391,0.0099367229267954,0.0114848837256432,0.0134520251303911,0.0155192809179425,0.0175863467156887,0.0196150280535221,0.021600965410471,0.0235762726515532,0.0254615768790245,0.0264125429093838,0.0257620811462402,0.0241094306111336,0.0220669005066156,0.0199408866465092,0.0178267452865839,0.0157511346042156,0.0136942593380809,0.0116647211834788,0.0096590053290128,0.0083238426595926,0.0085390117019414,0.0099652148783206,0.0118967108428478,0.0139700509607792,0.0160018038004637,0.0172383151948452,0.0168592464178801,0.0153372250497341,0.0133584160357714,0.0112570272758603,0.0091683156788349,0.0071167089045047,0.0051001831889152,0.0030855315271765,0.0010948783019557,-0.0008956330129876,-0.0028761869762092,-0.0048490213230252,-0.0068047638051211,-0.0082669807597994,-0.0082388529554009,-0.006878915708512,-0.0049291378818452,-0.002803192473948,-0.0006814794614911,0.001402284251526,0.0034534293226897,0.0054874140769243,0.007501563988626,0.0089308125898242,0.008814251050353,0.0074430648237466,0.0055349664762616,0.003470144001767,0.0014127669855952,-0.0006180591299198,-0.0026219561696052,-0.004595068283379,-0.0065639861859381,-0.0081763863563537,-0.0084117138758301,-0.0072224079631269,-0.0053349793888628,-0.0032292969990521,-0.0010992265306413,0.0009955269051715,0.0030578291043639,0.0050826799124479,0.0070972507819533,0.0091181555762887,0.0111296521499753,0.0131326001137495,0.0151344975456595,0.0171194430440664,0.0190988425165415,0.0207017473876476,0.0209241174161434,0.019726388156414,0.0178387612104416,0.0159552730619907,0.01527925953269,0.0161589533090591,0.0178538151085377,0.0198334846645594,0.0218564514070749,0.02385981567204,0.0258216857910156,0.027760474011302,0.0296876672655344,0.0312964469194412,0.0315845161676407,0.0304105132818222,0.0285004042088985,0.0263507403433323,0.0241672173142433,0.0220293551683426,0.0199242606759071,0.0178434904664755,0.0157716292887926,0.0138566019013524,0.0130209159106016,0.0137487705796957,0.0153909977525473,0.0173641592264175,0.019405310973525,0.0214151330292225,0.0233848355710506,0.0253340359777212,0.0272784680128098,0.0292122196406126,0.0311300866305828,0.0330414697527885,0.0349482037127018,0.0366522558033466,0.037177674472332,0.0361694023013115,0.0343172699213028,0.0321631990373135,0.0299619566649199,0.0278661418706179,0.0267243981361389,0.0271975100040436,0.028703922405839,0.0306006576865911,0.0325835533440113,0.0345479361712933,0.0364771597087383,0.0383843444287777,0.040269561111927,0.0421427376568317,0.0440119989216328,0.0458804257214069,0.0477347522974014,0.0494724772870541,0.0501906014978886,0.0493320487439632,0.0475049614906311,0.0453282557427883,0.043096624314785,0.0409175641834736,0.0395149476826191,0.0397080555558205,0.0410542860627174,0.0428699813783169,0.0448099076747894,0.0467462688684464,0.048638503998518,0.0505025088787079,0.052340779453516,0.0541692823171616,0.0559920482337475,0.0577800646424294,0.058807548135519,0.0582475103437901,0.0565522685647011,0.0543959476053715,0.0521343201398849,0.0498759485781193,0.0476545356214046,0.0454708114266396,0.0438806004822254,0.0438317097723484,0.0450408160686493,0.0467935651540756,0.0487125441431999,0.0506256893277168,0.0525021962821484,0.054345864802599,0.0561754815280437,0.0580041036009789,0.0598277635872364,0.0616353638470173,0.0634372159838676,0.0652162730693817,0.0663174167275429,0.0658522173762321,0.0641718283295631,0.0620184019207954,0.0597387403249741,0.0574724748730659,0.0556533336639404,0.0552917867898941,0.0563181899487972,0.0579887256026268,0.059427086263895,0.0594288483262062,0.0580397993326187,0.0559949018061161,0.0537529513239861,0.051500529050827,0.0492872223258018,0.0470996499061584,0.0449306555092335,0.042772863060236,0.040622279047966,0.0384762212634087,0.0363447815179825,0.0342293232679367,0.0321133695542812,0.0300149638205767,0.0282093361020088,0.0277295019477606,0.0287166573107243,0.0304474253207445,0.0321197733283043,0.0325102359056473,0.0314106568694115,0.0295417923480272,0.0274260099977255,0.0252768527716398,0.0231602564454079,0.0210825186222792,0.0190289057791233,0.0169835481792688,0.0149434432387352,0.0129182348027825,0.010905765928328,0.008891575038433,0.0068794721737504,0.0048881713300943,0.0030819957610219,0.0024502584710717,0.0033550090156495,0.0051187267526984,0.0071684019640088,0.0092751374468207,0.0111046377569437,0.0116507867351174,0.0106782140210271,0.0089048882946372,0.0068732998333871,0.0047952244058251,0.0027543720789253,0.0007459814078174,-0.0012491953093558,-0.0032224096357822,-0.0051861954852938,-0.0071487445384264,-0.0090953661128878,-0.0110439285635948,-0.0128882611170411,-0.0137138366699219,-0.0129638072103262,-0.0112348422408104,-0.0091545768082141,-0.0070071713998913,-0.0048722890205681,-0.0027838824316859,-0.0007166229188442,0.0013355833943933,0.0033690952695906,0.0053994385525584,0.0074225589632988,0.0094395047053694,0.0113111007958651,0.0120629584416747,0.011249185539782,0.009538646787405,0.0075098578818142,0.0054210061207413,0.0034088059328496,0.0022498490288853,0.002705625956878,0.0042562894523143,0.0062402128241956,0.0083255069330334,0.0103914244100451,0.0124166868627071,0.0144110806286335,0.0163959097117186,0.0183616578578949,0.0203249100595713,0.022285807877779,0.0242381133139133,0.0261804759502411,0.0281134694814682,0.029975289478898,0.0309992618858814,0.0304327048361301,0.0287712588906288,0.0267191156744957,0.0252231452614069,0.0252938382327557,0.0266024433076382,0.0284346025437117,0.0304146986454725,0.0324002392590046,0.0343325920403004,0.0362355932593346,0.038129385560751,0.039969690144062,0.0410522036254406,0.0405570268630981,0.0389281213283539,0.0368218123912811,0.0346159301698208,0.03242327272892,0.0302606858313084,0.0281250365078449,0.0260146204382181,0.0239145886152983,0.0223072115331888,0.0221973527222872,0.0234211031347513,0.0252385810017586,0.027221268042922,0.0292199812829494,0.0311811007559299,0.0331034548580647,0.0350136086344719,0.0369069799780846,0.0381979197263718,0.0379462242126465,0.0364431142807007,0.0344062373042107,0.0322202667593956,0.0300347916781902,0.0278918538242579,0.0257782768458128,0.0236799661070108,0.0215968135744333,0.0198665671050549,0.019520778208971,0.0206040218472481,0.0223761964589357,0.0243658535182476,0.026386296376586,0.028369951993227,0.0303201619535685,0.0322486907243729,0.0341633372008801,0.0360718965530396,0.0379666909575462,0.0395037084817886,0.0396452806890011,0.0383629873394966,0.0363991968333721,0.0342313200235367,0.0320437923073769,0.0298809912055731,0.027759674936533,0.025871442630887,0.0252449735999107,0.0261506289243698,0.0278412196785212,0.0297912880778313,0.0317965932190418,0.0334710516035557,0.0337872430682182,0.0326251871883869,0.0307113584131002,0.0285651348531246,0.0263915210962296,0.0242574103176594,0.0221533551812172,0.0200739279389381,0.0180016215890646,0.0159492492675781,0.0138959847390652,0.0118541494011879,0.0098184216767549,0.0079368352890014,0.0071511189453303,0.0079293753951787,0.0096145058050751,0.011620931327343,0.0136896027252078,0.0157319977879524,0.0177394486963749,0.0197176653891802,0.0216931365430355,0.0236605927348137,0.0256209429353476,0.027434915304184,0.0281341690570116,0.0272623468190432,0.0254902672022581,0.0234017502516508,0.0212507657706738,0.0191200785338879,0.0170337464660406,0.0150391114875674,0.013972301967442,0.0145114343613386,0.0160729344934225,0.017950028181076,0.0189870242029428,0.0184331089258194,0.0168207138776779,0.0148033769801259,0.0126936268061399,0.0106014143675566,0.0085431663319468,0.0065103275701403,0.0044924262911081,0.0024794428609311,0.0004862845235038,-0.0014969750773161,-0.0034745978191494,-0.0054490752518177,-0.0074171130545437,-0.0093308184295892,-0.0104955649003386,-0.01008365675807,-0.0085220895707607,-0.00649617286399,-0.0043655214831233,-0.0022929050028324,-0.0011086262529715,-0.0015311434399336,-0.0030353071633726,-0.0049689947627484,-0.0069984798319637,-0.0090130306780338,-0.0109893530607224,-0.0129362922161818,-0.0148725556209683,-0.0168046429753304,-0.0187240578234196,-0.0206341408193111,-0.0225341375917196,-0.0244181305170059,-0.0257257223129272,-0.025503758341074,-0.0240162126719952,-0.0219856016337872,-0.0198168605566025,-0.017644427716732,-0.0154985599219799,-0.0133912311866879,-0.0118960402905941,-0.0119512351229787,-0.0132480375468731,-0.0150935165584087,-0.0170912891626358,-0.0190862584859133,-0.0210408605635166,-0.0229675695300102,-0.0248834118247032,-0.0267832856625319,-0.0286836996674538,-0.0305750165134668,-0.0320321470499039,-0.0320582203567028,-0.0307012852281332,-0.0287062264978886,-0.0265437811613083,-0.0243599191308022,-0.0222078077495098,-0.0200826898217201,-0.0184023249894381,-0.01817393489182,-0.0193171184509993,-0.0211003497242928,-0.0230782888829708,-0.0250733196735382,-0.0270165838301182,-0.0289381388574839,-0.0308371726423502,-0.0327259637415409,-0.0346066989004612,-0.0364790298044682,-0.0380657278001308,-0.038325347006321,-0.037118885666132,-0.0351760052144527,-0.0330042205750942,-0.0308100171387196,-0.0286282263696194,-0.0264876782894135,-0.0246513560414314,-0.0241627115756273,-0.0251346118748188,-0.0268348716199398,-0.0287756472826004,-0.0307463090866804,-0.0326833203434944,-0.0345890484750271,-0.0364644899964333,-0.0383380278944969,-0.0401970446109772,-0.0420527905225754,-0.0437247082591057,-0.0442289561033249,-0.0431840494275093,-0.0412888750433922,-0.0391088053584099,-0.0368826314806938,-0.0346859693527222,-0.032527320086956,-0.0303863324224949,-0.0282569322735071,-0.0261357538402081,-0.0240203719586134,-0.0221061538904905,-0.02137491106987,-0.0221842974424362,-0.0238342117518187,-0.025768119841814,-0.0277596730738878,-0.0297263488173485,-0.0316609963774681,-0.0334511697292328,-0.0342302732169628,-0.0334361419081688,-0.0316682383418083,-0.0295540727674961,-0.0273797288537025,-0.0252222344279289,-0.0230985414236784,-0.0209951102733612,-0.0189021490514278,-0.0168209951370955,-0.0147471856325865,-0.0126831056550145,-0.0106214517727494,-0.0087062194943428,-0.007919724099338,-0.0087024150416255,-0.0103739630430937,-0.0123659754171968,-0.0144082326442003,-0.0163807943463326,-0.0174914039671421,-0.0169898830354214,-0.0153969191014767,-0.0134419342502952,-0.0122358556836843,-0.012617158703506,-0.0140991592779756,-0.0160222444683313,-0.0180608369410038,-0.0200820975005627,-0.0220641791820526,-0.0240195877850056,-0.0259564723819494,-0.0278761126101017,-0.0298016872256994,-0.0317101627588272,-0.033611461520195,-0.0355056673288345,-0.0373932905495167,-0.0392425134778023,-0.0404238551855087,-0.0400594398379326,-0.03849196434021,-0.0364138931035995,-0.0342243127524853,-0.0320373252034187,-0.0298794880509377,-0.0277496166527271,-0.0256335809826851,-0.0235689915716648,-0.0222644750028849,-0.0225383564829826,-0.023948535323143,-0.0258228536695242,-0.0278118550777435,-0.02979526668787,-0.0317393764853477,-0.0336556173861027,-0.0355524718761444,-0.0374345742166042,-0.0388163924217224,-0.0387029051780701,-0.0372614227235317,-0.0352310687303543,-0.0330466255545616,-0.0308575611561537,-0.028699304908514,-0.026568965986371,-0.0244572721421719,-0.0223538633435965,-0.0202494710683823,-0.0181747414171696,-0.0166145395487547,-0.0165451020002365,-0.0177815575152636,-0.0196099895983934,-0.0216161403805017,-0.0236240420490503,-0.0255922302603722,-0.0275424364954233,-0.0291164815425873,-0.0293005406856537,-0.028062853962183,-0.0261460617184639,-0.0240101180970669,-0.0218514762818813,-0.0201643966138363,-0.0199595466256142,-0.0211252942681313,-0.022925840690732,-0.024902356788516,-0.0269064456224442,-0.0288777984678745,-0.0308053884655237,-0.0327202342450619,-0.0346196368336678,-0.0365164950489998,-0.0384189151227474,-0.0402958765625954,-0.042163223028183,-0.0438040494918823,-0.0441886596381664,-0.0430516749620438,-0.0411240011453629,-0.0389480143785477,-0.0367351770401001,-0.0345537215471268,-0.0324019081890583,-0.0302637778222561,-0.0281404703855515,-0.0263332724571228,-0.0258582010865211,-0.0268412157893181,-0.0285617671906948,-0.0305121168494225,-0.0324940979480743,-0.0344343408942223,-0.0363512337207794,-0.0382440611720085,-0.0401376113295555,-0.0418710708618164,-0.0425108857452869,-0.0415887422859669,-0.0397541485726833,-0.0375987626612186,-0.0353862196207047,-0.0333911776542664,-0.0326194912195206,-0.0333938449621201,-0.0350067988038063,-0.0369198992848396,-0.0388877801597118,-0.0408212468028069,-0.0427167303860188,-0.0445903390645981,-0.0464503616094589,-0.0483036637306213,-0.0501391887664795,-0.0519756264984608,-0.0538050457835197,-0.0555550865828991,-0.0563768222928047,-0.0556012168526649,-0.0538047850131989,-0.0516391135752201,-0.04939054697752,-0.0471661537885666,-0.0449762567877769,-0.0428002737462521,-0.0406465940177441,-0.0384931452572346,-0.0363438278436661,-0.0342915244400501,-0.033168125897646,-0.033629272133112,-0.0351166352629662,-0.0369935967028141,-0.0389542952179909,-0.0408972278237343,-0.0428127124905586,-0.0446548759937286,-0.0457368567585945,-0.0452539175748825,-0.04362603276968,-0.0415331535041332,-0.0393324606120586,-0.037147082388401,-0.0349892526865005,-0.0328594595193863,-0.0307373609393835,-0.0286371503025293,-0.0265367664396763,-0.0244497917592525,-0.0223701503127813,-0.020352017134428,-0.0191926527768373,-0.0196215864270926,-0.0211167987436056,-0.0230436027050018,-0.0250726863741875,-0.0270771384239197,-0.028463626280427,-0.0282944533973932,-0.0268507990986109,-0.0248586088418961,-0.0227269995957613,-0.0205955393612385,-0.0184938833117485,-0.0164202861487865,-0.0143734533339739,-0.0123409293591976,-0.0103064961731434,-0.0082759717479348,-0.0062492853030562,-0.004252484999597,-0.0029401544015854,-0.0032058460637927,-0.0046613584272563,-0.0066211652010679,-0.0087065044790506,-0.0107818953692913,-0.0123995756730437,-0.012553439475596,-0.0113119501620531,-0.0094210151582956,-0.0073487134650349,-0.005253991112113,-0.0031963079236447,-0.0011853324249386,0.0008065568981692,0.0027869220357388,0.0047698994167149,0.0067457994446158,0.0082833794876933,0.0083599770441651,0.0070687551051378,0.0051479637622833,0.0030327381100505,0.0009056805865839,-0.0011849543079733,-0.0032462766394019,-0.004985474050045,-0.0053956815972924,-0.0043416190892458,-0.0025475067086517,-0.0008182373130694,-0.0003806184395216,-0.0014211403904482,-0.0032270753290504,-0.0052838325500488,-0.0073697622865438,-0.0094119980931282,-0.0114265363663435,-0.0134178111329675,-0.0153980534523726,-0.0173662155866623,-0.0193357579410076,-0.0212965942919254,-0.0232492536306381,-0.0251879692077637,-0.027123061940074,-0.0288571193814278,-0.0294190347194672,-0.0284448079764843,-0.0266122221946716,-0.0244881547987461,-0.0223207958042622,-0.0201732832938433,-0.0180587768554688,-0.0159768424928188,-0.013902336359024,-0.0120690856128931,-0.0115246120840311,-0.0124799264594913,-0.0142134251073003,-0.0162000898271799,-0.0182367116212845,-0.020237086340785,-0.0222013127058744,-0.0241412315517664,-0.0260692201554775,-0.0278847832232714,-0.0286931060254574,-0.0279240868985653,-0.0261862389743328,-0.0240932255983353,-0.0219334904104471,-0.0197864640504122,-0.0176713448017836,-0.015581545419991,-0.0135031240060925,-0.0114384032785892,-0.0093898121267557,-0.0074575110338628,-0.0065336846746504,-0.0072075026109814,-0.0088435495272278,-0.0108303874731064,-0.0128892865031958,-0.0149251548573375,-0.0169279389083385,-0.0188348814845085,-0.0199122354388237,-0.0193938836455345,-0.0177789386361837,-0.0158069059252739,-0.0145840626209974,-0.0149649484083056,-0.0164439380168915,-0.0183477774262428,-0.0203707627952099,-0.0223784036934376,-0.0243540871888399,-0.0263012647628784,-0.0282293260097504,-0.0301439091563225,-0.032050009816885,-0.0339540243148804,-0.0358458124101162,-0.0377379842102528,-0.0396153591573238,-0.041461855173111,-0.0426405668258667,-0.0422661304473877,-0.0406924486160278,-0.0386162400245667,-0.0364146903157234,-0.0342152789235115,-0.0320537909865379,-0.0299093816429377,-0.0277745947241783,-0.0256969481706619,-0.0243897140026093,-0.02466562949121,-0.0260699559003115,-0.0279372241348028,-0.0299157742410898,-0.0318829193711281,-0.033819243311882,-0.0357191376388073,-0.0376061871647835,-0.0394886955618858,-0.040864609181881,-0.0407436713576317,-0.0393028296530247,-0.0372802652418613,-0.0355928093194962,-0.0353874899446964,-0.0365271233022213,-0.0382775403559208,-0.0402117446064949,-0.0421586185693741,-0.0440696813166142,-0.0459334775805473,-0.0477756895124912,-0.0496107190847397,-0.0514462850987911,-0.0532694980502129,-0.0550802052021027,-0.0568866729736328,-0.0586855299770832,-0.060486264526844,-0.0622809752821922,-0.0640689879655838,-0.0658570900559425,-0.0676288083195686,-0.0690441057085991,-0.0690644457936287,-0.0676577910780907,-0.0655827224254608,-0.063304640352726,-0.0610153265297413,-0.0587498880922794,-0.0565255098044872,-0.0543241538107395,-0.0521297715604305,-0.0499457344412804,-0.0477655827999115,-0.0455974042415619,-0.0434407666325569,-0.0412881448864937,-0.0391416437923908,-0.0372267514467239,-0.0365902222692966,-0.0374617725610733,-0.0391206741333008,-0.0410410836338997,-0.0429910533130169,-0.044917993247509,-0.0468097105622292,-0.0484553053975105,-0.0488336458802223,-0.047700509428978,-0.045773945748806,-0.04360331594944,-0.0413972362875938,-0.039220605045557,-0.0370758287608624,-0.0349393300712109,-0.0328251086175442,-0.0307163894176483,-0.0286232866346836,-0.0266822911798954,-0.0258373320102692,-0.0265579167753458,-0.0281853768974543,-0.0301310233771801,-0.032140951603651,-0.0341209061443806,-0.0360730066895485,-0.0379984155297279,-0.039904959499836,-0.0418028384447098,-0.0436976328492165,-0.045575387775898,-0.047445472329855,-0.0491227656602859,-0.0496095418930054,-0.0485634952783585,-0.0466789305210114,-0.0445047877728939,-0.0422896631062031,-0.0401820316910744,-0.0390367582440376,-0.0395051203668118,-0.0409919433295727,-0.0428611598908901,-0.0448156408965588,-0.0467481948435307,-0.0486387312412262,-0.0504343435168266,-0.0512814112007618,-0.0505327209830284,-0.0487685017287731,-0.0466370098292828,-0.0444206893444061,-0.0422187894582748,-0.0400473326444626,-0.0379023998975754,-0.0357659533619881,-0.0336481668055058,-0.031535267829895,-0.0294777117669582,-0.0281784050166607,-0.0284595470875502,-0.0298707969486713,-0.0317518748342991,-0.0337441638112068,-0.0357369929552078,-0.0376832261681557,-0.0396026000380516,-0.0415081083774567,-0.0434017777442932,-0.0452858507633209,-0.0471323952078819,-0.0482164695858955,-0.0477150492370129,-0.046077948063612,-0.0439843200147152,-0.0417831093072891,-0.0395884141325951,-0.0374320819973946,-0.0353057458996773,-0.0337859243154526,-0.0338074043393135,-0.0350813716650009,-0.0368860363960266,-0.0388482138514519,-0.0408148542046547,-0.0427479408681393,-0.0446462295949459,-0.0465286336839199,-0.0483647659420967,-0.0495279207825661,-0.0491499081254005,-0.0475663058459759,-0.045477382838726,-0.0432773120701313,-0.0410765595734119,-0.0389119051396847,-0.0367690920829773,-0.034643828868866,-0.0325313732028008,-0.0308674499392509,-0.0306519847363234,-0.031803835183382,-0.0335895381867886,-0.0355592295527458,-0.0375435426831245,-0.0394934490323067,-0.0414172857999802,-0.0433103330433369,-0.0451860576868057,-0.0470550209283829,-0.0489235855638981,-0.050355963408947,-0.0503394305706024,-0.048954963684082,-0.0469387136399746,-0.0447438172996044,-0.0425380356609821,-0.040357556194067,-0.0382098071277142,-0.0363769121468067,-0.0358910597860813,-0.0368635356426239,-0.0385627076029778,-0.0401992835104465,-0.0405578203499317,-0.0394256263971329,-0.0375259071588516,-0.035376250743866,-0.0332006439566612,-0.0310521051287651,-0.0289330668747425,-0.0268509909510612,-0.0247689951211214,-0.022689750418067
-0.0364616699516773,-0.0385924465954304,-0.0407108590006828,-0.0428261086344719,-0.0449388846755028,-0.0470361672341824,-0.0485122725367546,-0.0482825301587582,-0.0465885326266289,-0.04427420347929,-0.041788175702095,-0.0392932668328285,-0.0368315130472183,-0.0344269499182701,-0.0320460274815559,-0.0296666733920574,-0.0272963903844357,-0.0249488018453121,-0.0232142750173807,-0.0231883451342583,-0.0246092397719622,-0.0266615673899651,-0.0288924891501665,-0.0311334803700447,-0.0333222299814224,-0.0354939587414265,-0.0371974892914295,-0.0373040065169334,-0.0358373150229454,-0.0336333960294724,-0.0312059074640274,-0.0287551488727331,-0.0263507422059774,-0.0239863265305758,-0.0216448735445738,-0.0193114094436169,-0.0169929340481758,-0.0146894427016377,-0.0123941637575626,-0.0101012997329235,-0.008321757428348,-0.0082363486289978,-0.0096568595618009,-0.0117458757013083,-0.0140320677310228,-0.0163305699825287,-0.0183029733598232,-0.0187965910881758,-0.0175949856638908,-0.0155256688594818,-0.0134915299713612,-0.0128717478364706,-0.0139435278251767,-0.0159028545022011,-0.0181507132947445,-0.0204305816441774,-0.0226805675774813,-0.0248979162424803,-0.027094479650259,-0.0292720142751932,-0.0314416475594044,-0.0335958153009415,-0.0357500649988651,-0.0379021875560284,-0.0400344282388687,-0.042162150144577,-0.0440858229994774,-0.0447362139821053,-0.0436344109475613,-0.0415524952113628,-0.0391266010701656,-0.036640215665102,-0.0341935902833939,-0.0317890308797359,-0.0294076427817345,-0.0270400010049343,-0.0249221194535494,-0.0241742711514235,-0.0251430459320545,-0.027028689160943,-0.029219526797533,-0.0314608849585056,-0.0336771048605442,-0.0358586311340332,-0.0380038619041443,-0.0401320271193981,-0.042150754481554,-0.0430963933467865,-0.0422221720218658,-0.0402387902140617,-0.0378584526479244,-0.0353838726878166,-0.0329335927963257,-0.0305345468223095,-0.0281644556671381,-0.0258043557405472,-0.0234518647193909,-0.0211208425462246,-0.0188991278409958,-0.0177727472037077,-0.0184266362339258,-0.020199716091156,-0.0223828833550215,-0.0246564876288176,-0.0269148629158735,-0.0291277710348368,-0.0312469694763422,-0.0324725210666656,-0.0319153852760792,-0.0300998575985432,-0.0277959704399109,-0.0253733228892088,-0.0230457130819559,-0.0217518340796232,-0.022283460944891,-0.0239943377673626,-0.0261489376425743,-0.0284048840403557,-0.0306442324072123,-0.0328448005020618,-0.0350203104317188,-0.0371738150715828,-0.039319172501564,-0.0414525642991066,-0.0435851812362671,-0.0457048863172531,-0.0477966032922268,-0.049201674759388,-0.0488241612911224,-0.0470659695565701,-0.04474276304245,-0.0422559902071953,-0.0397706516087055,-0.0373295955359936,-0.0349342115223408,-0.0325512699782848,-0.0302067752927542,-0.028678635135293,-0.028925821185112,-0.030473992228508,-0.032569482922554,-0.0347978211939335,-0.0370242893695831,-0.0392118506133556,-0.0413597412407398,-0.0434819385409355,-0.045582365244627,-0.0471614748239517,-0.0470903478562832,-0.0455006696283817,-0.0432306230068207,-0.04076774045825,-0.0383065938949585,-0.0364990867674351,-0.036424420773983,-0.0378148481249809,-0.0398266948759556,-0.0420255362987518,-0.0442182756960392,-0.0463782958686352,-0.0485032945871353,-0.050607331097126,-0.0526974052190781,-0.0547883547842503,-0.0568638890981674,-0.058934211730957,-0.0610018000006676,-0.0626910477876663,-0.0628394410014153,-0.061361737549305,-0.0591039955615997,-0.0565933883190155,-0.0540505573153496,-0.0515548326075077,-0.0490974709391594,-0.046671774238348,-0.0442549660801888,-0.0418497622013092,-0.0394511744379997,-0.037425808608532,-0.0369302555918694,-0.0380610153079033,-0.0399930961430073,-0.042173258960247,-0.0443845726549625,-0.0465668365359306,-0.0487093962728977,-0.0505802854895592,-0.0510758757591248,-0.0498599633574486,-0.0477225705981255,-0.0452776923775673,-0.0427863374352455,-0.0403274446725845,-0.0379198230803013,-0.035533145070076,-0.0331586077809334,-0.030800299718976,-0.0284485667943954,-0.0261138211935759,-0.0237916689366102,-0.0217710472643375,-0.0212077163159847,-0.0223164856433868,-0.0242785513401031,-0.0265130158513784,-0.0287788864225149,-0.0308891795575619,-0.0317625291645527,-0.0308465901762247,-0.0288884993642569,-0.0265561603009701,-0.0241479873657227,-0.0217673406004906,-0.0194385349750519,-0.0171373710036278,-0.0148537969216704,-0.0125720612704754,-0.0102906376123428,-0.0080254534259438,-0.0057734353467822,-0.0037097355816513,-0.0029330796096473,-0.0039311465807259,-0.0058933333493769,-0.0081749577075243,-0.0105108171701431,-0.0127428602427244,-0.0139559227973223,-0.0133560309186578,-0.0115663670003414,-0.009324918501079,-0.0069813849404454,-0.0046610864810645,-0.0023832402657717,-0.0001382304180879,0.0020870273001492,0.0043007507920265,0.0065080286003649,0.0086343232542276,0.0097597930580377,0.0090900296345353,0.0072475280612707,0.0049671684391796,0.0025848585646599,0.0002264842332806,-0.0020856272894889,-0.0043381368741393,-0.0057896054349839,-0.005462578497827,-0.0038160197436809,-0.001680301153101,-0.0001988108124351,-0.0004918239428661,-0.0021367673762142,-0.0043330783955752,-0.0066608404740691,-0.0089740026742219,-0.0112471953034401,-0.013490391895175,-0.0157119687646627,-0.0179330110549927,-0.0201492346823215,-0.0223562959581614,-0.0245567336678505,-0.0267449300736189,-0.0289229769259691,-0.03108867444098,-0.0326335802674294,-0.0324713923037052,-0.0308456849306822,-0.0285883583128452,-0.0261568408459425,-0.0237174481153488,-0.0213341563940048,-0.0189836397767067,-0.016658753156662,-0.0143598504364491,-0.0127735547721386,-0.0129520343616605,-0.014502540230751,-0.0166331715881824,-0.0189081132411957,-0.021177414804697,-0.0234164576977491,-0.0256196465343237,-0.0278034936636686,-0.0299736931920052,-0.0316984802484512,-0.0318147838115692,-0.0303673483431339,-0.0281829386949539,-0.0257726535201073,-0.0233496725559235,-0.0209644008427858,-0.0186178479343653,-0.016293328255415,-0.013986349105835,-0.0116919977590442,-0.0094036357477307,-0.007553918287158,-0.0073071555234491,-0.0086486982181668,-0.0107172187417746,-0.0130058880895376,-0.0153190158307552,-0.0175894126296043,-0.01982257142663,-0.0217450074851513,-0.0222082119435072,-0.0209745801985264,-0.0188895687460899,-0.0168441161513329,-0.0162118263542652,-0.0172698479145765,-0.0192122533917427,-0.0214472152292728,-0.0237231571227312,-0.0259713493287563,-0.0281846690922976,-0.0303646009415388,-0.0325289107859135,-0.03469093516469,-0.0368428453803062,-0.0389808677136898,-0.0411182902753353,-0.0432400591671467,-0.0453521199524403,-0.047266960144043,-0.047901026904583,-0.0467837788164616,-0.0446932166814804,-0.0422691404819489,-0.0397756844758987,-0.0373132675886154,-0.0348942838609219,-0.032501969486475,-0.0301209837198257,-0.0280051473528147,-0.0272523239254951,-0.0282153263688087,-0.0301024783402681,-0.0322946831583977,-0.0345324873924255,-0.0367431640625,-0.0389128550887108,-0.041053619235754,-0.043186541646719,-0.0452060289680958,-0.0461309812963009,-0.0452381558716297,-0.0432451516389847,-0.0409700125455856,-0.0396887138485909,-0.0402072817087173,-0.0418735705316067,-0.0439724549651146,-0.0461704507470131,-0.0483417510986328,-0.0504751726984978,-0.0525814294815063,-0.0546668395400047,-0.0567455217242241,-0.0588014051318169,-0.0608595870435238,-0.0629086047410965,-0.0649537965655327,-0.0669976323843002,-0.0690160542726517,-0.0710359439253807,-0.0730478093028069,-0.0750575661659241,-0.0770071819424629,-0.0780644863843918,-0.0773155614733696,-0.0753267109394073,-0.0728566721081734,-0.0702680051326752,-0.0676869302988052,-0.0651543736457825,-0.0626610592007637,-0.0601921901106834,-0.0577282644808292,-0.0552683770656586,-0.0528164878487587,-0.0503901019692421,-0.0479613766074181,-0.045542236417532,-0.0431548729538918,-0.0414654612541199,-0.0415586456656456,-0.0430203601717949,-0.0450666025280952,-0.0472622141242027,-0.0494625642895699,-0.0516256392002106,-0.0537334755063057,-0.0551176220178604,-0.0547411143779755,-0.05298787727952,-0.0506698712706566,-0.048191599547863,-0.0457136929035187,-0.0432767421007156,-0.0408767461776733,-0.0385047271847725,-0.0361419543623924,-0.0337883308529854,-0.0314368605613708,-0.0296220779418945,-0.0294589959084988,-0.0308181531727314,-0.0328609235584736,-0.0350964143872261,-0.0373406819999218,-0.0395487770438194,-0.0417301207780838,-0.0438883230090141,-0.0460334122180939,-0.0481669902801514,-0.0502980872988701,-0.0524235405027866,-0.0545123219490051,-0.055979810655117,-0.0557436607778072,-0.0540636852383614,-0.0517622604966164,-0.0492834113538265,-0.0467971563339233,-0.0447117947041988,-0.0442108102142811,-0.0453432463109493,-0.0472635850310326,-0.0494317188858986,-0.0516261048614979,-0.0537844300270081,-0.0559023730456829,-0.0576417930424213,-0.0578212216496468,-0.0563819594681263,-0.0541606396436691,-0.0516895577311516,-0.0491913519799709,-0.0467314533889294,-0.044316228479147,-0.0419228971004486,-0.0395341590046883,-0.037159338593483,-0.0348053574562073,-0.0326872691512108,-0.0319508239626884,-0.03292391076684,-0.0348234586417675,-0.037029217928648,-0.0392742827534676,-0.0414943136274815,-0.0436654835939407,-0.0458160005509853,-0.0479483418166637,-0.0500833429396152,-0.0522028580307961,-0.0540725439786911,-0.0545595251023769,-0.0533349961042404,-0.0512027740478516,-0.0487672761082649,-0.0462731197476387,-0.0438183918595314,-0.0414139367640018,-0.0391621626913548,-0.0381287150084972,-0.0388708598911762,-0.0406483635306358,-0.0427998006343842,-0.0450293235480785,-0.0472284108400345,-0.0493842624127865,-0.0515165403485298,-0.0536237210035324,-0.0555310472846031,-0.0561495125293732,-0.0550172179937363,-0.0529108345508575,-0.0504631251096725,-0.0479596704244614,-0.0454898551106453,-0.0430678501725197,-0.0406730994582176,-0.0383078902959824,-0.0360299944877625,-0.0347411260008812,-0.0352395512163639,-0.036923062056303,-0.0390589758753777,-0.0412921383976936,-0.0435110926628113,-0.0456885918974876,-0.0478358268737793,-0.0499710068106651,-0.0521012209355831,-0.054208654910326,-0.0562340468168259,-0.0572434067726135,-0.0564626082777977,-0.0545118041336536,-0.0521147884428501,-0.0496182180941105,-0.0471366830170155,-0.0446990877389908,-0.0423315688967705,-0.0407901518046856,-0.0410315915942192,-0.0425703525543213,-0.0446063056588173,-0.0459884814918041,-0.0455995090305805,-0.0438356772065163,-0.0415315218269825,-0.0390831828117371,-0.0366463884711266,-0.0342503227293491,-0.0318868793547153,-0.0295414496213198,-0.0272107440978289,-0.024892408400774,-0.0225861147046089,-0.0202947799116373,-0.0180110149085522,-0.0157312825322151,-0.0134806260466576,-0.0118288965895772,-0.0118865631520748,-0.0133948493748903,-0.0155369602143764,-0.0178377479314804,-0.0201457999646664,-0.0224176272749901,-0.024662533774972,-0.0268843118101358,-0.0290776006877422,-0.0305590033531189,-0.0302720442414284,-0.0286030881106853,-0.0263776853680611,-0.0239929519593716,-0.0216077286750078,-0.0192720033228397,-0.0169695690274239,-0.0146842524409294,-0.012417203746736,-0.0105967279523611,-0.0103749949485064,-0.0117160733789206,-0.0137970838695765,-0.0160876661539078,-0.0184056870639324,-0.0201654937118292,-0.0202207826077938,-0.0187583025544882,-0.0166085883975029,-0.0142614282667637,-0.0119102764874697,-0.0095963114872574,-0.0073301442898809,-0.0050851488485932,-0.0028520422056317,-0.0006239115609787,0.0016032587736845,0.0038162623532116,0.0060190530493855,0.0079234763979911,0.0083750002086162,0.0071285017766058,0.0050409659743309,0.0026978885289281,0.0003221954684704,-0.0020224279724061,-0.0043259328231215,-0.0066070724278688,-0.0088726263493299,-0.0107682263478637,-0.0111209871247411,-0.0098462477326393,-0.0077794566750526,-0.0054779383353889,-0.003151703858748,-0.0008606201736256,0.0013852238189429,0.0036122933961451,0.0058258422650396,0.007845439016819,0.0085768792778253,0.0075602568686008,0.0055671874433755,0.0032539935782551,0.0008814351167529,-0.0014595681568607,-0.0037623480893671,-0.0060423896647989,-0.008304426446557,-0.0105691570788622,-0.012818206101656,-0.0150654194876552,-0.0173090193420649,-0.0195317938923836,-0.0217489432543516,-0.0237609408795834,-0.0244833491742611,-0.0234518386423588,-0.0214431192725897,-0.0192148890346289,-0.0180063713341951,-0.018641846254468,-0.0204093735665083,-0.02259317971766,-0.0248608998954296,-0.0271084830164909,-0.0293126702308655,-0.0314941890537739,-0.033655371516943,-0.0356665439903736,-0.0364626199007034,-0.0354918390512466,-0.0334852561354637,-0.0311152879148722,-0.0286662876605988,-0.0262553635984659,-0.0238844938576221,-0.0215427186340094,-0.0192133635282516,-0.0169472079724073,-0.015593808144331,-0.0160165503621101,-0.0176792684942484,-0.0198364853858948,-0.0221095196902752,-0.0243706218898296,-0.0265923999249935,-0.0287883337587118,-0.0309658572077751,-0.033136148005724,-0.0352908186614513,-0.0374396294355392,-0.0395791009068489,-0.0416384264826775,-0.0426878370344639,-0.0419447757303715,-0.0400248430669308,-0.0376598238945007,-0.0351949855685234,-0.0327676944434643,-0.0310871284455061,-0.0312090925872326,-0.0327010378241539,-0.0347647964954376,-0.0369830317795277,-0.0391959771513939,-0.0413695387542248,-0.0435176827013493,-0.0456446558237076,-0.0477590374648571,-0.049862802028656,-0.0519627630710602,-0.0540569499135017,-0.0561122633516788,-0.0573483631014824,-0.0568078719079494,-0.0549417063593864,-0.0525574162602425,-0.050046369433403,-0.0475501716136932,-0.0456217154860497,-0.0453903116285801,-0.0466689839959145,-0.0486255213618279,-0.0507838055491447,-0.0529587455093861,-0.0550979003310204,-0.0571883730590343,-0.0592680126428604,-0.06134232878685,-0.0633907318115234,-0.0654362961649895,-0.0669493079185486,-0.0667876824736595,-0.0651270300149918,-0.0627908483147621,-0.0602573603391647,-0.0577127188444138,-0.0552125386893749,-0.0527498722076416,-0.0506782196462154,-0.0501593500375748,-0.0512536689639091,-0.0531440526247025,-0.0552784204483032,-0.0574408285319805,-0.0595684014260769,-0.0616522468626499,-0.0637257397174835,-0.0657795369625092,-0.067827008664608,-0.0698716044425964,-0.0719017907977104,-0.0739191398024559,-0.0754939168691635,-0.0754537358880043,-0.0738317295908928,-0.0715005844831467,-0.0689435303211212,-0.066374808549881,-0.0640946999192238,-0.0632216259837151,-0.0640724748373032,-0.0658395066857338,-0.0676839277148247,-0.0681944638490677,-0.0669682174921036,-0.0647938251495361,-0.0623047724366188,-0.059762179851532,-0.0572603978216648,-0.0547964423894882,-0.0523663237690926,-0.0499453172087669,-0.0475390776991844,-0.0451398566365242,-0.0427527986466885,-0.0403723046183586,-0.0380088090896606,-0.0356526710093021,-0.0334443263709545,-0.0324317626655102,-0.0331990011036396,-0.0350105874240398,-0.0370496325194836,-0.0379766412079334,-0.0371204875409603,-0.0351684130728245,-0.0328425839543343,-0.0304323434829712,-0.0280558578670025,-0.0257133040577173,-0.0234000496566296,-0.0211119558662176,-0.0188335459679365,-0.01655556820333,-0.01429258659482,-0.0120378397405148,-0.0097901243716478,-0.007542566396296,-0.0053795259445905,-0.0042237974703311,-0.0048584267497062,-0.0066775749437511,-0.0089367302134633,-0.0112870056182146,-0.013510700315237,-0.0146089643239975,-0.0138867348432541,-0.0120436707511544,-0.0098055191338062,-0.0074773402884602,-0.0051717944443225,-0.0029169418849051,-0.0006959017482586,0.0015182464849203,0.00371919805184,0.0059185735881328,0.008115267381072,0.0103048058226705,0.0124524664133787,0.0137769673019648,0.0133353341370821,0.0115854572504759,0.0093168187886476,0.006911065429449,0.004507222212851,0.0021690882276743,-0.0001462757791159,-0.0024355161003768,-0.0047187744639813,-0.0069931782782077,-0.0092638516798615,-0.0115186274051666,-0.013719373382628,-0.0150106474757195,-0.0144882993772626,-0.0127279423177242,-0.0104961041361094,-0.0081444224342703,-0.0058236895129084,-0.0041548986919224,-0.004223633557558,-0.0057540396228432,-0.0079066026955843,-0.0102177131921053,-0.0125223295763135,-0.0147906737402081,-0.0170392282307148,-0.0192794725298882,-0.0214942321181297,-0.0236968584358692,-0.0258938055485487,-0.0280763767659664,-0.0302529558539391,-0.0324266776442528,-0.0345721691846848,-0.0361064560711384,-0.0359265320003033,-0.0342880859971046,-0.0320440232753754,-0.0300727039575577,-0.0296906176954508,-0.0309002678841352,-0.0328716635704041,-0.0350741259753704,-0.0373067669570446,-0.0394969321787357,-0.0416411273181438,-0.0437741614878178,-0.0458861589431763,-0.0474572852253914,-0.0473745092749596,-0.045778714120388,-0.0435076542198658,-0.0410403683781624,-0.0385589003562927,-0.036116398870945,-0.0337225571274757,-0.0313453339040279,-0.0289873778820038,-0.0269278474152088,-0.0263270679861307,-0.0274225696921349,-0.0293586291372776,-0.0315732769668102,-0.033824797719717,-0.0360407792031765,-0.0382168367505074,-0.0403675995767117,-0.0425122864544392,-0.0442820973694324,-0.0444976165890694,-0.0430895239114761,-0.0409040525555611,-0.0384748056530952,-0.0360063910484314,-0.0335875973105431,-0.0312045775353909,-0.0288439337164164,-0.0264903772622347,-0.0243522152304649,-0.0235024951398373,-0.0243969894945621,-0.0262697488069534,-0.0284763984382153,-0.030733484774828,-0.03296023234725,-0.0351523533463478,-0.0373228527605534,-0.0394740402698517,-0.0416180938482285,-0.0437518581748009,-0.0456885062158108,-0.0463401079177856,-0.0452290624380112,-0.0431541316211224,-0.0407515093684196,-0.0382811278104782,-0.0358450897037983,-0.0334581919014454,-0.0311929695308208,-0.0300398636609316,-0.0307029727846384,-0.032454177737236,-0.0346125513315201,-0.0368547402322292,-0.0389189459383488,-0.0397580154240131,-0.0388080403208733,-0.0368012711405754,-0.0344354622066021,-0.0319929085671902,-0.0295756291598082,-0.0272069238126278,-0.0248605646193027,-0.0225317589938641,-0.0202194266021252,-0.017912058159709,-0.0156205212697387,-0.0133351841941476,-0.0111161582171917,-0.0098026627674698,-0.0102730505168438,-0.0119844935834408,-0.0141857108101249,-0.0164951272308826,-0.0187863148748875,-0.0210465900599957,-0.0232804734259844,-0.0254908092319965,-0.0277028549462557,-0.0299012437462807,-0.0320368818938732,-0.0332639440894127,-0.0326798520982265,-0.0308674685657024,-0.0285790972411633,-0.0261614173650742,-0.0237672813236713,-0.0214185789227486,-0.0191164445132017,-0.0175466425716877,-0.017742058262229,-0.0193010903894901,-0.0214064437896013,-0.0229582767933607,-0.0227759294211864,-0.0211821794509888,-0.0189828891307116,-0.0166213810443878,-0.0142588345333934,-0.0119405332952738,-0.0096584735438227,-0.0074002407491207,-0.0051484932191669,-0.002905091503635,-0.0006683098617941,0.0015572709962725,0.0037772271316498,0.0059845694340765,0.0081793144345283,0.0098445396870374,0.0098504591733217,0.0083452109247446,0.006157714407891,0.0037852334789931,0.0014139091363176,-0.0003113192797172,-0.0002968134940601,0.0011677788570523,0.0032695070840418,0.0055433018133044,0.007813879288733,0.0100471572950482,0.0122490432113409,0.0144308600574732,0.0166047774255276,0.0187704488635063,0.0209304112941027,0.0230830777436495,0.0252373814582825,0.0270116943866014,0.0272286403924227,0.0258197989314795,0.0236292593181133,0.0212071053683758,0.0187553446739912,0.0163474809378386,0.0139857539907098,0.0120077673345804,0.0115732168778777,0.0127582075074315,0.0147371590137482,0.0169572271406651,0.0192012470215559,0.0214107427746058,0.0235907193273306,0.0257500000298023,0.0278999842703342,0.030050678178668,0.0321975201368332,0.0340798571705818,0.0345700345933437,0.0333444178104401,0.0312179904431105,0.0288003366440535,0.0263333357870579,0.0238998737186193,0.0215179324150085,0.0194059759378433,0.0186634957790375,0.0196308810263872,0.021528322249651,0.0237206127494574,0.0259555894881487,0.028166763484478,0.0303344205021858,0.0324798189103603,0.0346224829554558,0.0367534980177879,0.038875687867403,0.0408420525491238,0.041600301861763,0.0405851602554321,0.0385324098169804,0.0361306481063366,0.0336552485823631,0.0312008373439312,0.0287895053625107,0.0265510454773903,0.025518674403429,0.0262590385973454,0.0280419252812862,0.030191496014595,0.0324183255434036,0.0346116423606873,0.036779809743166,0.0389178693294525,0.0410386696457863,0.0431616492569447,0.0452751629054546,0.0473002940416336,0.048313707113266,0.0475290976464748,0.0455661825835705,0.0431772023439407,0.0406936071813107,0.0382213070988655,0.0358046516776085,0.0334050990641117,0.0310263428837061,0.0286549497395754,0.0262990668416023,0.0240193977952003,0.0227556135505438,0.0232774093747139,0.0249798633158207,0.0271190796047449,0.0293550752103329,0.0315802022814751,0.0337649248540401,0.0358917117118835,0.0371803939342499,0.036688007414341,0.0349017083644867,0.0325988605618477,0.0301595348864794,0.0277246665209532,0.0253401324152946,0.022994851693511,0.0206623673439026,0.0183520615100861,0.0160461701452732,0.0137446904554963,0.011460168287158,0.0092248953878879,0.0078974366188049,0.0083776228129863,0.0100913224741817,0.0122816702350974,0.0145851466804743,0.0168612878769636,0.0184814743697643,0.0183602645993233,0.0167807415127754,0.0146032012999058,0.012856749817729,0.0128126312047243,0.0142481923103333,0.0163465701043606,0.0186215844005346,0.020904004573822,0.0231501627713442,0.0253530014306307,0.0275378171354532,0.0297142658382654,0.0318843834102154,0.0340439155697823,0.0361994616687298,0.038349375128746,0.0404904820024967,0.0426190420985222,0.0442861504852772,0.0443339683115482,0.042830303311348,0.04060148447752,0.0381567850708961,0.03569645434618,0.0332703664898872,0.0308778081089258,0.0285132229328156,0.026166744530201,0.0243440624326468,0.0241925660520792,0.0255491472780704,0.0275794323533773,0.0298016462475061,0.032035943120718,0.0342308878898621,0.0363925322890282,0.0385407954454422,0.0406734757125378,0.0424960553646088,0.0428524427115917,0.041523028165102,0.0393607541918755,0.0369406342506409,0.0344856232404709,0.0320630371570587,0.0296797379851341,0.0273231249302626,0.0249831397086382,0.0226461626589298,0.0203254539519548,0.0183011796325445,0.0177406333386898,0.0188501738011837,0.020811764523387,0.0230470597743988,0.0253204014152288,0.0275602247565985,0.029752729460597,0.0317266136407852,0.0323938727378845,0.0313170179724693,0.029271749779582,0.0269129034131765,0.0244962088763714,0.0223413407802582,0.0216114409267902,0.0226116478443146,0.0245323535054922,0.0267537795007229,0.029015451669693,0.0312488153576851,0.0334387794137001,0.0356006547808647,0.037750955671072,0.039893627166748,0.0420344807207584,0.044175174087286,0.0462915189564228,0.0483025163412094,0.0491988472640514,0.0482824556529522,0.0462634526193142,0.043864481151104,0.041378315538168,0.0389196909964085,0.0365048386156559,0.0341113917529583,0.0317490324378014,0.0295278634876013,0.028505478054285,0.0292534548789263,0.0310368910431862,0.033197745680809,0.0354256331920624,0.037626001983881,0.0397988297045231,0.0419458746910095,0.0440680533647537,0.0461290776729584,0.0472627282142639,0.0466172061860561,0.0447229333221912,0.0423680394887924,0.0398873835802078,0.037502359598875,0.0361606031656265,0.0366369336843491,0.0382926650345325,0.0404006540775299,0.042601328343153,0.0447876118123531,0.0469315834343433,0.0490533746778965,0.0511574074625969,0.0532515048980713,0.0553360544145107,0.0574183017015457,0.059499379247427,0.0615538395941257,0.0628712624311447,0.0624214448034763,0.060610868036747,0.0582298561930656,0.0557103231549263,0.0531942509114742,0.0507117323577404,0.0482645742595196,0.0458431504666805,0.0434455387294292,0.0410497114062309,0.0386916548013687,0.0370339117944241,0.0371237508952618,0.0386003404855728,0.0406630821526051,0.0428660809993744,0.0450568124651909,0.0472192242741585,0.0493384078145027,0.0509033501148224,0.0507984049618244,0.0491963326931,0.046920258551836,0.0444641038775444,0.0419921576976776,0.0395613759756088,0.0371711775660515,0.0347945243120193,0.0324459187686443,0.0301063172519207,0.0277648791670799,0.0254380777478218,0.0231386739760637,0.021450724452734,0.0214763954281807,0.0229476653039455,0.025046780705452,0.0273127667605877,0.029575452208519,0.0314304567873478,0.0317031778395176,0.0303482748568058,0.0282193496823311,0.0258534364402294,0.023460578173399,0.0211059357970953,0.0187895596027374,0.0164977852255106,0.0142200272530317,0.0119555732235312,0.0096857920289039,0.0074253706261515,0.0051783807575702,0.0033691392745822,0.0031794514507055,0.0045641008764505,0.0066755558364093,0.0089969933032989,0.011336587369442,0.0133894644677639,0.014022383838892,0.0129375997930765,0.0109384329989552,0.0086478032171726,0.0063138548284769,0.0040161423385143,0.0017548976466059,-0.0004883320652879,-0.0027187189552933,-0.0049359267577529,-0.0071436055004596,-0.0091161374002695,-0.0096956845372915,-0.0085563696920871,-0.0065153581090271,-0.0041869198903441,-0.001798492972739,0.0005592502420768,0.0028743527363985,0.0050096800550818,0.0059136217460036,0.0050610164180398,0.0031744055449962,0.0010731902439147,8.68160204845481e-05,0.0008936316007748,0.0027849371545016,0.0050570373423397,0.0074033830314874,0.0097244903445243,0.0119985640048981,0.0142379207536578,0.016461580991745,0.018678879365325,0.0208876822143793,0.0230834204703569,0.0252737477421761,0.0274593941867352,0.029628723859787,0.031716600060463,0.0327959805727005,0.0320807844400406,0.0301852691918612,0.0278580002486706,0.0254276432096958,0.0230253022164106,0.0206684712320566,0.01834312453866,0.0160264149308205,0.0138164656236768,0.0127173271030188,0.0134229706600308,0.0152240321040154,0.0174251738935709,0.0197155140340328,0.0219767913222313,0.0241940040141344,0.0263874419033527,0.0285610072314739,0.0306926853954792,0.0320025235414505,0.0315381996333599,0.0297699403017759,0.0274801515042782,0.0250595957040787,0.0226518288254738,0.0202943608164787,0.0179569683969021,0.0156424716114998,0.0133426878601313,0.0110546573996544,0.0088050747290253,0.0073546380735933,0.0076810736209154,0.0093467142432928,0.0115210153162479,0.0138330701738596,0.0161281060427427,0.01838000677526,0.0205866638571024,0.0221551805734634,0.0220119599252939,0.0204099640250206,0.018215524032712,0.0164583791047335,0.016401719301939,0.0178210623562336,0.0199018009006977,0.0221581403166056,0.0244216565042734,0.0266535207629204,0.0288408063352108,0.0310166794806719,0.0331771671772003,0.0353313535451889,0.0374790020287037,0.0396284833550453,0.0417646989226341,0.0438977740705013,0.0460126474499702,0.0476577654480934,0.047705851495266,0.0461846068501472,0.0439451709389687,0.0414889045059681,0.0390054471790791,0.0365621484816074,0.0341579243540764,0.0317844673991203,0.0294350311160088,0.0276078395545483,0.0274439714848995,0.0287914369255304,0.0308204796165228,0.0330336131155491,0.0352551564574242,0.0374409556388855,0.0395937263965607,0.0417306050658226,0.0438512042164803,0.0456704124808311,0.0460132509469986,0.0446681529283524,0.0424883626401424,0.0403610542416573,0.0396385341882706,0.0406103357672691,0.0424723103642464,0.0446167290210724,0.0468097776174545,0.0489656329154968,0.0510898381471634,0.0531880632042885,0.0552681274712086,0.0573487654328346,0.0594277530908585,0.0614971183240414,0.0635705068707466,0.0656279623508453,0.0676744654774666,0.0697159543633461,0.0717374011874199,0.0737562403082848,0.0757801607251167,0.0775913149118423,0.0780968144536018,0.0768537223339081,0.074646033346653,0.0721107423305511,0.0695152133703232,0.066963866353035,0.0644613280892372,0.0619853250682354,0.0595220401883125,0.0570679232478142,0.0546239092946053,0.0521969869732857,0.049777414649725,0.0473649427294731,0.0449621751904488,0.042669553309679,0.0414915382862091,0.0421069972217083,0.0438302271068096,0.0459607131779194,0.0481585487723351,0.0503434836864471,0.0524936690926552,0.0545071922242641,0.0553791187703609,0.0544500164687634,0.0524382814764977,0.0500444024801254,0.0475672259926796,0.0451101548969746,0.0427115745842457,0.0403454154729843,0.0379923135042191,0.0356425046920776,0.033302016556263,0.03102439455688,0.0296514183282852,0.0300675556063652,0.0317340865731239,0.0338738448917866,0.0361318923532963,0.0383725538849831,0.0405714139342308,0.0427411384880543,0.0448962226510048,0.0470386669039726,0.049179382622242,0.0513132996857166,0.0534398332238197,0.0554708130657673,0.0564751625061035,0.0556810721755028,0.0537205711007118,0.0513260774314404,0.0488365218043327,0.0463896803557873,0.0446926131844521,0.0447772890329361,0.0462382286787033,0.0482768192887306,0.050458662211895,0.0526400990784168,0.0547838173806667,0.0568827837705612,0.0582165420055389,0.0577859729528427,0.0560008883476257,0.0536608994007111,0.051175132393837,0.048695333302021,0.0462556183338165,0.0438561178743839,0.0414766110479832,0.0391118451952934,0.036750540137291,0.0344076901674271,0.0325912646949291,0.0324377678334713,0.0337990261614323,0.0358412712812424,0.038068350404501,0.040305994451046,0.0424957498908043,0.0446491092443466,0.0467966124415398,0.0489399880170822,0.0510634444653988,0.0531776957213879,0.0547429397702217,0.0546308010816574,0.0530187785625458,0.0507368817925453,0.0482679083943367,0.0457857064902782,0.0433558896183968,0.0409625619649887,0.0389495454728603,0.038491003215313,0.0396530106663704,0.0416006706655025,0.0437938049435616,0.0460096336901188,0.0481920801103115,0.0503368340432644,0.0524665117263794,0.0545689240098,0.0561971217393875,0.056211955845356,0.0546724610030651,0.0524180233478546,0.0499476753175259,0.0474633686244488,0.045015137642622,0.0426156856119633,0.0402311608195305,0.0378523655235767,0.0357310473918915,0.0349983535706997,0.0359781943261623,0.0378705970942974,0.040062390267849,0.0422928743064404,0.0444871038198471,0.0466421656310558,0.0487838387489319,0.0509104244410992,0.0530281700193882,0.0551337823271751,0.0569856017827988,0.0574388951063156,0.0561931096017361,0.0540477111935616,0.0516141206026077,0.0491203293204308,0.046658106148243,0.0442397184669971,0.0420012697577477,0.0409638173878193,0.041695810854435,0.0434596389532089,0.0454482920467854,0.0462937355041504,0.0453533418476582,0.0433460921049118,0.0409657321870327,0.0385099053382874,0.0360876619815826,0.0337097235023975,0.0313550569117069,0.029022453352809,0.0267099477350712,0.0244104377925396,0.0221166107803583,0.0198249090462923,0.0175335146486759,0.0152562521398067,0.013064538128674,0.0118748173117638,0.0124918920919299,0.0142875406891108,0.0165151692926884,0.0188386701047421,0.0211362484842539,0.0233982522040606,0.0256155338138342,0.0278180986642838,0.0299119353294373,0.0308791399002075,0.0300430245697498,0.0281382743269205,0.0258355289697647,0.0234487596899271,0.0210859477519989,0.0187607705593109,0.0164614319801331,0.0141857424750924,0.0119507424533367,0.0105246277526021,0.0108820647001266,0.0125492801889777,0.0147344758734107,0.0170539319515228,0.0193085763603449,0.0205894820392132,0.0200556479394436,0.0182867534458637,0.0160479359328747,0.0136997671797872,0.0113761220127344,0.0090841939672827,0.0068242643028497,0.0045736688189208,0.0023264135234057,7.98497203504667e-05,-0.0021522974129766,-0.004374410957098,-0.0065794694237411,-0.008152587339282,-0.0080013582482934,-0.0064014438539743,-0.0041915257461369,-0.0018176476005464,0.0005731936544179,0.002910015406087,0.0052059139125049,0.0074814506806433,0.0097195012494921,0.0112304892390966,0.01097974460572,0.0093696098774671,0.0071908850222826,0.0048628654330968,0.0025443397462368,0.0002664288913365,-0.001982572954148,-0.0042191352695226,-0.0064356876537203,-0.0081932367756962,-0.0083413114771246,-0.0069290464743971,-0.0047905375249683,-0.0024388728197664,-6.2935461755842e-05,0.002266195602715,0.0045631621032953,0.0068256659433245,0.0090780537575483,0.0113233271986246,0.0135632455348969,0.0157994907349348,0.01803226955235,0.0202412586659193,0.0224411319941282,0.0241712499409914,0.0243017077445984,0.0228675194084644,0.0207176562398672,0.0186394713819027,0.0179977249354124,0.0190743990242481,0.0210175011307001,0.0232435986399651,0.0255061648786068,0.0277324430644512,0.0299148131161928,0.0320829153060913,0.0342433787882328,0.0360154137015343,0.0362191535532475,0.0348194502294064,0.032648891210556,0.0302428416907787,0.027797807008028,0.0253982096910477,0.0230495557188988,0.0207153037190437,0.0184044130146503,0.0162886865437031,0.0154552832245827,0.0163725391030312,0.0182575657963753,0.0204749926924706,0.0227644331753254,0.0250193383544683,0.0272319074720144,0.0294152405112982,0.0315924026072025,0.033765371888876,0.035917192697525,0.0380673110485077,0.0402054451406002,0.0420850478112698,0.0425663739442825,0.0413449890911579,0.0392221510410309,0.0368130877614021,0.0343510806560516,0.032027292996645,0.0308507811278105,0.031488411128521,0.0332318805158138,0.0353857800364494,0.037614680826664,0.0398196689784527,0.0419762767851353,0.044115174561739,0.0462451092898846,0.048360139131546,0.0504710413515568,0.052569504827261,0.0546673499047756,0.0565984062850475,0.0573050007224083,0.0562364086508751,0.0541324652731419,0.051684807986021,0.0491662546992302,0.0467448085546494,0.0452567562460899,0.0455674007534981,0.0471288524568081,0.0491994060575962,0.0513696148991585,0.0535298995673656,0.0556561574339867,0.0577551573514938,0.059833861887455,0.0619055852293968,0.0639741718769073,0.0659774020314217,0.0670372769236565,0.0663004368543625,0.06433966755867,0.0619222074747086,0.0593856908380985,0.0568591617047787,0.0543848499655724,0.0519532486796379,0.0502555519342422,0.0503222495317459,0.051751121878624,0.0537493303418159,0.055900014936924,0.0580547377467155,0.060169942677021,0.0622575506567955,0.064332090318203,0.066396176815033,0.0684560611844063,0.0705069005489349,0.0725432932376862,0.0745417699217796,0.0757064074277878,0.0750828385353088,0.0731531977653503,0.0707270503044128,0.0681581199169159,0.0656187385320663,0.0636440217494965,0.0633656457066536,0.0645959749817848,0.0665122121572495,0.0680684298276901,0.0679627135396004,0.0663263499736786,0.0640092641115189,0.0614825412631035,0.0589481182396412,0.0564709231257439,0.0540305897593498,0.0516095608472824,0.0492096021771431,0.0468182377517223,0.0444311238825321,0.0420516580343246,0.0396879613399506,0.0373262241482735,0.0349755249917507,0.0330027975142002,0.0325871631503105,0.0337808094918728,0.0357679054141045,0.0376092866063118,0.0379451438784599,0.036629643291235,0.0345013588666916,0.0321250483393669,0.029724694788456,0.0273608434945345,0.0250363871455193,0.0227422751486301,0.0204600561410189,0.0181890614330769,0.0159165319055319,0.0136534022167325,0.0113915912806988,0.009138198569417,0.0068925330415368,0.0048936456441879,0.0042818319052457,0.005383619107306,0.0074008610099554,0.0097117414698004,0.0120677966624498,0.0140701346099377,0.0145582323893905,0.0133780995383859,0.0113529432564974,0.0090659894049167,0.0067354622296989,0.0044555407948792,0.0022065127268433,-2.93709017569199e-05,-0.0022460951004177,-0.0044570588506758,-0.0066629666835069,-0.008864814415574,-0.0110531616955996,-0.0130741558969021,-0.0138959251344204,-0.0129442475736141,-0.0109630264341831,-0.0086240982636809,-0.0062055164016783,-0.0038234626408666,-0.0014765919186174,0.0008469765307381,0.0031480868346989,0.0054206689819693,0.0076926127076149,0.0099505055695772,0.0122101427987218,0.0142755033448339,0.0150165492668748,0.0139980334788561,0.0120206167921424,0.0097386948764324,0.0073968339711427,0.0051569468341767,0.0039664469659328,0.0045905164442956,0.0063966950401663,0.0086264070123434,0.0109562892466784,0.0132625140249729,0.0155309457331896,0.0177610870450735,0.0199750382453203,0.0221783872693777,0.0243808496743441,0.0265686325728893,0.0287508256733418,0.0309333745390177,0.0330919846892357,0.0351698622107506,0.0362318232655525,0.0354841463267803,0.0335649661719799,0.0312658958137035,0.0296686328947544,0.0298538766801357,0.0313894152641296,0.033476747572422,0.0356863662600517,0.037896603345871,0.0400635451078415,0.0422154627740383,0.0443547144532204,0.0464155673980713,0.0475441478192806,0.0468895174562931,0.0450056493282318,0.0426484867930412,0.0401743650436401,0.0377215370535851,0.0353161096572876,0.0329380817711353,0.0305820852518082,0.0282378457486629,0.0265032052993774,0.0265033505856991,0.0279430635273457,0.0300122946500778,0.0322491191327572,0.0344875864684582,0.0366905257105827,0.0388577468693256,0.0410112701356411,0.0431353151798248,0.0445012226700783,0.044111106544733,0.0423647314310074,0.0400659516453743,0.0376206785440445,0.0351819768548012,0.0327873751521111,0.0304191987961531,0.02807492390275,0.0257492866367102,0.0238792970776558,0.0236198119819164,0.0249219927936792,0.0269487574696541,0.029183654114604,0.0314434766769409,0.0336648598313332,0.0358439534902573,0.0380054861307144,0.0401590801775455,0.042314812541008,0.0444576144218445,0.046139121055603,0.0461690239608288,0.0446468368172646,0.0424222946166992,0.039983905851841,0.037520308047533,0.0351001545786858,0.032732043415308,0.0306594502180815,0.0300852730870247,0.031175572425127,0.0331158377230167,0.0353104881942272,0.0375305339694023,0.0393473468720913,0.0395863950252533,0.0381913296878338,0.0360019579529762,0.0335871763527393,0.0311493277549744,0.028746297582984,0.026400962844491,0.0240841973572969,0.0217687226831913,0.0194625612348318,0.0171651765704155,0.0148827750235796,0.0126068349927664,0.0105403140187263,0.0097577888518571,0.0107188578695059,0.0126600451767445,0.01493183337152,0.0172497760504484,0.0195388272404671,0.0217858627438545,0.0240034777671099,0.0262134447693825,0.0284089557826519,0.0305981989949942,0.0325922705233097,0.0332637652754784,0.0321957990527153,0.0301614459604025,0.0278125014156103,0.0254074912518263,0.0230356585234404,0.0206999145448208,0.018492816016078,0.0174096003174782,0.0181219298392534,0.0199280790984631,0.0220052376389503,0.0230536311864853,0.0223142243921757,0.0204499252140522,0.0181672722101212,0.0158048868179321,0.0134633630514145,0.011164853349328,0.0088920854032039,0.0066349999979138,0.0043838517740368,0.0021362106781452,-0.000107310268504,-0.0023418264463543,-0.0045727351680398,-0.0067914389073848,-0.0089370226487517,-0.0101691884920001,-0.0096168834716081,-0.0078115477226674,-0.0055283149704337,-0.0031420604791492,-0.0008599349530413,0.0003661875962279,-0.0002221953764092,-0.0019735950045287,-0.0041617196984589,-0.0064473995007574,-0.0087149487808346,-0.010943291708827,-0.0131499459967017,-0.0153310615569353,-0.017512571066618,-0.0196825377643108,-0.0218529440462589,-0.0240185670554638,-0.0261524096131325,-0.0275505054742098,-0.0271883420646191,-0.0254533868283033,-0.0231564752757549,-0.0207078997045755,-0.018260283395648,-0.0158667340874672,-0.013531400822103,-0.01194126624614,-0.0121162440627813,-0.0136417783796787,-0.0157412122935057,-0.0179955214262009,-0.0202468391507864,-0.0224576462060213,-0.0246355459094048,-0.0267895460128784,-0.0289333313703537,-0.031074395403266,-0.0332058891654015,-0.0347820483148098,-0.0346877500414848,-0.0330941565334797,-0.030833663418889,-0.0283897668123245,-0.0259232893586159,-0.0235054977238178,-0.0211316272616386,-0.0193284135311842,-0.0192001555114985,-0.0205666925758123,-0.0226075612008572,-0.0248384363949299,-0.0270676165819168,-0.029267780482769,-0.0314349010586739,-0.0335788428783417,-0.0357089042663574,-0.0378320328891277,-0.0399471670389175,-0.0416825637221336,-0.0418598651885986,-0.0404205992817879,-0.0382170490920544,-0.0357654690742493,-0.0332807973027229,-0.0308434013277292,-0.0284431260079145,-0.0264487359672785,-0.0260158479213715,-0.0271873287856579,-0.0291495993733406,-0.0313500985503197,-0.0335774794220924,-0.0357721634209156
-0.028281731531024,-0.02568294480443,-0.0230955742299557,-0.0205269530415535,-0.0179638285189867,-0.0154132740572095,-0.0134845795109868,-0.0134199950844049,-0.0150467371568084,-0.0174151808023453,-0.0199964381754398,-0.0225915163755417,-0.0251417271792889,-0.0276438742876053,-0.0301237385720015,-0.0325758680701256,-0.0343285501003265,-0.0341321416199207,-0.0323391407728195,-0.0298598203808069,-0.0271794144064188,-0.0244924165308475,-0.0218641497194767,-0.0192796997725964,-0.0167155209928751,-0.0141666429117322,-0.0120632955804467,-0.0116864321753383,-0.0131158195436001,-0.0154179399833083,-0.0179872419685125,-0.0205835737287998,-0.0226443335413933,-0.0228352211415768,-0.021266732364893,-0.0188863910734653,-0.016261737793684,-0.0136176906526089,-0.0110345929861069,-0.0084768524393439,-0.005947824101895,-0.0034364713355898,-0.0009349154424853,0.0015616518212482,0.0040467516519129,0.0065269814804196,0.0087108481675386,0.0093551445752382,0.0080679962411522,0.00577251939103,0.0031476439908146,0.0004743041645269,-0.0021578087471425,-0.0047437213361263,-0.007304411381483,-0.0098506733775138,-0.0120431324467063,-0.0125744920223951,-0.011237682774663,-0.0089758159592747,-0.0064023407176137,-0.0037921541370451,-0.0012183712096884,0.0013100965879857,0.0038219497073441,0.0063059595413506,0.0086112432181835,0.0095670325681567,0.008531030267477,0.006349828094244,0.0037641264498233,0.0010938763152808,-0.0015437044203281,-0.0041247960180044,-0.006672722287476,-0.0092037646099925,-0.0117184389382601,-0.0142220035195351,-0.0167086254805326,-0.0191890262067318,-0.0216666702181101,-0.0241301544010639,-0.0264142379164696,-0.0273554585874081,-0.0263107866048813,-0.0241138786077499,-0.0216000601649284,-0.0201287530362606,-0.0207147747278214,-0.0226381439715624,-0.0250595360994339,-0.0275901891291142,-0.0300942547619343,-0.032553918659687,-0.0349762886762619,-0.0373815819621086,-0.0396631807088852,-0.040676511824131,-0.0396997816860676,-0.0375024974346161,-0.0348564647138119,-0.0321197472512722,-0.029401084408164,-0.0267274081707001,-0.0240909233689308,-0.0214742049574852,-0.018926128745079,-0.0173076763749123,-0.0176684148609638,-0.0194860268384218,-0.021888192743063,-0.024435231462121,-0.0269693396985531,-0.0294528417289257,-0.0319037549197674,-0.0343392118811607,-0.0367501080036163,-0.0391616560518742,-0.0415647700428963,-0.043949443846941,-0.0462676435709,-0.0475493669509888,-0.0468175522983074,-0.044721856713295,-0.0420992374420166,-0.0393412932753563,-0.0366197973489761,-0.0346351154148579,-0.034649733453989,-0.0362624898552895,-0.0385516732931137,-0.0410288646817207,-0.0435077846050262,-0.0459327809512615,-0.048320647329092,-0.0506895929574966,-0.0530395917594433,-0.0553885884582996,-0.0577210709452629,-0.0600591152906418,-0.0623529180884361,-0.0638321563601494,-0.0633428394794464,-0.0613278225064278,-0.0586849562823772,-0.0558723695576191,-0.0530752912163734,-0.0508562624454498,-0.0504680722951889,-0.0518247485160828,-0.0539895966649055,-0.0564031228423119,-0.0588349848985672,-0.0612129382789135,-0.0635409504175186,-0.0658512860536575,-0.0681455507874489,-0.0704389587044716,-0.0727211534976959,-0.0745071098208427,-0.0744697377085686,-0.072692334651947,-0.0701155960559845,-0.0672848224639893,-0.0644279941916466,-0.0616256594657898,-0.0588665418326855,-0.0564740523695946,-0.0557695440948009,-0.0569222718477249,-0.0590030178427696,-0.0613729506731033,-0.063796654343605,-0.0661806091666222,-0.0685087516903877,-0.0708101987838745,-0.0730986893177032,-0.0753853246569633,-0.0776612088084221,-0.0799267143011093,-0.08219213783741,-0.0840197056531906,-0.0841257572174072,-0.0824080482125282,-0.0798183381557465,-0.0769573226571083,-0.0740762129426003,-0.0714757442474365,-0.0703610256314278,-0.0712185204029083,-0.0731616765260696,-0.07526645809412,-0.0759753808379173,-0.0747024714946747,-0.072322279214859,-0.0695536583662033,-0.0667078346014023,-0.063893549144268,-0.0611224994063377,-0.0583909265697002,-0.0556841194629669,-0.0529884025454521,-0.0502926260232925,-0.0476135537028313,-0.0449494309723377,-0.0423005074262619,-0.0396553352475166,-0.0371471382677555,-0.0358993783593178,-0.0366542711853981,-0.0386344492435455,-0.0409266725182533,-0.0420888736844063,-0.0412295162677765,-0.0390985682606697,-0.0364924147725105,-0.0337847881019115,-0.0311130657792091,-0.0284867361187935,-0.0259021744132042,-0.0233277548104525,-0.0207596868276596,-0.018198786303401,-0.0156436040997505,-0.0131075708195567,-0.0105791920796037,-0.0080652926117181,-0.005630699917674,-0.0042157894931733,-0.0048027890734374,-0.0067838788963854,-0.0092890374362468,-0.0119263390079141,-0.0144493244588375,-0.0158009212464094,-0.0151067618280649,-0.0131049770861864,-0.0106127075850964,-0.0079986145719885,-0.0054100733250379,-0.002867441624403,-0.0003650602593552,0.002119978191331,0.0045955651439726,0.0070599038153886,0.0095163201913237,0.0119626857340336,0.0143736405298114,0.0159733891487122,0.0156064741313457,0.0137191824615002,0.0111918579787016,0.0084946574643254,0.0058064307086169,0.0031632634345442,0.0005712821148335,-0.0020028490107506,-0.0045586638152599,-0.0071024820208549,-0.0096325669437646,-0.0121612809598446,-0.0146382721140981,-0.0162027720361948,-0.0157454796135426,-0.0138446427881718,-0.0113617237657309,-0.0087235150858759,-0.0061077335849404,-0.0041568065062165,-0.0040971906855702,-0.0057317800819873,-0.0081106415018439,-0.0107012586668134,-0.0133021902292967,-0.0158453397452831,-0.0183490328490734,-0.0208279155194759,-0.0232904832810163,-0.0257470309734344,-0.0282007735222578,-0.0306392703205347,-0.0330649241805077,-0.0354800298810005,-0.0378804765641689,-0.0396793335676193,-0.0396085381507874,-0.0378470309078693,-0.0353471115231514,-0.0330655798316002,-0.0325038470327854,-0.0337804444134235,-0.0359509475529194,-0.0384030565619469,-0.0408869422972202,-0.0433262623846531,-0.0457204133272171,-0.0480856075882912,-0.0504350140690804,-0.0522650219500065,-0.0522947907447815,-0.0505811311304569,-0.0480632036924362,-0.0453050285577774,-0.0425284951925278,-0.0397999957203865,-0.037116389721632,-0.0344561636447906,-0.0318051762878895,-0.029450710862875,-0.0286444574594498,-0.0297729689627886,-0.0319055505096912,-0.0343639850616455,-0.0368684753775597,-0.0393369421362877,-0.0417583584785461,-0.0441564582288265,-0.0465457066893578,-0.0485901311039925,-0.0489633977413177,-0.0474754050374031,-0.0450592339038849,-0.0423428490757942,-0.0395835041999817,-0.0368705317378044,-0.0342005379498005,-0.0315545760095119,-0.0289220977574587,-0.0264872871339321,-0.0254106000065804,-0.0263199843466282,-0.0283655636012554,-0.0308148413896561,-0.0333413928747177,-0.0358292609453201,-0.0382720269262791,-0.0406854599714279,-0.0430800244212151,-0.0454737693071365,-0.0478545166552067,-0.0500631518661976,-0.0509300082921982,-0.0497825667262077,-0.0475026033818722,-0.0448118597269058,-0.0420454367995262,-0.0393184833228588,-0.0366272702813148,-0.0340610481798649,-0.0326406955718994,-0.0332686677575111,-0.0351795554161072,-0.0375780761241913,-0.0400714054703712,-0.0424136891961098,-0.0434727221727371,-0.0425153002142906,-0.0403193570673466,-0.0376663096249104,-0.0349273085594177,-0.0322144515812397,-0.0295622423291206,-0.026931244879961,-0.0243181381374598,-0.0217164680361748,-0.0191237013787031,-0.0165474489331245,-0.0139735639095306,-0.0114628355950117,-0.0098765408620238,-0.0102752093225718,-0.0121401101350784,-0.0145891876891255,-0.0171812381595373,-0.0197586417198181,-0.0222895462065935,-0.0247853994369507,-0.0272636786103249,-0.029720202088356,-0.0321702547371387,-0.0345769561827183,-0.0360784269869328,-0.0355525091290474,-0.0335823111236095,-0.0310392268002033,-0.0283368639647961,-0.025654349476099,-0.0230144970118999,-0.0204254779964685,-0.0185585469007492,-0.0186478272080421,-0.020329162478447,-0.0226636081933975,-0.0245006196200848,-0.024429053068161,-0.0226995460689068,-0.0202494524419308,-0.0175951775163412,-0.0149298440665007,-0.0123211778700352,-0.0097468197345733,-0.007200377061963,-0.0046640718355774,-0.0021484014578163,0.000355406635208,0.0028502978384494,0.0053380201570689,0.0078115165233612,0.0102837663143873,0.0122232558205724,0.0123567432165146,0.0107510313391685,0.008344211615622,0.0056850146502256,0.0030107253696769,0.0009917640127241,0.0008800512296147,0.0024651454295963,0.0047922963276505,0.0073398775421083,0.0099098039790988,0.0124293295666575,0.0149045502766967,0.0173541344702244,0.0197856705635786,0.0222028102725744,0.0246159564703703,0.0270318277180195,0.0294256396591663,0.0314728170633316,0.0318469405174255,0.0303567405790091,0.0279512703418732,0.0252570826560259,0.0225140117108822,0.019812535494566,0.017154710367322,0.0148718236014247,0.0142584852874279,0.0155081581324339,0.017694978043437,0.0201759468764067,0.0227015055716038,0.0251838322728872,0.0276256110519171,0.0300427004694939,0.0324579700827599,0.0348487533628941,0.037224255502224,0.0393732190132141,0.0400757603347301,0.0388182029128075,0.0364865660667419,0.0337859578430653,0.0310326647013426,0.0283219702541828,0.0256489925086498,0.0232264455407858,0.0222672037780285,0.0232617594301701,0.0253312457352877,0.0277760736644268,0.030289413407445,0.0327603369951248,0.035188190639019,0.0375810489058495,0.0399576462805271,0.0423371382057667,0.0447012782096863,0.0469318330287933,0.0479055121541023,0.0468757301568985,0.0446309484541416,0.0419416651129723,0.0391678214073181,0.0364206954836845,0.0337202660739422,0.031171815469861,0.0298879612237215,0.0306098349392414,0.0325650498270988,0.0349565893411636,0.0374544858932495,0.0399150438606739,0.0423284880816936,0.0447106994688511,0.0470797680318356,0.0494409278035164,0.0517836585640907,0.054050475358963,0.0553015507757664,0.0545387119054794,0.0523955151438713,0.0497237592935562,0.0469281785190105,0.0441538617014885,0.041418693959713,0.0387169569730759,0.0360434092581272,0.0333892963826656,0.0307414978742599,0.028170807287097,0.0266272705048323,0.0270991325378418,0.0289431139826775,0.0313246324658394,0.033837053924799,0.0363318361341953,0.0387866832315922,0.0411711931228638,0.0427159108221531,0.0422990955412388,0.0403568707406521,0.0377931445837021,0.0350701361894608,0.0323454290628433,0.0296646934002638,0.0270283445715904,0.0244153067469597,0.0218222476541996,0.0192307196557522,0.0166594721376896,0.0140877701342106,0.0115598449483514,0.0099586900323629,0.0103750415146351,0.012234091758728,0.0146724600344896,0.0172569192945957,0.019829984754324,0.0217330679297447,0.021734181791544,0.02004324644804,0.0176167152822018,0.015581957064569,0.0154034271836281,0.0169352199882269,0.0192433185875416,0.021785905584693,0.0243466235697269,0.0268571972846985,0.0293287895619869,0.0317738354206085,0.0342020206153393,0.0366260036826134,0.0390382558107376,0.0414333418011665,0.0438209362328053,0.0462067760527134,0.0485773980617523,0.0504971519112587,0.0506934300065041,0.049085795879364,0.0466093458235264,0.0438639335334301,0.0410911180078983,0.0383516438305378,0.0356591902673244,0.0330037027597427,0.0303724519908428,0.0282626263797283,0.0279571153223515,0.0293983370065689,0.0316484794020653,0.0341395884752274,0.036655630916357,0.0391231328248978,0.0415431819856167,0.0439405739307404,0.0463159754872322,0.0484023168683052,0.0489256009459496,0.0475269593298435,0.0451369732618332,0.0424202233552933,0.0396531522274017,0.0369255840778351,0.0342437550425529,0.031600296497345,0.0289731919765472,0.0263553690165281,0.0237566195428371,0.0214456059038639,0.020684015005827,0.0218327306210995,0.0239918120205402,0.0264843124896288,0.0290371365845203,0.0315443798899651,0.033995009958744,0.0362437143921852,0.037116277962923,0.0360235124826431,0.0337901413440704,0.0311635751277208,0.0284531097859144,0.0259924214333296,0.025035809725523,0.0260497517883778,0.0281403362751007,0.0306027457118034,0.0331301279366016,0.0356356762349606,0.0380819588899612,0.0404997617006302,0.0429022498428822,0.0452929362654686,0.0476794019341469,0.0500570312142372,0.0524221323430538,0.0546915531158447,0.0558118894696236,0.0548999942839146,0.0526998937129974,0.0500175356864929,0.0472305901348591,0.0444687642157078,0.0417558588087559,0.0390764512121677,0.036420926451683,0.0339056737720966,0.0326407141983509,0.0333820283412933,0.0353355556726456,0.0377394035458565,0.0402421355247498,0.0427264869213104,0.0451424494385719,0.0475371368229389,0.0499140694737434,0.0522247850894928,0.0536049455404282,0.0530053377151489,0.0509471222758293,0.048318799585104,0.0455494783818722,0.0428443923592567,0.0412237010896206,0.0416423231363297,0.0434466004371643,0.0457886159420013,0.0482647381722927,0.0507190972566605,0.0531232506036758,0.0554889664053917,0.0578447505831718,0.0601882115006447,0.0625107288360596,0.0648301690816879,0.0671428367495537,0.0694235563278198,0.0709947869181633,0.0706188455224037,0.0686630606651306,0.0660314559936523,0.0632156953215599,0.0603894852101803,0.0576070547103882,0.0548680648207664,0.0521458387374878,0.049440536648035,0.0467525795102119,0.0440803021192551,0.0421310886740685,0.0421086959540844,0.0436965189874172,0.0459689907729626,0.0484265796840191,0.050886906683445,0.0533050782978535,0.0556729398667812,0.0574968531727791,0.057508859783411,0.0557984113693237,0.0532842725515366,0.0505364313721657,0.0477624982595444,0.045025423169136,0.0423372462391853,0.0396786369383335,0.0370324999094009,0.0343973524868488,0.0317764058709145,0.0291780475527048,0.0265867337584496,0.0246190670877695,0.0245177932083607,0.0260879937559366,0.0284016914665699,0.0309365224093199,0.0334792956709862,0.0356122702360153,0.0360442101955414,0.034613873809576,0.0322603322565556,0.0296098925173283,0.0269271023571491,0.0242806728929281,0.0216755289584398,0.0191041585057974,0.0165492258965969,0.0140003245323896,0.0114596206694841,0.0089280353859067,0.0064218984916806,0.0043280739337205,0.0039724223315715,0.0054498249664902,0.0077823409810662,0.010383378714323,0.0130050126463175,0.0153491739183664,0.0161903612315655,0.0150709850713611,0.0128682563081384,0.0103098750114441,0.007689029444009,0.0051085078157484,0.002576460596174,6.92278408678249e-05,-0.0024163501802831,-0.0048820213414728,-0.0073430808261036,-0.0095834955573082,-0.0103551242500544,-0.0091845486313104,-0.0069451387971639,-0.0043366439640522,-0.0016644124407321,0.0009800996631383,0.003578184871003,0.0060093249194324,0.0071594612672925,0.0063057485967874,0.0042466120794415,0.0018729600124061,0.0006359681719914,0.001419834094122,0.0034831080120056,0.0060049789026379,0.0086325034499168,0.0112324422225356,0.0137875601649284,0.0163010731339455,0.0187944043427706,0.0212766602635384,0.0237440131604671,0.0261976812034845,0.0286515466868877,0.0310998857021332,0.0335326008498669,0.035879984498024,0.0371961295604706,0.0365005135536194,0.0344309471547604,0.0318419151008129,0.0291165448725224,0.0264131613075733,0.0237649902701378,0.0211448669433594,0.0185473170131445,0.0160467680543661,0.0146862538531423,0.0153624750673771,0.0173194259405136,0.0197636224329472,0.0223262310028076,0.0248665940016508,0.0273544080555439,0.0298086199909449,0.0322528779506683,0.0346590876579285,0.0362238995730877,0.0358256660401821,0.0339133031666279,0.0313717871904373,0.0286655426025391,0.0259583368897438,0.0232913475483656,0.0206741616129875,0.0180804505944252,0.0155041292309761,0.0129414014518261,0.0104148685932159,0.0086978347972035,0.008947329595685,0.0107313143089414,0.0131451543420553,0.0157283712178469,0.0183136090636253,0.0208408944308758,0.023320984095335,0.0251683481037617,0.025137772783637,0.0234105121344328,0.0209721624851227,0.0189328398555517,0.0187411177903414,0.0202636159956455,0.0225655976682901,0.0251007452607155,0.0276474263519049,0.0301460772752762,0.0326032228767872,0.0350324772298336,0.0374517217278481,0.039860762655735,0.0422582365572453,0.0446479544043541,0.0470184609293938,0.0493866242468357,0.0517459474503994,0.0536642968654633,0.0538374409079552,0.0522070825099945,0.0497340112924576,0.0469802878797054,0.0442018732428551,0.0414496138691902,0.0387485884130001,0.0360806435346603,0.0334267988801003,0.0313063487410545,0.0309884510934353,0.032411091029644,0.0346444249153137,0.0371236205101013,0.039616271853447,0.0420664921402931,0.0444707944989204,0.0468499660491943,0.0492209978401661,0.0513051301240921,0.0518276356160641,0.0504074767231941,0.0480148419737816,0.045577634125948,0.0446296781301498,0.045629195868969,0.0476689785718918,0.0500666201114655,0.0525234788656235,0.0549421347677708,0.0573088191449642,0.0596521943807602,0.0619707331061363,0.0642822906374931,0.0665860027074814,0.0688889920711517,0.0711777210235596,0.0734586715698242,0.0757197886705399,0.0779793411493301,0.0802367925643921,0.082489937543869,0.0847371444106102,0.0868048667907715,0.087508425116539,0.0862112566828728,0.0837887674570084,0.08096843957901,0.0780713111162186,0.0752074494957924,0.0723896399140358,0.0696110278367996,0.0668493062257767,0.0640954077243805,0.0613546408712864,0.0586221814155579,0.0558940321207047,0.053189355880022,0.0504957064986229,0.0479025319218636,0.0464525036513805,0.0470379628241062,0.0489123910665512,0.0512790456414223,0.05376236140728,0.0562101751565933,0.0586090907454491,0.0608891732990742,0.0620018132030964,0.0610842108726501,0.0588804334402084,0.0562108941376209,0.0534299239516258,0.0506722033023834,0.0479732230305672,0.0452924706041813,0.0426450185477734,0.0400141514837742,0.0373870208859444,0.0348113849759102,0.0331700630486012,0.0335119925439358,0.0353112556040287,0.0376889184117317,0.0402169078588486,0.0427309907972813,0.0451899692416191,0.0476192906498909,0.0500221066176891,0.0524130389094353,0.054799810051918,0.0571770519018173,0.0595401003956795,0.06182711571455,0.0630556046962738,0.0622838549315929,0.0601578876376152,0.0575035102665424,0.054719589650631,0.0519607923924923,0.0499548949301243,0.0499202981591225,0.0515036359429359,0.0537552572786808,0.0562049075961113,0.0586552061140537,0.0610463581979275,0.0633894503116608,0.0649864226579666,0.0646437332034111,0.0627077519893646,0.0601056702435017,0.0573180206120014,0.0545369945466518,0.051794171333313,0.0491000339388847,0.0464318469166756,0.0437688603997231,0.0411147736012936,0.0384820364415646,0.0363682769238949,0.0360746309161186,0.0375234745442867,0.0397688522934914,0.0422633066773415,0.0447795614600182,0.0472462773323059,0.0496781691908836,0.0520732626318932,0.0544573478400707,0.0568419359624386,0.0592065006494522,0.0610422343015671,0.061053391546011,0.0593250207602978,0.0568141713738441,0.0540588200092316,0.0512916781008244,0.0485617890954018,0.0458750687539577,0.043569166213274,0.0429248362779617,0.0441424623131752,0.0462848991155624,0.048723392188549,0.051200769841671,0.0536351017653942,0.0560254156589508,0.0583955049514771,0.060755368322134,0.062663808465004,0.0628194212913513,0.0611829124391079,0.0586836785078049,0.0559245720505714,0.0531336218118668,0.0503909960389137,0.0476914271712303,0.0450201779603958,0.0423551835119724,0.0399276800453663,0.038965355604887,0.0399589315056801,0.0420262739062309,0.0444642379879951,0.0469651892781258,0.0494409613311291,0.0518658235669136,0.0542627982795238,0.0566408969461918,0.0590085834264755,0.0613646768033504,0.0634932890534401,0.0641347393393517,0.0628252625465393,0.0604601837694645,0.0577238313853741,0.0549334846436977,0.0521712973713875,0.0494566597044468,0.0469044223427773,0.0456246212124825,0.0463439486920834,0.0482864379882812,0.0505206473171711,0.0516032166779041,0.0506668202579021,0.0484715513885021,0.0458255894482136,0.0430724285542965,0.0403518453240395,0.0376813821494579,0.0350517183542252,0.032442431896925,0.0298511628061533,0.0272614024579525,0.0246753804385662,0.0221013501286507,0.019543532282114,0.0169875398278236,0.0145171508193016,0.0130692264065146,0.0136333433911204,0.0155875170603395,0.0180641058832407,0.0206700097769499,0.0232577491551638,0.0257909949868917,0.0283016450703144,0.0307847913354635,0.0331564582884312,0.034369520843029,0.0335582122206688,0.0314626432955265,0.0288865212351084,0.0262029282748699,0.0235495679080486,0.0209430623799562,0.0183782000094652,0.0158297494053841,0.0133050568401814,0.0116008361801505,0.0118604488670826,0.013652928173542,0.0160731859505177,0.0186650697141886,0.0212157033383846,0.0227726418524981,0.0222970023751259,0.020371338352561,0.017872478812933,0.0152340289205313,0.0126106552779675,0.0100399889051914,0.007501277141273,0.0049919718876481,0.0024917828850448,-1.46504316944629e-06,-0.002484873868525,-0.0049630743451416,-0.0074170101433992,-0.0092688109725713,-0.0092455223202705,-0.0075315008871257,-0.0050847856327891,-0.0024278156924992,0.0002439722011331,0.0028693270869553,0.0054502049461007,0.0080107618123292,0.0105393985286355,0.0123297376558185,0.0121709676459432,0.0104313800111413,0.0080266501754522,0.0054326234385371,0.0028386418707668,0.0002829634468071,-0.0022341937292367,-0.0047250119969248,-0.0072033675387501,-0.0092461071908474,-0.0095574222505092,-0.0080547668039798,-0.0056921797804534,-0.0030655446462333,-0.0004096906632184,0.0022132447920739,0.0047875801101326,0.0073373750783503,0.009866745211184,0.0123884715139866,0.0149103663861752,0.0174130704253912,0.0199049115180969,0.0223838239908218,0.0248456206172705,0.0268580131232738,0.0271259509027004,0.025594312697649,0.0232147388160229,0.0208295211195946,0.0199787970632315,0.0210958961397409,0.0232343636453152,0.0257250964641571,0.0282689817249775,0.0307772196829319,0.0332243740558624,0.0356470085680485,0.0380592085421085,0.040105938911438,0.0404684953391552,0.0389787033200264,0.0365736037492752,0.0338785499334335,0.0311416871845722,0.0284398552030325,0.0257899835705757,0.0231813713908195,0.0205768160521984,0.0181706473231316,0.0171287357807159,0.018050717189908,0.0201155580580235,0.0225862450897694,0.0251356977969408,0.0276584327220917,0.0301409289240837,0.032599676400423,0.0350306443870068,0.0374575480818748,0.0398724749684334,0.0422754213213921,0.0446653217077255,0.0468136891722679,0.0474781692028046,0.0462054125964642,0.04387416690588,0.0411833263933659,0.0384228304028511,0.0357889495790005,0.0343404524028301,0.0349415056407452,0.0368371494114399,0.0392176285386086,0.0417089313268661,0.044173538684845,0.0465954914689064,0.0489901006221771,0.0513646565377712,0.0537266209721565,0.0560783967375755,0.0584289096295834,0.0607528984546661,0.0629374459385872,0.0638550892472267,0.0627781599760056,0.0604897178709507,0.0577609688043594,0.0549426674842834,0.0521997287869453,0.0504265055060387,0.0506712421774864,0.0523772537708282,0.0546505264937878,0.0570779368281364,0.0594917312264442,0.0618636049330235,0.0642002299427986,0.0665124803781509,0.0688144713640213,0.0711118429899216,0.0733615905046463,0.0746639966964722,0.0739515125751495,0.0718200504779816,0.0691171288490295,0.0662714242935181,0.0634430646896362,0.0606624558568001,0.0579238347709179,0.0559288859367371,0.0558807253837585,0.0574161484837532,0.0596300065517426,0.0620388053357601,0.0644496977329254,0.0668116435408592,0.0691362991929054,0.0714302062988281,0.0737225711345673,0.0760072842240334,0.0782827138900757,0.0805497094988823,0.0827777981758118,0.0841813236474991,0.0836185067892075,0.0815143510699272,0.0787929818034172,0.0759170055389404,0.073063924908638,0.0707737132906914,0.0703094452619553,0.0716036260128021,0.0737046450376511,0.0755194276571274,0.0755337849259377,0.073789969086647,0.0712338835000992,0.0684228241443634,0.0655904412269592,0.0628001019358635,0.0600604638457298,0.0573428198695183,0.0546436384320259,0.0519551038742065,0.0492740049958229,0.0466073676943779,0.0439578890800476,0.0413039661943913,0.0386727787554264,0.0363969691097736,0.0357978381216526,0.0370459035038948,0.0392176881432533,0.0413345098495483,0.0418403595685959,0.0404483824968338,0.038111936300993,0.0354539528489113,0.0327531471848488,0.0301051139831543,0.0274982266128063,0.0249217636883259,0.0223598927259445,0.0197945479303598,0.0172493495047092,0.0147250043228269,0.0122019434347749,0.0096825137734413,0.0071805622428655,0.004910041578114,0.0040983925573527,0.0052378484979271,0.007451887242496,0.010032719001174,0.0126756262034178,0.014975368976593,0.0156559627503157,0.0144274085760117,0.0122046014294028,0.0096546011045575,0.0070529608055949,0.0044953571632504,0.0019745454192161,-0.0005112725775688,-0.0029858322814106,-0.0054494165815413,-0.0079025886952877,-0.0103547694161534,-0.0127998320385814,-0.0151044223457575,-0.0161556974053383,-0.0152002312242985,-0.0130321141332388,-0.0104173859581351,-0.0077141476795077,-0.0050371731631457,-0.0024086371995508,0.0001872861757874,0.0027626054361462,0.0053311064839363,0.0078883934766054,0.0104335192590952,0.0129604283720255,0.0153056755661964,0.0162640549242496,0.015225026756525,0.0130650168284774,0.0105145396664739,0.0078909145668149,0.0053615630604326,0.003899838309735,0.0044693481177091,0.0064276065677404,0.008907189592719,0.0115250833332539,0.0141223426908255,0.0166635029017925,0.0191694349050522,0.0216475483030081,0.0241194162517786,0.0265808813273907,0.0290385279804468,0.0314862169325352,0.0339108034968376,0.0363305360078812,0.0386728905141354,0.0399777814745903,0.0392607375979424,0.037181168794632,0.0346054285764694,0.0327187813818455,0.0328050181269646,0.0344552285969257,0.0367557406425476,0.0392397195100784,0.0417234785854816,0.044153705239296,0.0465514771640301,0.0489299297332764,0.0512347891926765,0.0525938421487808,0.0519617423415184,0.0498955063521862,0.0472648926079273,0.0444758832454681,0.0417138040065765,0.0390062406659126,0.0363374389708042,0.0336910896003246,0.0310622453689575,0.0290449671447277,0.028910618275404,0.0304602012038231,0.0327342972159386,0.0352301150560379,0.0377364531159401,0.0401971861720085,0.0426241159439087,0.0450226478278637,0.0473976098001003,0.0490289852023125,0.0487224012613297,0.0468262284994125,0.0442679449915886,0.041529692709446,0.0387870445847511,0.0360919237136841,0.0334246195852757,0.0307826772332191,0.0281718447804451,0.0260004140436649,0.0255754739046097,0.0269452333450317,0.0291813239455223,0.031683299690485,0.0342157371342182,0.0366968289017677,0.039141982793808,0.0415556170046329,0.0439523160457611,0.0463425032794476,0.0487181283533573,0.0506666302680969,0.050859909504652,0.0492272041738033,0.0467635244131088,0.0440312512218952,0.0412645116448402,0.0385424047708511,0.0358668379485607,0.0335050746798515,0.0327125415205956,0.0338452495634556,0.0359764881432056,0.0384323187172413,0.0409411415457726,0.0430490411818027,0.0434519201517105,0.0419788062572479,0.039577167481184,0.0368770472705364,0.0341502875089645,0.0314621664583683,0.0288213342428207,0.0262040216475725,0.0236101523041725,0.0210293792188168,0.0184589549899101,0.015897648409009,0.0133459325879812,0.0109778344631195,0.0099755926057696,0.0109514929354191,0.0130693381652236,0.0155918132513762,0.018191397190094,0.0207616947591305,0.0232867114245892,0.0257817804813385,0.0282566882669926,0.0307201631367207,0.0331792496144772,0.0354537181556225,0.036334540694952,0.0352294333279133,0.0329926759004593,0.0303642340004444,0.0276555866003036,0.0249851383268833,0.0223575234413147,0.0198573898524046,0.0185204073786736,0.0192098505795002,0.0211808439344168,0.0235271826386452,0.024833157658577,0.0241190120577812,0.0220800898969173,0.019531361758709,0.0168714597821236,0.0142318438738585,0.0116449231281877,0.0090945810079574,0.006565204821527,0.0040392465889453,0.0015336940996348,-0.0009547337540425,-0.0034408522769808,-0.0059259752742946,-0.0083989612758159,-0.0108117945492268,-0.012291194871068,-0.0117769213393331,-0.0098177092149853,-0.0072807543911039,-0.0045927981846034,-0.0019935059826821,-0.0004924522945657,-0.0010322676971554,-0.0029497512150555,-0.0053827231749892,-0.0079407375305891,-0.010479005984962,-0.0129761807620525,-0.0154280755668879,-0.0178649295121431,-0.0202950984239578,-0.0227152165025473,-0.0251187160611153,-0.0275164041668177,-0.0298965554684401,-0.0315453223884106,-0.0312649309635162,-0.0293928887695074,-0.0268563590943813,-0.0241278670728207,-0.0213875472545624,-0.0186991654336452,-0.0160657074302435,-0.0141806313768029,-0.0142487641423941,-0.0159022901207209,-0.0182225927710533,-0.0207330565899611,-0.0232387725263834,-0.0257000662386417,-0.0281306672841311,-0.0305287204682827,-0.0329121612012386,-0.0353000350296497,-0.0376688279211521,-0.0395190641283989,-0.0395525842905045,-0.0378505252301693,-0.0353602841496468,-0.0326200909912586,-0.0298590734601021,-0.0271540675312281,-0.0244898423552513,-0.0223952252417803,-0.0221225377172232,-0.0235708244144917,-0.025823013857007,-0.0283019170165062,-0.0308064464479685,-0.0332540310919285,-0.0356689542531967,-0.0380587056279182,-0.0404372662305832,-0.0427991524338722,-0.0451579131186008,-0.0471673756837845,-0.0475001111626625,-0.0459858924150467,-0.0435437485575676,-0.0408016629517078,-0.0380194671452045,-0.0352920517325401,-0.0326111875474453,-0.0303143355995417,-0.029705747961998,-0.0309397950768471,-0.0330952256917953,-0.0355430617928505,-0.0380161702632904,-0.0404619723558426,-0.0428562462329865,-0.0452261865139008,-0.0475845076143742,-0.0499302372336388,-0.0522816255688667,-0.054386593401432,-0.0550250262022018,-0.053711786866188,-0.0513368360698223,-0.0486011281609535,-0.0458046980202198,-0.0430407598614693,-0.0403233617544174,-0.0376359932124615,-0.0349713377654552,-0.0323103666305542,-0.0296665709465742,-0.0272633079439402,-0.0263486132025719,-0.0273861307650805,-0.0294672250747681,-0.031912375241518,-0.0344228893518448,-0.0369040817022324,-0.0393340475857258,-0.0415993481874466,-0.0426040031015873,-0.0416095368564129,-0.0393980331718922,-0.0367451496422291,-0.0340035408735275,-0.0312951132655144,-0.0286201983690262,-0.0259810052812099,-0.0233560800552368,-0.0207506008446217,-0.0181561913341284,-0.0155734894797206,-0.0130078475922346,-0.0106161870062351,-0.0096197556704282,-0.0106205083429813,-0.0127408849075437,-0.0152508784085512,-0.0178350210189819,-0.0203157961368561,-0.0217373073101044,-0.0211150851100683,-0.0191110614687204,-0.0166580490767956,-0.0151291973888874,-0.015616599470377,-0.0174961015582085,-0.0199267733842134,-0.0224927105009556,-0.0250367894768715,-0.0275350473821163,-0.0299821682274342,-0.0324117466807365,-0.0348349884152412,-0.0372586436569691,-0.039666872471571,-0.042066216468811,-0.0444499924778938,-0.0468250215053558,-0.0491548329591751,-0.0506646111607552,-0.0502110011875629,-0.0482413396239281,-0.0456481501460075,-0.0428852140903473,-0.0401207134127617,-0.0374126583337784,-0.0347407609224319,-0.0320871695876122,-0.0294844955205917,-0.0278366319835186,-0.0281924828886986,-0.0299804657697678,-0.0323419980704784,-0.0348467044532299,-0.0373401157557964,-0.0397840663790703,-0.0421932302415371,-0.0445831120014191,-0.0469561293721199,-0.0487181283533573,-0.0485846027731895,-0.0467740036547184,-0.0442434065043926,-0.0414924621582031,-0.0387424379587173,-0.0360332652926445,-0.0333668552339077,-0.0307265389710665,-0.0280933044850826,-0.0254762601107359,-0.0228827297687531,-0.0209267120808363,-0.0208474136888981,-0.0224312022328377,-0.0247393399477005,-0.02726174518466,-0.0297984667122364,-0.0322816073894501,-0.0347289741039276,-0.0367171391844749,-0.0369584560394287,-0.0354087203741074,-0.0329954102635384,-0.0303154271095991,-0.0276146046817303,-0.0254938844591379,-0.0252393987029791,-0.0267216302454472,-0.0289884209632874,-0.0314917042851448,-0.0340114943683147,-0.0364810936152935,-0.0389068461954594,-0.0413153320550919,-0.0437058359384537,-0.0460834503173828,-0.0484534278512001,-0.0508086793124676,-0.0531567074358463,-0.0552254877984524,-0.0557203888893127,-0.0542878955602646,-0.0518797412514687,-0.0491387471556664,-0.0463500618934631,-0.0435970611870289,-0.0408973842859268,-0.0382193848490715,-0.035570316016674,-0.0332929342985153,-0.0326963812112808,-0.0339380428195,-0.0361023359000683,-0.0385553650557995,-0.041044894605875,-0.043494276702404,-0.0459052957594395,-0.0482884012162685,-0.0506469756364822,-0.0528220571577549,-0.0536257028579712,-0.0524621605873108,-0.0501662567257881,-0.0474604293704033,-0.0446803234517574,-0.0421688593924046,-0.0411885641515255,-0.0421686097979546,-0.0442144311964512,-0.0466130152344704,-0.0490714535117149,-0.0514938943088055,-0.0538739934563637,-0.056225910782814,-0.0585542395710945,-0.0608766004443169,-0.0631999522447586,-0.0655123218894005,-0.0678206384181976,-0.0700224190950394,-0.0710590779781342,-0.070079430937767,-0.0678241178393364,-0.065095953643322,-0.0622622482478619,-0.0594445988535881,-0.0566784888505936,-0.05394347012043,-0.0512285009026527,-0.0485289692878723,-0.0458368994295597,-0.0432629138231277,-0.0418521948158741,-0.0424410104751587,-0.044336348772049,-0.0466998443007469,-0.0491573736071587,-0.0516019389033318,-0.0539951249957085,-0.0563111640512943,-0.0576891005039215,-0.057073175907135,-0.0550158992409706,-0.0523864142596722,-0.049618661403656,-0.0468641817569733,-0.0441580265760422,-0.0414796471595764,-0.0388310998678207,-0.0361944027245045,-0.0335642956197262,-0.0309335924685001,-0.0283089876174927,-0.0257736779749393,-0.0243153087794781,-0.024855449795723,-0.026755440980196,-0.0291604697704315,-0.0317015461623669,-0.0342155024409294,-0.0359691753983498,-0.035747118294239,-0.0339301861822605,-0.0314451679587364,-0.0287671331316233,-0.0260824654251337,-0.0234532505273819,-0.0208529215306044,-0.0182786714285612,-0.0157219003885984,-0.013174993917346,-0.0106367263942957,-0.0081013049930334,-0.0056022689677774,-0.0039366725832223,-0.004262737929821,-0.006117473822087,-0.0085712559521198,-0.0111882798373699,-0.013800011947751,-0.0158369522541761,-0.0160336699336767,-0.014478113502264,-0.0121185900643468,-0.0095184464007616,-0.0069127231836319,-0.0043373219668865,-0.0018143170746043,0.0006870639626868,0.0031703165732324,0.0056510223075747,0.0081200944259762,0.0100398380309343,0.0101350452750921,0.0085054440423846,0.0060938159003853,0.0034432616084814,0.0007737567648291,-0.0018384890863671,-0.0044107194989919,-0.0065969252027571,-0.0071235513314604,-0.0057912855409085,-0.0035418765619397,-0.0013582502724602,-0.0007994372863322,-0.0021230694837868,-0.0044030724093318,-0.0069875330664217,-0.0096076298505067,-0.0121807884424925,-0.0147109404206276,-0.0172016024589539,-0.0196857154369354,-0.0221665501594543,-0.0246243942528963,-0.0270793326199055,-0.0295192934572697,-0.0319504588842392,-0.034368421882391,-0.0365567803382874,-0.0372804924845695,-0.0360471494495869,-0.0337377563118935,-0.0310742817819118,-0.0283450037240982,-0.0256568118929863,-0.0230105221271515,-0.0203966852277517,-0.0177962090820074,-0.0154913607984781,-0.0147998174652457,-0.0160088092088699,-0.0182008668780327,-0.0207070279866457,-0.0232589617371559,-0.0257836207747459,-0.0282550044357777,-0.030702268704772,-0.0331243462860584,-0.0354091003537178,-0.0364181846380234,-0.0354370251297951,-0.0332512483000755,-0.0306216701865196,-0.0279010068625212,-0.0252057015895844,-0.0225621275603771,-0.0199505612254143,-0.0173582267016172,-0.014779387973249,-0.012196377851069,-0.0097755827009677,-0.0086206160485744,-0.0094805257394909,-0.0115576311945915,-0.0140610514208674,-0.0166465174406767,-0.0192043446004391,-0.0217023957520723,-0.0241055227816105,-0.0254698619246483,-0.0248203314840794,-0.0227836389094591,-0.0203168578445911,-0.0187691301107407,-0.0192344971001148,-0.0210966728627682,-0.0234981030225754,-0.026039857417345,-0.0285627525299788,-0.0310319997370243,-0.0334644354879856,-0.0358843356370926,-0.038287278264761,-0.0406845286488533,-0.0430703572928905,-0.0454496368765831,-0.047819834202528,-0.0501836314797401,-0.0525072738528252,-0.0540043190121651,-0.0535332784056664,-0.0515439435839653,-0.0489326193928719,-0.0461561605334282,-0.043378759175539,-0.0406539216637611,-0.0379611328244209,-0.035297404974699,-0.0326974540948868,-0.0310522187501192,-0.0314027033746243,-0.0331837832927704,-0.0355317890644073,-0.0380253829061985,-0.0405020862817764,-0.0429309010505676,-0.0453219935297966,-0.0476958304643631,-0.0500525236129761,-0.0518006421625614,-0.0516515150666237,-0.0498275198042393,-0.0472881272435188,-0.0451787114143372,-0.0449295789003372,-0.0463629364967346,-0.0485680140554905,-0.0509970001876354,-0.0534362606704235,-0.0558291897177696,-0.0581760443747044,-0.0605015382170677,-0.0628187954425812,-0.0651230663061142,-0.0674221441149712,-0.0697087869048119,-0.0719917565584183,-0.0742676854133606,-0.0765368640422821,-0.0788027718663216,-0.0810587257146835,-0.0833082795143127,-0.0855528339743614,-0.0873588100075722,-0.0874026417732239,-0.0856381729245186,-0.0830370336771011,-0.0801664590835571,-0.0772713422775269,-0.0744136795401573,-0.0716037228703499,-0.0688288435339928,-0.0660622417926788,-0.0633187144994736,-0.060582809150219,-0.0578575879335403,-0.055143129080534,-0.0524353459477425,-0.0497457198798656,-0.0473410375416279,-0.0465416572988033,-0.0476530119776726,-0.0497536025941372,-0.0521694868803024,-0.0546408519148827,-0.0570668615400791,-0.0594540685415268,-0.0615338049829006,-0.0620163790881634,-0.0605914071202278,-0.0581903643906116,-0.0554581694304943,-0.0526805110275745,-0.0499468222260475,-0.0472546070814133,-0.0445886962115765,-0.0419363491237164,-0.0392925217747688,-0.0366630777716637,-0.0342316627502441,-0.0331787616014481,-0.0340946614742279,-0.0361481755971909,-0.0385920032858849,-0.0411160662770271,-0.0436050444841385,-0.0460424795746803,-0.0484526306390762,-0.0508452728390694,-0.0532197169959545,-0.0555928125977516,-0.0579618774354458,-0.0603124313056469,-0.0624275952577591,-0.0630641207098961,-0.0617565140128136,-0.0593931712210178,-0.0566678158938885,-0.0538721233606339,-0.051212627440691,-0.049784354865551,-0.0503951981663704,-0.0522744432091713,-0.0546256378293037,-0.0570769309997559,-0.0594969913363457,-0.0618625394999981,-0.0641155317425728,-0.0652002021670341,-0.0642596036195755,-0.0620461106300354,-0.0593456625938416,-0.0565365701913834,-0.0537635423243046,-0.0510356090962887,-0.0483473390340805,-0.045675128698349,-0.0430157296359539,-0.0403622537851334,-0.0377763882279396,-0.0361298620700836,-0.0364817269146442,-0.0382735654711723,-0.0406310670077801,-0.0431321375072002,-0.0456250570714474,-0.0480667129158974,-0.050476960837841,-0.0528639778494835,-0.0552442222833633,-0.0576022826135159,-0.0599268265068531,-0.0613017901778221,-0.0606747344136238,-0.0586214810609818,-0.0559860430657864,-0.053211510181427,-0.0504489429295063,-0.0477317050099373,-0.0450638271868229,-0.0431557223200798,-0.0431917421519756,-0.0448083803057671,-0.0470857173204422,-0.0495479702949524,-0.0520120821893215,-0.0544248819351196,-0.0568028390407562,-0.0591605827212334,-0.0614781826734543,-0.0629588216543198,-0.0624727495014668,-0.06047248467803,-0.0578532293438911,-0.0550688430666924,-0.0522933937609196,-0.0495668761432171,-0.0468715354800224,-0.0441959127783775,-0.0415459275245667,-0.0394408777356148,-0.0391607247292995,-0.0406112782657146,-0.0428556874394417,-0.0453289747238159,-0.047825213521719,-0.0502692237496376,-0.0526714250445366,-0.055050116032362,-0.0574174448847771,-0.0597683116793633,-0.0621132217347622,-0.0639294907450676,-0.0639169812202454,-0.0621699392795563,-0.0596356466412544,-0.0568682104349136,-0.0540783554315567,-0.0513314753770828,-0.0486279502511024,-0.0463275127112865,-0.0457111820578575,-0.0469310693442822,-0.0490729287266731,-0.0511444061994553,-0.0516087226569653,-0.0501735284924507,-0.0477777980268002,-0.0450688153505325,-0.0423193871974945,-0.0396205373108387,-0.0369658246636391,-0.0343376398086548,-0.0317183844745159,-0.0291139762848616
-0.0263825245201588,-0.0291519612073898,-0.0319132842123508,-0.0346649214625359,-0.0374033376574516,-0.0401054546236992,-0.0419425033032894,-0.0415841825306416,-0.0394787266850471,-0.0366206131875515,-0.0335612967610359,-0.0305056609213352,-0.0275089964270592,-0.024549338966608,-0.0216180365532637,-0.0187462847679853,-0.0168692022562027,-0.017264561727643,-0.0192950144410133,-0.0219896025955677,-0.0248676426708698,-0.0277281440794468,-0.0305308010429144,-0.0332920290529728,-0.0360366404056549,-0.0387639664113522,-0.0408410578966141,-0.0408391505479813,-0.0389229580760002,-0.0361459888517857,-0.0331100672483444,-0.0300658158957958,-0.0270641222596169,-0.0241183340549469,-0.0211907457560301,-0.0182796567678452,-0.015386126935482,-0.0125115588307381,-0.0102838287129998,-0.0101385079324245,-0.01191187184304,-0.014550800435245,-0.0174394361674786,-0.0203434992581606,-0.023195419460535,-0.0259967446327209,-0.0283332020044327,-0.0287626162171364,-0.0271186083555222,-0.0244746990501881,-0.0219720080494881,-0.0213357917964458,-0.0227813832461834,-0.0252687986940145,-0.0280823986977339,-0.030938932672143,-0.0337509773671627,-0.0365228727459908,-0.0392610132694244,-0.0419882982969284,-0.0446947999298573,-0.0473919957876205,-0.0500846467912197,-0.0527636855840683,-0.0554445311427116,-0.0581010691821575,-0.0604472607374191,-0.0610906481742859,-0.0595729649066925,-0.0569067522883415,-0.0538317263126373,-0.0506976172327995,-0.04759231954813,-0.0445495657622814,-0.0415514409542084,-0.0385743044316769,-0.0359825491905212,-0.0352055579423904,-0.0365428030490875,-0.0389550924301147,-0.0417206473648548,-0.0445287004113197,-0.047290027141571,-0.0500083938241005,-0.052697442471981,-0.0553614161908627,-0.0578532069921494,-0.0588757172226906,-0.0576395913958549,-0.055094338953495,-0.0522621497511864,-0.0508096739649773,-0.0516021773219109,-0.0537617318332195,-0.0564160794019699,-0.0591811761260033,-0.0619041323661804,-0.0645751506090164,-0.0672083050012589,-0.0698225647211075,-0.0724197179079056,-0.0750110298395157,-0.0776055976748466,-0.0801909416913986,-0.0827572122216225,-0.0853122249245644,-0.0878560245037079,-0.090393915772438,-0.0929178893566132,-0.0954403281211853,-0.0978562235832214,-0.0990573763847351,-0.097979411482811,-0.0954110026359558,-0.0922751724720001,-0.0890136212110519,-0.0857739597558975,-0.0825897008180618,-0.0794486701488495,-0.0763357281684875,-0.0732370987534523,-0.0701511353254318,-0.0670836567878723,-0.064020961523056,-0.0609671771526337,-0.0579351037740707,-0.0549595654010773,-0.0529689863324165,-0.0532442033290863,-0.0551751181483269,-0.057776615023613,-0.0605484992265701,-0.0633141994476318,-0.0660159736871719,-0.0686513185501099,-0.0702953189611435,-0.0696771219372749,-0.0674102082848549,-0.064466804265976,-0.0613440535962582,-0.0582397989928722,-0.0551720708608627,-0.0521616972982883,-0.0491765402257442,-0.0462042838335037,-0.043239664286375,-0.0403087139129639,-0.038152664899826,-0.038134828209877,-0.0399475544691086,-0.0425502359867096,-0.0453814603388309,-0.0482137687504292,-0.050998367369175,-0.0537292174994946,-0.056434839963913,-0.0591296665370464,-0.0618155039846897,-0.064484715461731,-0.0671537965536118,-0.0697834715247154,-0.0715204775333405,-0.0710707008838654,-0.0688907355070114,-0.0659662932157516,-0.0628333687782288,-0.0597064159810543,-0.0571704730391502,-0.0567040517926216,-0.0582386963069439,-0.060686782002449,-0.0634191110730171,-0.0661759898066521,-0.0688757598400116,-0.0715242624282837,-0.0736318528652191,-0.0737118795514107,-0.0718035250902176,-0.0689782127737999,-0.0658575370907784,-0.0627152770757675,-0.0596216320991516,-0.0565739050507545,-0.0535505712032318,-0.0505564659833908,-0.0475733950734138,-0.0445976667106152,-0.0420108884572983,-0.0412484519183636,-0.0425955951213837,-0.0450248084962368,-0.0478045232594013,-0.0506289042532444,-0.0534172803163528,-0.0561545938253403,-0.0588533878326416,-0.0615353137254715,-0.0642010495066643,-0.0668608844280243,-0.0691638588905334,-0.0696334838867188,-0.0679753199219704,-0.0652557611465454,-0.0621768161654472,-0.0590422563254833,-0.0559488832950592,-0.0529146119952202,-0.0501440986990929,-0.0490145273506641,-0.0500960126519203,-0.0523829273879528,-0.0551052317023277,-0.0578987970948219,-0.0606565251946449,-0.0633600801229477,-0.0660271421074867,-0.0686890929937363,-0.071043036878109,-0.0716818273067474,-0.0701597332954407,-0.0674868002533913,-0.0644064098596573,-0.0612647384405136,-0.0581643767654896,-0.0551132671535015,-0.0521014668047428,-0.0491059496998787,-0.0462551079690456,-0.0447684675455093,-0.0455434247851372,-0.0477326698601246,-0.0504299104213715,-0.0532360300421715,-0.0560216717422009,-0.0587600544095039,-0.0614573620259762,-0.0641302466392517,-0.0667941868305206,-0.0694555416703224,-0.0719724968075752,-0.0731301158666611,-0.0720236822962761,-0.0695170909166336,-0.0664881691336632,-0.0633418783545494,-0.0602226741611958,-0.0571633726358414,-0.0541985481977463,-0.052397757768631,-0.0528357550501823,-0.054844856262207,-0.0574092492461205,-0.0590367615222931,-0.0583954080939293,-0.0561214908957481,-0.0531937517225742,-0.0500977411866188,-0.0470301583409309,-0.0440162606537342,-0.0410402119159698,-0.038094986230135,-0.0351591855287552,-0.0322347730398178,-0.0293297357857227,-0.0264260247349739,-0.0235351137816906,-0.0206576250493526,-0.0178167410194874,-0.0158557649701834,-0.016083650290966,-0.018071137368679,-0.0207935683429241,-0.0237112585455179,-0.0266224090009928,-0.0294711757451296,-0.0322796553373337,-0.0350637100636959,-0.0378017947077751,-0.0395518131554127,-0.0390419363975525,-0.0368864610791206,-0.0340621173381805,-0.0310552734881639,-0.0280532985925674,-0.0251142866909504,-0.0222112350165844,-0.0193284377455711,-0.0164790451526642,-0.0142834223806858,-0.0141717009246349,-0.0159554351121187,-0.0185975302010775,-0.021496769040823,-0.0244029592722654,-0.0265240296721458,-0.0264467038214207,-0.0245160944759846,-0.0217945072799921,-0.018837284296751,-0.0158758070319891,-0.0129617713391781,-0.0101080425083637,-0.0072724376805126,-0.0044463891535997,-0.0016400302993133,0.001162904780358,0.0039553409442305,0.006738371681422,0.009062641300261,0.0094686169177293,0.0078033409081399,0.0051522385329008,0.0021824417635798,-0.0008214064873754,-0.0037753444630652,-0.006680077407509,-0.0095483371987938,-0.0123973647132516,-0.0146987047046423,-0.0149840842932463,-0.0132868774235249,-0.0106615014374256,-0.0077487071976065,-0.0048153200186789,-0.001935341861099,0.0009072320535779,0.0037167314440012,0.0065052402205765,0.0089899385347962,0.0097534041851759,0.0083579355850815,0.0058118170127272,0.0028793117962777,-0.0001190304465126,-0.0030806770082563,-0.0059803891927003,-0.0088423481211066,-0.011678809300065,-0.0145096210762858,-0.0173327140510082,-0.0201481003314257,-0.0229475423693657,-0.0257327295839787,-0.0285043492913246,-0.0309723131358624,-0.0317270569503307,-0.0303206462413073,-0.0277610681951046,-0.0249789021909237,-0.0236121490597725,-0.0245410390198231,-0.026804443448782,-0.0295623280107975,-0.0324144065380096,-0.0352319478988647,-0.0379940830171108,-0.0407261699438095,-0.0434300675988197,-0.045901246368885,-0.0467705205082893,-0.045423723757267,-0.0428512543439865,-0.0398479700088501,-0.0367584675550461,-0.0337130799889565,-0.0307246018201113,-0.0277661234140396,-0.0248321983963251,-0.0220127571374178,-0.0204383507370949,-0.0211210120469332,-0.0232905484735966,-0.0260187033563852,-0.0288832373917103,-0.0317300297319889,-0.0345240533351898,-0.0372757911682129,-0.0400014072656631,-0.0427228435873985,-0.0454316958785057,-0.0481301993131638,-0.0508195795118809,-0.0533722713589668,-0.0545458868145943,-0.0534674152731895,-0.0509940199553967,-0.0480068400502205,-0.0448965728282928,-0.0418514683842659,-0.0398629233241081,-0.0401744693517685,-0.0421346351504326,-0.0447581484913826,-0.0475522950291634,-0.0503322184085846,-0.0530594922602177,-0.0557439923286438,-0.05841164290905,-0.0610648952424526,-0.0637022107839584,-0.0663334056735039,-0.0689526870846748,-0.0714948773384094,-0.0729248151183128,-0.0721018314361572,-0.0697111263871193,-0.0666923075914383,-0.0635237991809845,-0.0603992976248264,-0.0581008866429329,-0.0579728484153748,-0.0596735291182995,-0.0621709562838078,-0.0648984014987946,-0.0676276981830597,-0.0703046545386314,-0.0729355216026306,-0.07553531229496,-0.0781272873282433,-0.0807087123394012,-0.0832749679684639,-0.0850773975253105,-0.0847306996583939,-0.08255485445261,-0.0795969367027283,-0.076402947306633,-0.0732085555791855,-0.0700790956616402,-0.0669882670044899,-0.0644661411643028,-0.0639856159687042,-0.0654818341135979,-0.0678935721516609,-0.0705912634730339,-0.0733057335019112,-0.0759723037481308,-0.0785968750715256,-0.0811813324689865,-0.0837534591555595,-0.086324155330658,-0.0888933688402176,-0.0914485529065132,-0.0939813777804375,-0.0958758369088173,-0.0956767871975899,-0.0935611054301262,-0.0905885323882103,-0.087377056479454,-0.084141805768013,-0.0813508927822113,-0.0804211124777794,-0.0816271975636482,-0.0839100182056427,-0.0861867964267731,-0.0866815447807312,-0.0850343629717827,-0.0822783634066582,-0.0791376456618309,-0.075944758951664,-0.072788879275322,-0.069693461060524,-0.066623792052269,-0.0635838955640793,-0.0605553612112999,-0.0575407259166241,-0.0545337125658989,-0.0515373386442661,-0.0485609546303749,-0.0455933213233948,-0.0428620576858521,-0.0417510978877544,-0.0428535789251328,-0.0451911985874176,-0.0477181375026703,-0.0487477742135525,-0.0475374832749367,-0.045046079903841,-0.0421041361987591,-0.0390681028366089,-0.0360693782567978,-0.0331234149634838,-0.0302088856697083,-0.0273117106407881,-0.0244386829435825,-0.0215692855417728,-0.0187146496027708,-0.0158671904355288,-0.0130323003977537,-0.0102060036733747,-0.0075292563997209,-0.006215114146471,-0.0071546649560332,-0.0095034521073103,-0.0123657891526818,-0.0153338201344013,-0.0180895645171404,-0.0193162374198437,-0.018292399123311,-0.0159331168979406,-0.0130931911990047,-0.0101541383191943,-0.0072585451416671,-0.0044103707186877,-0.0015991614200174,0.0011973951477557,0.0039779082871973,0.0067383064888417,0.0094985570758581,0.0122553994879127,0.0149433119222522,0.0165042914450169,0.0158059671521187,0.0135474056005478,0.0106747727841139,0.0076380921527743,0.0046274559572339,0.0016752984374761,-0.0012289718724787,-0.0041160928085446,-0.0069873849861323,-0.0098374532535672,-0.0126855112612247,-0.0155237661674619,-0.018272764980793,-0.0197658278048038,-0.0189680960029364,-0.01669842004776,-0.0138669731095433,-0.0109045542776585,-0.0079892696812748,-0.0060033686459064,-0.0062445444054901,-0.0082527324557304,-0.0109808696433902,-0.0139038152992725,-0.0168178305029869,-0.0196740627288818,-0.0224902778863907,-0.0252756029367447,-0.0280543062835932,-0.0308199133723974,-0.0335767939686775,-0.0363163128495216,-0.039052926003933,-0.0417802557349205,-0.0444692485034466,-0.0462806969881058,-0.0458960793912411,-0.0437528528273106,-0.0408921763300896,-0.0385025441646576,-0.0381847098469734,-0.0398037284612656,-0.0423118621110916,-0.045082300901413,-0.0478774234652519,-0.0506215170025826,-0.053321048617363,-0.0559867918491364,-0.05861696600914,-0.0604809038341045,-0.060210358351469,-0.0581236146390438,-0.0552424564957619,-0.0521218590438366,-0.0489977784454823,-0.0459359362721443,-0.0429111644625664,-0.0399161726236343,-0.0369431897997856,-0.0344369933009148,-0.0338559150695801,-0.0353386104106903,-0.0378135964274406,-0.0405998937785625,-0.0434182547032833,-0.0461927652359009,-0.0489259324967861,-0.0516212396323681,-0.0543061979115009,-0.0564413852989674,-0.0565431714057922,-0.0546868145465851,-0.0519110672175884,-0.0488413944840431,-0.0457391440868378,-0.0426828935742378,-0.0396829508244991,-0.0366953536868095,-0.0337428376078606,-0.0311108157038689,-0.0301894322037697,-0.0314275361597538,-0.0338294990360737,-0.0366111397743225,-0.0394568741321564,-0.0422585122287273,-0.0450031273066998,-0.0477202534675598,-0.0504184737801552,-0.0531037487089634,-0.055788591504097,-0.0581712499260902,-0.0588425621390343,-0.0573213137686253,-0.0546520166099072,-0.0516015738248825,-0.048482209444046,-0.0454132035374641,-0.0423969402909279,-0.0395884402096272,-0.0382872112095356,-0.039250448346138,-0.0415026918053627,-0.0442150756716728,-0.0470226109027863,-0.0495705530047417,-0.050486471503973,-0.049170408397913,-0.0465974807739258,-0.0435867011547089,-0.0405052900314331,-0.03746447712183,-0.0344823226332664,-0.0315338522195816,-0.028602872043848,-0.0256886053830385,-0.0227880664169788,-0.0198948308825493,-0.017002472653985,-0.014229254797101,-0.012713884934783,-0.0134470416232944,-0.0156671330332756,-0.0184555873274803,-0.0213671382516623,-0.0242575258016586,-0.0271001569926739,-0.0298925153911114,-0.0326691940426826,-0.0354355350136757,-0.038194015622139,-0.0408550165593624,-0.0422589816153049,-0.0413857512176037,-0.0390327014029026,-0.0361210666596889,-0.0330714359879494,-0.0300551988184452,-0.0270834062248468,-0.0241897478699684,-0.0223245620727539,-0.0227200984954834,-0.0247554369270802,-0.027405820786953,-0.0292467065155506,-0.0288661494851112,-0.0267772115767002,-0.0239748917520046,-0.0209844205528498,-0.0180052742362022,-0.0150846876204014,-0.0122019983828068,-0.0093420632183551,-0.0065049831755459,-0.003672991413623,-0.0008534897933714,0.0019504603696987,0.004749106708914,0.0075282994657754,0.0102910976856947,0.0122750122100115,0.0121091743931174,0.0101288110017776,0.0073560569435358,0.0043619014322757,0.0013845233479514,-0.0006605947855859,-0.0004792835970874,0.0014511558692902,0.0041243284940719,0.0070012272335588,0.009879732504487,0.0126985795795918,0.0154834808781743,0.0182383134961128,0.0209792405366898,0.0237141251564026,0.026435624808073,0.0291547868400812,0.0318555049598217,0.0339937768876553,0.034119077026844,0.0322702340781689,0.0295060463249683,0.0264521576464176,0.0233854781836271,0.0203580409288406,0.0173853095620871,0.0149791790172458,0.0146009642630816,0.0162027310580015,0.0187265407294035,0.021540779620409,0.0243841335177422,0.0271807555109262,0.029926061630249,0.0326490327715874,0.0353543721139431,0.038048654794693,0.0407310202717781,0.0430367588996887,0.0435243435204029,0.0418915003538132,0.0391891337931156,0.0361464880406857,0.033050112426281,0.0299940072000027,0.0270006284117699,0.0244139358401299,0.0236420948058367,0.0249940417706966,0.0274223499000072,0.0302061196416616,0.0330386459827423,0.0358284786343575,0.0385657772421837,0.0412702150642872,0.0439632199704647,0.0466404035687447,0.049316618591547,0.0517531521618366,0.0525601953268051,0.0511749424040318,0.0485601052641869,0.0455232039093971,0.0423968322575092,0.0393162406980991,0.0362952500581741,0.0335336104035378,0.0323941223323345,0.0334529243409634,0.0357448756694794,0.0384789332747459,0.0412889420986176,0.0440635643899441,0.0467747747898102,0.0494631379842758,0.0521349385380745,0.0548013523221016,0.0574537850916386,0.0599540770053864,0.0610861480236053,0.0599696822464466,0.0574519634246826,0.0544224455952644,0.0512800291180611,0.0481717623770237,0.0451236963272095,0.0421031899750233,0.0391077063977718,0.0361319035291672,0.0331602320075035,0.0303401835262775,0.0288883782923222,0.0296900421380997,0.0318862088024616,0.0346071533858776,0.0374454744160175,0.0402576923370361,0.0430222935974598,0.0456809103488922,0.0471858978271484,0.0464396215975285,0.0441296696662903,0.0412069074809551,0.0381252840161324,0.0350696966052055,0.0320735685527325,0.0291281901299953,0.0262009538710117,0.0232807472348213,0.0203840583562851,0.0174936726689339,0.0146136078983545,0.0118312146514654,0.0102960932999849,0.0110442880541086,0.0132740214467049,0.0160622354596853,0.0189812984317541,0.0218543913215399,0.0237808264791965,0.0234819017350674,0.0214234590530396,0.018667209893465,0.0165895372629166,0.0166991967707872,0.0186054427176714,0.021275507286191,0.0241624135524035,0.0270510949194431,0.0298840161412954,0.0326664447784424,0.0354232713580132,0.0381626561284065,0.0408917590975761,0.0436089001595974,0.0463175550103188,0.0490220487117767,0.0517108477652073,0.0543875955045223,0.0563788339495659,0.056296244263649,0.0543126240372658,0.0514618381857872,0.0483652576804161,0.045255359262228,0.042204637080431,0.0391948334872723,0.0362160950899124,0.0332811735570431,0.0311140157282352,0.031080449000001,0.0328773558139801,0.0354740098118782,0.0382924228906631,0.0411054268479347,0.0438789874315262,0.0465991944074631,0.0492950081825256,0.0519787259399891,0.0542017370462418,0.0545035228133202,0.052728183567524,0.0499729104340076,0.0469181761145592,0.0438172817230225,0.0407635979354382,0.0377612560987473,0.0347962416708469,0.0318460874259472,0.0289080888032913,0.0259789675474167,0.0235258415341377,0.0229878015816212,0.0244967676699162,0.0270038712769747,0.0298318117856979,0.0327008962631226,0.0355107039213181,0.038280438631773,0.0407176502048969,0.0414144098758698,0.0399607419967651,0.0373661145567894,0.0343872122466564,0.0313412360846996,0.0287084691226482,0.0279502756893635,0.029328491538763,0.0317774452269077,0.0345810949802399,0.0374314002692699,0.0402345843613148,0.0429841391742229,0.0456928983330727,0.0483900979161263,0.0510798469185829,0.053773932158947,0.0564522780478001,0.0591188445687294,0.0616079792380333,0.0625915303826332,0.0613147765398026,0.0587386265397072,0.0556946322321892,0.0525553114712238,0.0494508966803551,0.0464121364057064,0.0434124879539013,0.0404371321201324,0.0377045162022114,0.0365870594978333,0.0376720428466797,0.0399804711341858,0.0427134707570076,0.0455194339156151,0.0482990890741348,0.0510290376842022,0.0537269338965416,0.0564068406820297,0.0589639954268932,0.0602692067623138,0.0593304894864559,0.0569124408066273,0.0539300628006458,0.050810880959034,0.0478468537330627,0.0463029444217682,0.0470345988869667,0.0491835176944733,0.0518578700721264,0.0546416975557804,0.0574021562933922,0.060097835958004,0.0627594292163849,0.0654023587703705,0.0680326148867607,0.0706637278199196,0.0732734575867653,0.075879730284214,0.0784361287951469,0.0799812600016594,0.0792713984847069,0.0769267603754997,0.0739120692014694,0.0707258433103561,0.0675477311015129,0.0644231289625168,0.0613543428480625,0.0583089478313923,0.0552738085389137,0.0522494092583656,0.0492883399128914,0.0473319813609123,0.0476024262607098,0.0495308116078377,0.0521420165896416,0.0549232177436352,0.0576931536197662,0.0604126267135143,0.063071608543396,0.064933717250824,0.0646396055817604,0.0625372529029846,0.0596492886543274,0.0565423928201199,0.0534327514469624,0.0503727532923222,0.047363169491291,0.0443833917379379,0.0414209924638271,0.03846725076437,0.0355274677276611,0.0326068066060543,0.029717119410634,0.0277191549539566,0.0279151331633329,0.0298528112471104,0.0325180068612099,0.0353790782392025,0.0382429286837578,0.0404852330684662,0.0406735800206661,0.038873415440321,0.0361618101596832,0.0331659466028214,0.0301457159221172,0.0271819978952408,0.0242647230625153,0.0213766917586327,0.0185075365006924,0.0156436637043953,0.0127815846353769,0.0099377445876598,0.0071106646209955,0.0049420571886003,0.0048729255795478,0.0067110639065504,0.0093995463103056,0.0123411621898413,0.0152876190841198,0.0177986659109592,0.0184446256607771,0.0169649962335825,0.0144166946411133,0.0115251382812858,0.0085841855034232,0.0056888507679104,0.0028499548789113,4.11866640206426e-05,-0.0027519867289811,-0.0055449227802455,-0.0083235278725624,-0.0107230572029948,-0.011292327195406,-0.0097590377554297,-0.0071493885479867,-0.0041925334371626,-0.0011731918202713,0.0017846162663772,0.0046983719803392,0.0073413578793406,0.0083427745848894,0.0071408674120903,0.0047235768288373,0.0021211048588156,0.0010322987800464,0.0021769669838249,0.0045928815379738,0.0074618272483348,0.0104229226708412,0.0133426692336798,0.0162158012390137,0.0190400332212448,0.021838616579771,0.0246346537023783,0.0274169594049454,0.0301813632249832,0.0329386629164219,0.0356799885630608,0.0384103879332542,0.0409953892230988,0.0422038808465004,0.041158452630043,0.0387124307453632,0.0357524380087852,0.0326876640319824,0.029651090502739,0.0266651716083288,0.0237317848950624,0.0208151619881392,0.0180738512426615,0.0168443005532026,0.0178588479757309,0.02017917111516,0.0229637641459703,0.0258509553968906,0.0287047568708658,0.0315029919147491,0.0342678166925907,0.0370154790580273,0.0396833643317223,0.0412077009677887,0.0404774472117424,0.0381884910166264,0.0352810174226761,0.0322218351066113,0.0291859805583954,0.0262177288532257,0.0232920534908772,0.0203826613724232,0.0174789950251579,0.0146006504073739,0.0117893423885107,0.0101067163050175,0.0106670595705509,0.0128126088529825,0.0155593380331993,0.0184739530086517,0.0213689841330051,0.0242032799869776,0.0269741602241993,0.0288441646844149,0.0285090412944555,0.0264247432351112,0.0236603990197182,0.0215681791305542,0.021661389619112,0.0235353298485279,0.0261813923716545,0.0290448535233736,0.0318969860672951,0.034699521958828,0.037447102367878,0.040180791169405,0.0429012179374695,0.0456135421991348,0.0483130812644958,0.051010824739933,0.0537010617554188,0.0563706383109093,0.0590211600065231,0.0609963685274124,0.0608900040388107,0.0588824227452278,0.0560218468308449,0.0529099479317665,0.0497799664735794,0.0467038303613663,0.0436881482601166,0.0406939014792442,0.0377231612801552,0.0355301722884178,0.0354864709079266,0.0372671708464622,0.0398461632430553,0.0426414012908936,0.0454443283379078,0.0482034161686897,0.050916500389576,0.0536043904721737,0.0562826693058014,0.0584885850548744,0.0587513037025928,0.056951779872179,0.0541871376335621,0.0515688806772232,0.0508258640766144,0.0521775558590889,0.0545568540692329,0.0572790466248989,0.0600319392979145,0.0627471879124641,0.065411701798439,0.0680498406291008,0.070670872926712,0.0732778161764145,0.0758755952119827,0.078472726047039,0.0810534283518791,0.0836295485496521,0.0861865356564522,0.08873051404953,0.0912651121616364,0.0937950611114502,0.0963220819830894,0.0985538512468338,0.0990607589483261,0.0973752811551094,0.0945557504892349,0.0913603231310844,0.0881077125668526,0.0848895087838173,0.0817251354455948,0.078602559864521,0.0754937678575516,0.0724090337753296,0.0693306177854538,0.0662692487239838,0.0632223412394524,0.0601816885173321,0.0571563020348549,0.0543170273303986,0.0529769957065582,0.0538939982652664,0.0561102665960789,0.0587967932224274,0.0615824162960052,0.0643326342105865,0.0670360922813416,0.0695292428135872,0.0704913139343262,0.0691955611109734,0.0666214972734451,0.063589334487915,0.0604632198810577,0.0573683828115463,0.0543170459568501,0.0513197220861912,0.0483471974730492,0.0453830510377884,0.0424226075410843,0.0395809039473534,0.037979993969202,0.0386428534984589,0.0407913625240326,0.0435017161071301,0.0463422164320946,0.049152035266161,0.0519216991961002,0.0546486899256706,0.0573603548109531,0.0600533559918404,0.0627415403723717,0.0654271245002747,0.0680943876504898,0.0706076845526695,0.0717206746339798,0.0705884695053101,0.0680784657597542,0.0650565922260284,0.061915785074234,0.0588377229869366,0.0568241514265537,0.0570861585438251,0.0590048730373383,0.0615897700190544,0.0643477588891983,0.0670866891741753,0.0697832331061363,0.0723950564861298,0.0739603713154793,0.0732802450656891,0.0709781348705292,0.068016029894352,0.0648761540651321,0.0617546886205673,0.0586770512163639,0.0556459687650204,0.0526432693004608,0.0496587082743645,0.0466881319880486,0.0437453165650368,0.0415620356798172,0.0415318161249161,0.0433294847607613,0.0459145046770573,0.0487353205680847,0.0515540689229965,0.0543269142508507,0.0570526421070099,0.0597516670823097,0.0624384358525276,0.0651205331087112,0.0677836388349533,0.0696503221988678,0.0693605914711952,0.0672556534409523,0.0643675625324249,0.0612564012408257,0.0581425204873085,0.0550765283405781,0.0520624853670597,0.0496184676885605,0.0492032691836357,0.0507602617144585,0.0532432571053505,0.0560093969106674,0.0588008090853691,0.0615440830588341,0.0642361715435982,0.0669054090976715,0.0695538446307182,0.0715142339468002,0.0713764131069183,0.0693557262420654,0.066498376429081,0.0633795857429504,0.0602490939199924,0.0571644976735115,0.0541406460106373,0.0511359721422195,0.0481526851654053,0.0455562323331833,0.0447921492159367,0.0461402125656605,0.048556063324213,0.0513165518641472,0.0541222393512726,0.0568910539150238,0.0596116483211517,0.0623069331049919,0.0649876743555069,0.067654088139534,0.0703049674630165,0.0725686550140381,0.0729864239692688,0.0712974071502686,0.0685520470142365,0.0654632747173309,0.062319066375494,0.0592285618185997,0.0561845973134041,0.0534090101718903,0.0522657409310341,0.053321361541748,0.055603951215744,0.0580552071332932,0.0589866749942303,0.0576826371252537,0.0551206693053246,0.0521118678152561,0.04902233928442,0.0459811128675938,0.042982891201973,0.0400296077132225,0.0370906293392181,0.0341687984764576,0.0312613062560558,0.0283698886632919,0.0254840366542339,0.0226073525846004,0.0197383761405945,0.0170076508074999,0.0156516898423433,0.0165585707873106,0.0188613962382078,0.0216846317052841,0.0246202312409878,0.0275278501212597,0.0303821451961994,0.0331987515091896,0.035994078963995,0.0385904349386692,0.0396583043038845,0.0384910330176353,0.0360391326248646,0.0331218093633652,0.0301146320998669,0.0271340385079384,0.0242111533880234,0.0213242769241333,0.0184545330703259,0.0156649015843868,0.0140066398307681,0.0146013498306274,0.0167561378329992,0.0195316318422556,0.0224586222320795,0.0252801850438118,0.0267735775560141,0.0259582698345184,0.0236687567085028,0.020827716216445,0.0178633388131857,0.0149134807288647,0.0120206261053681,0.0091787911951541,0.0063525792211294,0.0035461960360407,0.0007474084268324,-0.0020497797522693,-0.0048306374810636,-0.0075790616683661,-0.0094483839347958,-0.0091119864955544,-0.0070172771811485,-0.0042123766615986,-0.0012048825155943,0.0017925869906321,0.0047352160327136,0.0076247816905379,0.0104958452284336,0.0133131360635161,0.015096920542419,0.0146411871537566,0.0125438254326582,0.0097833033651113,0.0068510775454342,0.003929859958589,0.0010703372536227,-0.0017579309642314,-0.0045587671920657,-0.007339191623032,-0.0094505697488784,-0.009481469169259,-0.0076191220432519,-0.0049087288789451,-0.00193661917001,0.001051953760907,0.0039884690195322,0.0068846764042973,0.0097394566982984,0.0125940833240747,0.0154320280998945,0.0182578191161156,0.021067637950182,0.0238716844469309,0.0266608819365501,0.029422290623188,0.0315127894282341,0.0315069518983364,0.0296103283762932,0.0268742144107819,0.0243271216750145,0.0236793458461761,0.0251496024429798,0.0276347771286964,0.0304474513977766,0.0333079993724823,0.0361237190663815,0.0388752594590187,0.0416078008711338,0.0443045347929001,0.0464210771024227,0.0465165413916111,0.0446459650993347,0.0418776571750641,0.0388254188001156,0.0357530079782009,0.0327368006110191,0.0297736134380102,0.0268365442752838,0.0239029973745346,0.0212898105382919,0.0204057656228542,0.0216838475316763,0.0241122972220182,0.0269327759742737,0.0298117585480213,0.0326293036341667,0.0354027040302753,0.0381504185497761,0.0408841483294964,0.0436120331287384,0.0463202707469463,0.049019567668438,0.0517146363854408,0.0540055446326733,0.054440800100565,0.0527821481227875,0.0500827170908451,0.0470307767391205,0.043927688151598,0.041044007986784,0.0397115349769592,0.040656540542841,0.0428899265825748,0.0455975569784641,0.0484016463160515,0.0511737167835236,0.0538883469998837,0.05656673386693,0.059230599552393,0.0618845783174038,0.0645227581262589,0.0671503096818924,0.0697796419262886,0.0721520483493805,0.0729029253125191,0.0714434385299683,0.0687680616974831,0.0656749606132507,0.0625090450048447,0.0594876930117607,0.0577588006854057,0.0583130866289139,0.0603595338761806,0.0629676952958107,0.0657088160514832,0.0684285461902618,0.071090891957283,0.0737140104174614,0.0763188078999519,0.0789182484149933,0.0815066322684288,0.0839918628334999,0.0852033197879791,0.0841427072882652,0.0816222727298737,0.078553095459938,0.0753471404314041,0.0721714049577713,0.0690582990646362,0.0660117343068123,0.0639960095286369,0.0642341673374176,0.0661190450191498,0.068664625287056,0.0713891535997391,0.0741061270236969,0.0767681002616882,0.0793889090418816,0.0819879993796349,0.0845799967646599,0.0871490836143494,0.0897126942873001,0.0922718569636345,0.094749853014946,0.096092127263546,0.0951584056019783,0.092663012444973,0.0895738676190376,0.0863340944051743,0.0831362456083298,0.0807652622461319,0.0805656164884567,0.0822076797485352,0.0846350193023682,0.0864913463592529,0.086203821003437,0.0840814188122749,0.0811418667435646,0.0779590383172035,0.0747754201292992,0.0716456547379494,0.0685609951615334,0.0655042827129364,0.0624710433185101,0.0594592168927193,0.0564519874751568,0.0534587129950523,0.0504727065563202,0.0475059188902378,0.0445483922958374,0.0421696528792381,0.0418066158890724,0.0434124171733856,0.0459318533539772,0.0481607615947723,0.0484168417751789,0.046666394919157,0.0439551770687103,0.0409561283886433,0.0379252806305885,0.0349444858729839,0.0320197530090809,0.0291219837963581,0.0262377634644508,0.0233712494373322,0.0205189418047667,0.0176770929247141,0.0148368775844574,0.0120110996067524,0.0091923000290989,0.0067542418837547,0.0061412099748849,0.0076475692912936,0.0102253695949912,0.0131486095488071,0.0161189921200275,0.0185619164258242,0.0190291833132505,0.0174283813685179,0.0148555105552077,0.0119603117927909,0.0090352445840835,0.0061638718470931,0.0033321145456284,0.0005369571736082,-0.0022358149290084,-0.0050211818888783,-0.007791428361088,-0.0105547634884715,-0.0133106177672744,-0.0158056654036045,-0.01668731123209,-0.0153620149940252,-0.012823224067688,-0.009850300848484,-0.0068088830448687,-0.0037986307870596,-0.0008521321578882,0.0020595584064722,0.0049545848742127,0.0078313834965229,0.0106964353471994,0.0135475499555469,0.0163823310285807,0.0189111717045307,0.0196771249175072,0.0182797089219093,0.0157513655722141,0.0128485010936856,0.0098873432725668,0.0071007711812853,0.0057259337045252,0.0066390917636454,0.0089597636833787,0.0117836827412248,0.0147230289876461,0.0176315158605576,0.0204826891422272,0.0232884455472231,0.0260855760425329,0.0288659334182739,0.031640887260437,0.0343975126743317,0.0371381342411041,0.039875715970993,0.0426008924841881,0.0451689437031746,0.046360194683075,0.0452939234673977,0.0428311005234718,0.0399331748485565,0.0380508899688721,0.0384459309279919,0.0404365994036198,0.0430651046335697,0.0458574257791042,0.0486453175544739,0.0513705350458622,0.0540588572621346,0.0567264296114445,0.0592743828892708,0.0605518370866776,0.0595689192414284,0.0571228563785553,0.0541334338486195,0.0510051399469376,0.0479020029306412,0.0448537915945053,0.0418435260653496,0.0388519391417503,0.0359079875051975,0.0338448099792004,0.0340073108673096,0.0359119959175587,0.0385321900248528,0.0413445606827736,0.0441598296165466,0.0469275377690792,0.0496444590389729,0.0523353144526482,0.0549768432974815,0.0565761998295784,0.0559301748871803,0.0536585934460163,0.0507402904331684,0.0476505979895592,0.044575996696949,0.0415546633303165,0.0385810397565365,0.0356293506920338,0.0326882302761078,0.0304234381765127,0.030245341360569,0.0319723673164845,0.0345518887042999,0.037380039691925,0.040221244096756,0.0430179536342621,0.0457584112882614,0.0484737232327461,0.0511767193675041,0.0538718588650227,0.0565502867102623,0.0585666820406914,0.0584654211997986,0.0564680807292461,0.0536345019936562,0.0505431182682514,0.0474397763609886,0.0443902984261513,0.0413957498967648,0.0388749539852142,0.0383104868233204,0.0398041605949402,0.0422688908874989,0.0450405180454254,0.0478556528687477,0.0500523783266544,0.0501812137663364,0.0483279973268509,0.0455494560301304,0.0425052531063557,0.0394397377967834,0.0364189147949219,0.0334536358714104,0.030516006052494,0.0275979340076447,0.0246881768107414,0.0217913724482059,0.0189065616577864,0.0160299800336361,0.013472817838192,0.0126443114131689,0.0139666721224785,0.0164345316588879,0.0193006414920092,0.0222335867583752,0.0251135006546974,0.0279402770102024,0.0307333506643772,0.0335075445473194,0.0362774953246117,0.0390337705612183,0.0414884239435196,0.0421795509755611,0.0407064035534859,0.0381119884550571,0.0351339876651764,0.0320811830461025,0.0290867350995541,0.0261494293808937,0.0234045926481485,0.0221786499023438,0.023204667493701,0.0255306120961905,0.0281250700354576,0.0293118692934513,0.0282475315034389,0.025828342884779,0.0229366850107908,0.0199410002678633,0.016986008733511,0.0140883512794971,0.0112282326444983,0.0083883041515946,0.0055601978674531,0.002737610368058,-7.59065733291209e-05,-0.0028769776690751,-0.0056648696772754,-0.0084452694281935,-0.0111165251582861,-0.0125322733074427,-0.0116924475878477,-0.0093707628548145,-0.0064890547655522,-0.0034730941988527,-0.0006265401607379,0.0007756177801638,-0.0001014182562357,-0.0023667351342737,-0.0051376353949308,-0.008013542741537,-0.0108642065897584,-0.0136616928502917,-0.0164281539618969,-0.0191786661744118,-0.0219244845211506,-0.0246487185359001,-0.0273739565163851,-0.030074916779995,-0.0327399857342243,-0.0343813374638557,-0.0337768569588661,-0.0315403714776039,-0.028633538633585,-0.0255616158246994,-0.0224992111325264,-0.0194943491369486,-0.0165670290589333,-0.0146958995610476,-0.0150744058191776,-0.0170803815126419,-0.0197457019239664,-0.0225778482854366,-0.0254068039357662,-0.0281876027584076,-0.0309288501739502,-0.0336450338363647,-0.0363413169980049,-0.0390289649367332,-0.041696809232235,-0.0435957536101341,-0.0433407127857208,-0.0412722118198872,-0.0384071953594685,-0.0353152975440025,-0.0322276428341866,-0.0291869305074215,-0.0262074321508408,-0.0240494292229414,-0.0240604616701603,-0.025883112102747,-0.0284760929644108,-0.031293161213398,-0.0341109037399292,-0.0368766412138939,-0.0395879074931145,-0.0422790199518204,-0.0449572205543518,-0.0476278401911259,-0.0502875074744225,-0.0523823313415051,-0.0524561852216721,-0.0505654811859131,-0.0477639921009541,-0.0446699112653732,-0.0415466651320457,-0.0384756103157997,-0.0354640744626522,-0.0330561585724354,-0.0326942801475525,-0.0342796705663204,-0.0367726013064384,-0.0395382195711136,-0.0423237681388855,-0.0450706668198109,-0.0477691069245338,-0.050452183932066,-0.0531194768846035,-0.0557633563876152,-0.058400496840477,-0.0606549605727196,-0.0610857270658016,-0.0594070516526699,-0.0566579811275005,-0.0535556115210056,-0.050408810377121,-0.0473114848136902,-0.0442647263407707,-0.0412442572414875,-0.0382445454597473,-0.0352582335472107,-0.0322845689952374,-0.0297074243426323,-0.0289899297058582,-0.0303742215037346,-0.0328099653124809,-0.0355937853455544,-0.038426011800766,-0.041213896125555,-0.0439527854323387,-0.046423826366663,-0.047269307076931,-0.0459175370633602,-0.043342299759388,-0.0403398871421814,-0.0372614338994026,-0.0342187955975533,-0.0312268957495689,-0.0282725766301155,-0.0253368206322193,-0.0224193036556244,-0.0195112880319357,-0.0166069082915783,-0.0137193379923701,-0.0111523000523448,-0.0103492690250278,-0.0117078432813287,-0.0141804488375783,-0.0170311592519283,-0.019951468333602,-0.0226809903979301,-0.0239940956234932,-0.0230161659419537,-0.0206445138901472,-0.017923641949892,-0.0164756774902344,-0.0172887779772282,-0.0195286273956299,-0.022298751398921,-0.0251898672431707,-0.028047189116478,-0.0308527313172817,-0.0336171686649323,-0.0363656245172024,-0.0390964448451996,-0.0418171472847462,-0.0445198975503445,-0.0472148060798645,-0.049908235669136,-0.0525974072515965,-0.0552038252353668,-0.0566559359431267,-0.0558561570942402,-0.0535017997026443,-0.0505228191614151,-0.0474012158811092,-0.0442853197455406,-0.0412362813949585,-0.0382339507341385,-0.0352431647479534,-0.0323812440037727,-0.0307947546243668,-0.0314729698002338,-0.0336197465658188,-0.036321334540844,-0.0391448959708214,-0.041940450668335,-0.0446904599666595,-0.0474116578698158,-0.0501002222299576,-0.0527473241090775,-0.0545185320079327,-0.0540715642273426,-0.051883339881897,-0.0489767268300056,-0.0458743944764137,-0.0427797883749008,-0.0397401861846447,-0.0367409586906433,-0.0337671712040901,-0.0308169815689325,-0.027868939563632,-0.0249697435647249,-0.0229922644793987,-0.0232088714838028,-0.0251463539898396,-0.0278051644563675,-0.0306609179824591,-0.0335134826600552,-0.0363128893077374,-0.0390574485063553,-0.0411075800657272,-0.0410697385668755,-0.0391436703503132,-0.0363643690943718,-0.0333324819803238,-0.0303014107048512,-0.0281254835426807,-0.0281510781496763,-0.0299820564687252,-0.0325925387442112,-0.03542585298419,-0.038259033113718,-0.0410277098417282,-0.0437632650136948,-0.0464717447757721,-0.0491714179515839,-0.0518577881157398,-0.0545274838805199,-0.0571919232606888,-0.0598430410027504,-0.0620352290570736,-0.0622687786817551,-0.0604596957564354,-0.0576795227825642,-0.0545846596360207,-0.0514445751905441,-0.048356868326664,-0.0453218221664429,-0.0423143319785595,-0.0393356010317802,-0.0369439758360386,-0.0365774445235729,-0.0381598249077797,-0.0406733117997646,-0.0434589385986328,-0.0462567657232285,-0.0490118637681007,-0.0517150387167931,-0.0543945766985416,-0.0570657812058926,-0.0594199448823929,-0.0600440353155136,-0.058505441993475,-0.0558275729417801,-0.0527635775506496,-0.0496339686214924,-0.046952061355114,-0.0461564287543297,-0.0474900752305984,-0.0498717240989208,-0.0526004210114479,-0.0553691238164902,-0.0580979771912098,-0.0607797354459763,-0.06342513859272,-0.0660610049962997,-0.0686799734830856,-0.0712898820638657,-0.0738864466547966,-0.076478399336338,-0.0788915604352951,-0.0797810852527618,-0.0784408301115036,-0.0758101940155029,-0.0727069079875946,-0.0695152059197426,-0.0663609206676483,-0.0632513165473938,-0.0601847842335701,-0.057143684476614,-0.0541128069162369,-0.0511012300848961,-0.0482892617583275,-0.0469893962144852,-0.0479234158992767,-0.0501637198030949,-0.0528619140386581,-0.0556570515036583,-0.0584091022610664,-0.0611048527061939,-0.063680112361908,-0.0649713203310966,-0.0640048831701279,-0.0615682229399681,-0.0585689730942249,-0.0554371178150177,-0.0523411259055138,-0.0493011623620987,-0.0462995618581772,-0.0433124452829361,-0.0403480902314186,-0.0373913869261742,-0.0344453267753124,-0.0315080396831036,-0.0287416391074657,-0.0273593813180923,-0.0282373689115047,-0.0304910764098167,-0.0332601293921471,-0.0361400991678238,-0.0389365926384926,-0.0406711250543594,-0.0401379689574242,-0.0379590913653374,-0.0351117067039013,-0.0320829749107361,-0.0290711894631386,-0.0261177849024534,-0.0232081897556782,-0.0203177202492952,-0.0174392201006413,-0.0145857650786638,-0.0117339165881276,-0.0088965184986591,-0.0061374232172966,-0.0045192460529506,-0.0051878355443477,-0.0073917624540627,-0.0101926866918802,-0.0131471641361713,-0.0160586051642895,-0.0181557014584541,-0.0180784109979868,-0.0161604378372431,-0.0134475594386458,-0.0105169462040067,-0.0075851706787943,-0.0047050528228282,-0.0018702093511819,0.0009467663476243,0.0037367143668234,0.0065235784277319,0.009291018359363,0.0112580358982086,0.0110660716891289,0.0090678669512271,0.006297614891082,0.0033054784871637,0.0003143362118862,-0.0026157298125326,-0.005500819068402,-0.0078039732761681,-0.0080796647816896,-0.006385438144207,-0.0037772776558995,-0.0014647144125774,-0.001149532967247,-0.0028468973468989,-0.005490037612617,-0.0084162019193172,-0.0113614909350872,-0.0142530594021082,-0.0170946568250656,-0.0199117735028267,-0.022702569141984,-0.025494446977973
-0.0140620237216353,-0.0107096750289202,-0.0080400463193655,-0.0076800645329058,-0.0095957051962614,-0.012581342831254,-0.015884306281805,-0.0192096121609211,-0.0224606394767761,-0.0256693810224533,-0.0288240313529968,-0.0319705456495285,-0.0351013317704201,-0.0382249094545841,-0.0413268767297268,-0.0444191657006741,-0.0474869981408119,-0.0505428984761238,-0.0529667437076569,-0.0531222932040691,-0.0510305091738701,-0.0478782989084721,-0.0448060780763626,-0.0437645018100739,-0.0451789274811745,-0.0478832684457302,-0.0510037839412689,-0.0541730895638466,-0.0572954192757607,-0.060347031801939,-0.0633571520447731,-0.0663590356707573,-0.0688389465212822,-0.0691378116607666,-0.0671070218086243,-0.0639204606413841,-0.0603952296078205,-0.0568239912390709,-0.0533171258866787,-0.0498818419873714,-0.0464935414493084,-0.0431167781352997,-0.0400161631405354,-0.038754727691412,-0.039983719587326,-0.0426207706332207,-0.04575315117836,-0.0489738807082176,-0.0521455928683281,-0.0552668273448944,-0.0583304613828659,-0.0613804683089256,-0.0640676692128181,-0.0648235902190208,-0.0631231367588043,-0.0600919276475906,-0.0566277503967285,-0.0530923083424568,-0.0496072620153427,-0.0461941212415695,-0.0428292229771614,-0.0394830256700516,-0.0363034531474113,-0.0346583798527718,-0.0355948582291603,-0.0381294041872025,-0.0412545092403889,-0.0444974079728127,-0.0477060973644257,-0.0508431866765022,-0.0539411120116711,-0.0570179969072342,-0.0600597113370895,-0.0631107613444328,-0.0659836158156395,-0.0673121958971024,-0.066095195710659,-0.0632702931761742,-0.0598483942449093,-0.0563022494316101,-0.052795447409153,-0.0493637286126614,-0.0460694208741188,-0.0440531931817532,-0.0445814989507198,-0.0469030737876892,-0.0499486029148102,-0.0531710311770439,-0.056263942271471,-0.0578787922859192,-0.0568901970982552,-0.0541955679655075,-0.0508447363972664,-0.0473438799381256,-0.0438758060336113,-0.040477029979229,-0.0371446311473846,-0.0338370427489281,-0.0305413492023945,-0.0272557772696018,-0.023983858525753,-0.0207420215010643,-0.0175291262567043,-0.0152932293713093,-0.0155830923467875,-0.017862256616354,-0.0209673270583153,-0.0242968238890171,-0.0276044271886349,-0.030851885676384,-0.0340615063905716,-0.0372308008372784,-0.0403813309967518,-0.0435219258069992,-0.0466179847717285,-0.0487051755189896,-0.0483222901821136,-0.0459481440484524,-0.0427242815494537,-0.0392732731997967,-0.0358281284570694,-0.0324550233781338,-0.029143437743187,-0.0266070496290922,-0.0264247395098209,-0.0283976793289185,-0.0313552916049957,-0.0339165031909943,-0.0341030098497868,-0.0320769399404526,-0.0290242489427328,-0.0256427433341742,-0.0222591944038868,-0.01893425360322,-0.0156614929437637,-0.0124235413968563,-0.0091956071555614,-0.0059839207679033,-0.0027986019849777,0.0003765746077988,0.0035490486770868,0.0067076650448143,0.0098523907363414,0.0124760000035167,0.012906082905829,0.0110043250024319,0.0079654222354292,0.0045790020376443,0.001150450669229,-0.0016139881918206,-0.0020622354932129,-0.0002193382679251,0.0026971441693604,0.0059442617930471,0.0092278020456433,0.0124481087550521,0.0156101733446121,0.0187314413487911,0.0218332726508379,0.0249253828078508,0.0280148237943649,0.0310800913721323,0.034138523042202,0.0368543490767479,0.0376078933477402,0.0359241925179958,0.032920565456152,0.0294808931648731,0.0259701628237963,0.0225121695548296,0.019110057502985,0.0160863846540451,0.0150137916207314,0.0163998901844025,0.0191153921186924,0.0222950149327517,0.0255361869931221,0.0287419632077217,0.0318813100457191,0.0349809154868126,0.0380760468542576,0.0411465354263783,0.0441874340176582,0.0470217391848564,0.0481611900031567,0.0467518046498299,0.0438432209193707,0.040417455136776,0.0368973165750504,0.0334146246314049,0.0299860611557961,0.0267936810851097,0.0253141988068819,0.0263732336461544,0.0289469622075558,0.0320713520050049,0.0353066325187683,0.0384988486766815,0.0416175797581673,0.044705830514431,0.0477660000324249,0.0507984347641468,0.0538249276578426,0.056735023856163,0.0582247525453568,0.0571708418428898,0.0544001460075378,0.0509887635707855,0.047436885535717,0.0439223423600197,0.040473073720932,0.0371633470058441,0.035282164812088,0.0359646454453468,0.0383617468178272,0.0414068773388863,0.0446087345480919,0.0477901920676231,0.0508989617228508,0.0539646223187447,0.0570003613829613,0.0600192919373512,0.0630250945687294,0.0659800916910172,0.0677746832370758,0.0670619457960129,0.0644566118717194,0.0610706359148026,0.0574987381696701,0.0539700724184513,0.0504884049296379,0.047052089124918,0.0436644740402699,0.0403015986084938,0.036941897124052,0.033629797399044,0.0314512699842453,0.0318078473210335,0.0340734831988811,0.0371218398213387,0.040364321321249,0.0435861237347126,0.04673832654953,0.049827866256237,0.0520204454660416,0.0517725870013237,0.0494514517486095,0.0462172813713551,0.0427434369921684,0.0392664484679699,0.0358602628111839,0.0324964337050915,0.0291575137525797,0.0258299298584461,0.0225354544818401,0.019253870472312,0.0159874465316534,0.0127732893452048,0.0105691915377975,0.010831143707037,0.0130754895508289,0.0161787308752537,0.0195088945329189,0.0228147692978382,0.0254328530281782,0.0257327053695917,0.0237746573984623,0.0207562893629074,0.0180086195468903,0.0174876973032951,0.0192867573350668,0.0222060959786177,0.0254654418677092,0.0287582874298096,0.0319881662726402,0.035168394446373,0.0383105799555779,0.0414248108863831,0.0445250794291496,0.0476192869246006,0.0507069379091263,0.0537768825888634,0.0568240806460381,0.0598563812673092,0.062455702573061,0.0630009025335312,0.0611232928931713,0.0580040290951729,0.0545119568705559,0.0509676933288574,0.0474859178066254,0.0440574958920479,0.0406748801469803,0.0373050570487976,0.0344530642032623,0.0338231660425663,0.0355132110416889,0.0383372567594051,0.0415156111121178,0.0447425507009029,0.0479088090360165,0.0510168001055717,0.0540970452129841,0.0571401230990887,0.0599138811230659,0.0608664825558662,0.0593238696455956,0.0563769713044167,0.0529330782592297,0.0494050234556198,0.0459396913647652,0.0425443947315216,0.0391809716820717,0.035829920321703,0.0324871428310871,0.0291771423071623,0.0261261984705925,0.0248862821608782,0.0261878594756126,0.0289010219275951,0.0320860892534256,0.0353729724884033,0.0386026166379452,0.0417718961834908,0.0447552166879177,0.0461768507957458,0.045016024261713,0.0422636419534683,0.0389220789074898,0.0354583784937859,0.0322380438446999,0.030747402459383,0.0318228788673878,0.0344337187707424,0.0375794768333435,0.0408183410763741,0.0440300144255161,0.0471710562705994,0.0502690821886063,0.0533542856574059,0.0564270950853825,0.0594750940799713,0.0625200644135475,0.0655465871095657,0.0684830397367477,0.0701355412602425,0.0692441090941429,0.0665635913610458,0.0631744787096977,0.0596147663891315,0.0560793913900852,0.0526077747344971,0.0491918288171291,0.0457971543073654,0.0425300300121307,0.0406804531812668,0.0413942001760006,0.0438018552958965,0.0468816868960857,0.0501040853559971,0.0532799065113068,0.0563980266451836,0.0594780817627907,0.0625226497650146,0.0655224099755287,0.0675238594412804,0.0670115724205971,0.0645267143845558,0.0612007975578308,0.0576654486358166,0.0541973263025284,0.0519006997346878,0.0521636046469212,0.0543480291962624,0.0573175624012947,0.0604777224361897,0.063635066151619,0.0667079985141754,0.0697330385446548,0.0727225691080093,0.0756987482309341,0.0786726251244545,0.0816317349672318,0.0845893174409866,0.087517537176609,0.0896896868944168,0.089516818523407,0.0871769338846207,0.0838469117879868,0.0802304372191429,0.0766025185585022,0.0730497986078262,0.0695594847202301,0.0661022588610649,0.0626617670059204,0.0592382214963436,0.0558271408081055,0.0531493909657001,0.0528802797198296,0.0547808147966862,0.0576435476541519,0.0608076825737953,0.063988946378231,0.0671168863773346,0.0701744109392166,0.0726905465126038,0.07298593968153,0.0709612444043159,0.0677991062402725,0.0642891675233841,0.0607714653015137,0.0572966299951077,0.0538707375526428,0.0504961870610714,0.0471485331654549,0.0437945201992989,0.0404560752213001,0.0371402055025101,0.0338331386446953,0.0311576519161463,0.0307598542422056,0.0326429530978203,0.0355807580053806,0.0388313196599483,0.0421071499586105,0.0449753701686859,0.0458454862236977,0.0442357733845711,0.041314858943224,0.0379380732774734,0.0345146395266056,0.0311453770846128,0.0278241224586964,0.0245472006499767,0.0212984196841717,0.0180538352578878,0.0148301180452108,0.0116043323650956,0.0084109278395772,0.0056440127082169,0.0049551362171769,0.0066479085944593,0.0095763262361288,0.0128826554864645,0.0162505246698856,0.019374480471015,0.02073834836483,0.0195431932806969,0.0168460365384817,0.0135995671153069,0.0102617666125298,0.0069618858397007,0.0037232015747577,0.0005281982594169,-0.0026333031710237,-0.0057885330170393,-0.0089402347803115,-0.0118793696165085,-0.0131318578496575,-0.0118579836562276,-0.0090737035498023,-0.0057340282946825,-0.0022986966650933,0.001085867639631,0.0044051259756088,0.0075773624703288,0.0093111302703619,0.0084816822782158,0.0059581594541668,0.0028814291581511,0.0010806918144226,0.0018417079700157,0.0043485644273459,0.0075396364554762,0.0108994515612721,0.0142362071201205,0.0175027195364237,0.0207196120172739,0.0239085108041763,0.0270743183791637,0.0302412249147892,0.0333941914141178,0.0365237891674042,0.0396321006119251,0.0427211262285709,0.0457650534808636,0.0476537197828293,0.0470124706625938,0.0444905534386635,0.0411983616650105,0.0377144366502762,0.0342548526823521,0.030861021950841,0.0275089126080275,0.0241813939064741,0.0209574121981859,0.0190207846462727,0.0196296367794275,0.0220329370349646,0.0251377299427986,0.0284191891551018,0.0316847525537014,0.0348798409104347,0.0380314663052559,0.0411415137350559,0.0442314594984055,0.0464252233505249,0.0462019890546799,0.0438852980732918,0.0406579226255417,0.0372056290507317,0.0337427295744419,0.0303522516041994,0.0270081199705601,0.0236999355256557,0.0204149205237627,0.0171380937099457,0.013900781981647,0.0115283746272326,0.0115802846848965,0.0137235317379236,0.0167781636118889,0.0200859718024731,0.0233989059925079,0.0266537982970476,0.0298421327024698,0.0323714464902878,0.032611433416605,0.0306154899299145,0.0275577176362276,0.0247836001217365,0.0242390967905521,0.0260155852884054,0.0289057083427906,0.0321367457509041,0.0353989079594612,0.0385982468724251,0.0417477041482925,0.0448613688349724,0.047949630767107,0.0510279126465321,0.0540867373347282,0.0571187995374203,0.0601582862436771,0.0631795823574066,0.0661975964903831,0.0687748342752457,0.0692886263132095,0.067396305501461,0.0642679110169411,0.0607587546110153,0.0571917481720448,0.0536856576800346,0.0502548739314079,0.0468486584722996,0.0434711910784245,0.0406129844486713,0.0399618521332741,0.0416234284639359,0.0444323346018791,0.0476004034280777,0.0508170314133167,0.053973276168108,0.0570727400481701,0.0601325668394566,0.0631901919841766,0.0659324899315834,0.0668477714061737,0.0652746185660362,0.06230079382658,0.0590821467339993,0.0575757846236229,0.058639969676733,0.0611722059547901,0.064228743314743,0.0673755556344986,0.0704633444547653,0.0734836012125015,0.0764667764306068,0.0794396176934242,0.0823936313390732,0.0853245705366135,0.0882531329989433,0.0911711379885674,0.0940625667572021,0.0969621986150742,0.0998566225171089,0.102729365229607,0.105599783360958,0.108457505702972,0.111132621765137,0.112253829836845,0.110839150846004,0.107823327183723,0.104213669896126,0.100499458611012,0.0968215987086296,0.0932139754295349,0.0896646082401276,0.0861499309539795,0.0826526507735252,0.079164519906044,0.0756879299879074,0.072220042347908,0.0687809959053993,0.0653517618775368,0.0620173960924149,0.0599572993814945,0.0604479983448982,0.0627451464533806,0.0657644867897034,0.068957544863224,0.0721252709627151,0.0752265006303787,0.0781825184822083,0.0798172950744629,0.07892195135355,0.0762479603290558,0.072878822684288,0.0693305730819702,0.0658116564154625,0.0623641163110733,0.0589612387120724,0.0555977448821068,0.0522413440048695,0.0488870367407799,0.0455686673521996,0.0432603918015957,0.0434735864400864,0.0456580258905888,0.0486812070012093,0.051927462220192,0.0551656968891621,0.0583421476185322,0.0614559724926949,0.0645482316613197,0.067609965801239,0.0706644281744957,0.0737001076340675,0.0767268687486649,0.0796914845705032,0.0815102979540825,0.080784983932972,0.0781637877225876,0.0747711062431335,0.0712070092558861,0.0676736831665039,0.0649368166923523,0.0645861104130745,0.0664237290620804,0.0692639276385307,0.0723932459950447,0.0755438581109047,0.0786185637116432,0.0816313177347183,0.0838530734181404,0.0837108641862869,0.0814017057418823,0.0781117230653763,0.0745452418923378,0.0709842070937157,0.0674823969602585,0.0640502646565437,0.0606334544718266,0.0572514459490776,0.0538804903626442,0.0505205616354942,0.0476795583963394,0.0470432639122009,0.0487344190478325,0.0515640079975128,0.0547644272446632,0.0580003932118416,0.0611814670264721,0.0642824545502663,0.0673661231994629,0.0704251825809479,0.0734536200761795,0.076473593711853,0.0789425224065781,0.079225480556488,0.077190101146698,0.0740162506699562,0.0704903602600098,0.0669421777129173,0.0634546801447868,0.0600312426686287,0.0569872111082077,0.0558852851390839,0.0572360754013062,0.0599206648766994,0.0630483776330948,0.0662441551685333,0.0693811252713203,0.072465106844902,0.0754958465695381,0.0785110369324684,0.0810786560177803,0.0815799534320831,0.0796715021133423,0.0765432640910149,0.0730254352092743,0.0694614574313164,0.0659607425332069,0.0625074952840805,0.059108667075634,0.0557366050779819,0.0525600165128708,0.0510868430137634,0.0521646663546562,0.0547452494502068,0.0578449554741383,0.061067245900631,0.064239114522934,0.0673483610153198,0.0704135075211525,0.0734539479017258,0.0764828696846962,0.0795038864016533,0.0822900906205177,0.0833755731582642,0.0819172039628029,0.0789659023284912,0.075488843023777,0.0719179734587669,0.0683840960264206,0.064935103058815,0.0616313628852367,0.0597505606710911,0.0604177787899971,0.062792643904686,0.0657204836606979,0.0673513859510422,0.0664146393537521,0.0637428462505341,0.060398455709219,0.0569090023636818,0.053443118929863,0.0500541143119335,0.046695813536644,0.0433824062347412,0.0400821827352047,0.0367881618440151,0.0335031300783157,0.0302281603217125,0.0269782468676567,0.0237488858401775,0.0205486938357353,0.0185052324086428,0.0189927108585835,0.0213734172284603,0.0245246887207031,0.027866629883647,0.0312019214034081,0.0344620160758495,0.0376622527837753,0.040830634534359,0.0439121127128601,0.0456821471452713,0.0449130013585091,0.042367797344923,0.0391052775084972,0.0356678143143654,0.0322771482169628,0.0289375185966492,0.0256507657468319,0.0223856084048748,0.0191650651395321,0.0168146379292011,0.0168954953551292,0.0190702844411135,0.0221564024686813,0.0254857428371906,0.0287737790495157,0.0309969484806061,0.0306915231049061,0.028382271528244,0.025239048525691,0.0218775179237127,0.0185256320983171,0.0152304600924253,0.0119875418022275,0.0087813474237918,0.0055951159447431,0.0024235355667769,-0.0007299610297195,-0.0038851904682815,-0.0070246579125523,-0.0095267072319984,-0.0097581818699836,-0.0077351341024041,-0.0046414085663855,-0.0012359187239781,0.002190142404288,0.005553537979722,0.0088641233742237,0.0121271489188075,0.0153577020391822,0.0178287643939257,0.017929594963789,0.0158728752285242,0.0128363231197,0.0095195472240448,0.0061828838661313,0.0029055904597044,-0.0003187631373293,-0.0035111126489937,-0.0066772485151886,-0.0094123175367713,-0.0100986938923597,-0.0083596156910061,-0.0053912233561277,-0.0020212226081639,0.0013980756048113,0.0047464319504797,0.0080413753166794,0.0112829282879829,0.0145194055512547,0.0177338570356369,0.0209471844136715,0.0241308435797691,0.0273041166365147,0.0304704941809177,0.0336142964661121,0.0363273620605469,0.03696683421731,0.0351770222187042,0.0321725606918335,0.0290357954800129,0.0276713818311691,0.0288397632539272,0.031463760882616,0.0346063151955605,0.0378579869866371,0.0410564802587032,0.0442031994462013,0.0472943335771561,0.0503749400377274,0.0530760660767555,0.0538319535553455,0.052134532481432,0.0491185113787651,0.0456701964139938,0.0421626344323158,0.0387099012732506,0.0353237055242062,0.0319681204855442,0.0286303870379925,0.0254557505249977,0.023841505870223,0.0248166304081678,0.0273777805268764,0.0305307433009148,0.0338014140725136,0.037038579583168,0.0402023494243622,0.0433496795594692,0.0464485846459866,0.0495425313711166,0.0526169985532761,0.055691160261631,0.0587431192398071,0.061556451022625,0.0626716911792755,0.0612489469349384,0.0583361312747002,0.0548898763954639,0.0513606667518616,0.0479541718959808,0.0458736419677734,0.0463680997490883,0.04865962266922,0.0516768023371696,0.0548724681138992,0.058033537119627,0.0611155405640602,0.064157523214817,0.0671820193529129,0.0701933205127716,0.0731924995779991,0.0761704966425896,0.0791366994380951,0.0819874107837677,0.0833768919110298,0.0822190642356873,0.0793914049863815,0.0759298801422119,0.0723155662417412,0.068756029009819,0.0662415996193886,0.0662943944334984,0.0683280155062675,0.071215957403183,0.0743237435817719,0.077423632144928,0.0804582610726357,0.0834285020828247,0.0863831266760826,0.0893145427107811,0.0922253280878067,0.0951104238629341,0.096978060901165,0.0963708385825157,0.0937803909182549,0.0903529226779938,0.0867212191224098,0.0830904170870781,0.0795363038778305,0.0760453194379807,0.0733107849955559,0.0729387402534485,0.0747438296675682,0.0775445401668549,0.0806256979703903,0.0837186276912689,0.0867575034499168,0.0897349491715431,0.0926930755376816,0.0956176072359085,0.0985231027007103,0.101420618593693,0.104329273104668,0.107201494276524,0.109165549278259,0.10869912058115,0.106159031391144,0.102731041610241,0.099056601524353,0.0953878834843636,0.0922809913754463,0.0914328619837761,0.0929207727313042,0.0955610275268555,0.0980237051844597,0.0983427688479424,0.0963053926825523,0.0930839702486992,0.0895002782344818,0.0858726501464844,0.0823173671960831,0.0788153260946274,0.0753611698746681,0.0719289109110832,0.0685126110911369,0.0651120543479919,0.0617226101458073,0.0583569407463074,0.054992139339447,0.0516380146145821,0.0486450120806694,0.0475959666073322,0.0490087419748306,0.0517365410923958,0.0545767992734909,0.055511474609375,0.0539671033620834,0.0510649904608727,0.0477071478962898,0.0442826524376869,0.0408998876810074,0.037576999515295,0.0342961885035038,0.0310268588364124,0.0277832038700581,0.0245527215301991,0.0213230270892382,0.0181000158190727,0.0149028860032558,0.0117197250947356,0.0087518999353051,0.007479493971914,0.0087354127317667,0.0114887021481991,0.0147716868668795,0.0181683320552111,0.0212666559964418,0.0224649272859097,0.0211006551980972,0.0183264594525099,0.0150814689695835,0.0117471236735582,0.0084555223584175,0.0052283364348113,0.0020541588310152,-0.0010979170911014,-0.0042445533908903,-0.0073726130649447,-0.0104910135269165,-0.0136118698865175,-0.0166100524365902,-0.0181791037321091,-0.0171957705169916,-0.0145055959001184,-0.0111778322607279,-0.0077152638696134,-0.0042888545431196,-0.0009285417618229,0.0023683030158281,0.0056492197327315,0.0089073786512017,0.0121557535603642,0.0153959468007088,0.0186267662793398,0.0216749049723148,0.0231426134705544,0.0220614094287157,0.019402464851737,0.016140790656209,0.0127564622089267,0.0094551099464297,0.0073664858937263,0.0078342966735363,0.0101933972910047,0.0133386328816414,0.0166622996330261,0.0199775602668524,0.0232244804501534,0.026419386267662,0.029599204659462,0.0327581726014614,0.0358974374830723,0.0390290841460228,0.0421420484781265,0.0452393405139446,0.0483203455805779,0.0513529218733311,0.053213182836771,0.0525494478642941,0.0500119552016258,0.0467302203178406,0.0440881177783012,0.0438967049121857,0.0458461083471775,0.048747144639492,0.0519173294305801,0.0550878196954727,0.0582079738378525,0.0612588971853256,0.0642806142568588,0.0672771260142326,0.0692172348499298,0.0686461925506592,0.0661215037107468,0.0627804547548294,0.0592296570539474,0.0556870996952057,0.0522144734859467,0.0487999506294727,0.0454249009490013,0.0420659929513931,0.0393469035625458,0.0389195084571838,0.040727399289608,0.0435903631150723,0.0467833206057549,0.0500087067484856,0.0531740225851536,0.0562751553952694,0.0593570545315742,0.0623994842171669,0.0646690055727959,0.0645752772688866,0.0623303651809692,0.0591150224208832,0.0556042306125164,0.0520812720060349,0.048621378839016,0.0452413558959961,0.0418838635087013,0.0385390259325504,0.0356247127056122,0.0347848571836948,0.0363744720816612,0.0391776748001575,0.0423791781067848,0.0456246621906757,0.048828236758709,0.0519609451293945,0.0550524853169918,0.0581305325031281,0.0611800476908684,0.0642312169075012,0.0668084323406219,0.0673152133822441,0.0654515773057938,0.0623536109924316,0.0588715337216854,0.055333785712719,0.0518623441457748,0.0484531261026859,0.0453525632619858,0.0440792217850685,0.0453091338276863,0.047951765358448,0.0510790832340717,0.0542907565832138,0.057097427546978,0.0578819662332535,0.0561979413032532,0.0531987324357033,0.0497610606253147,0.0462719425559044,0.0428383611142635,0.0394672453403473,0.0361257381737232,0.0328058004379272,0.029512993991375,0.0262316446751356,0.022963859140873,0.0197171326726675,0.0166266262531281,0.0151018165051937,0.0161394812166691,0.0187762640416622,0.0219908468425274,0.0253236033022404,0.0286173634231091,0.0318592339754105,0.035044115036726,0.0382143892347813,0.041363388299942,0.0445059537887573,0.0474598109722137,0.0488352701067924,0.0476734787225723,0.0449057631194592,0.0415610000491142,0.0380996540188789,0.0346742756664753,0.0313231572508812,0.0280993394553661,0.0261554978787899,0.0267442371696234,0.0291396137326956,0.0321820601820946,0.0341076776385307,0.0334438122808933,0.0309443809092045,0.027736471965909,0.0243485271930695,0.0209728367626667,0.0176640935242176,0.0144060794264078,0.0111832590773702,0.0079676890745759,0.004758084192872,0.0015757802175357,-0.0015796184306964,-0.0047307070344686,-0.0078774904832243,-0.0110091371461749,-0.0131041752174497,-0.0126843377947807,-0.010308344848454,-0.0070923762395978,-0.0036746235564351,-0.0003007585473824,0.0018517067655921,0.0014335927553474,-0.0008783167577348,-0.0039526708424091,-0.0072348015382885,-0.0104913301765919,-0.0136812143027782,-0.0168305579572916,-0.0199537258595228,-0.0230581592768431,-0.0261423792690039,-0.0292117428034544,-0.0322860479354858,-0.0353361219167709,-0.0376228988170624,-0.0375548154115677,-0.0353258289396763,-0.0321077108383179,-0.0286273099482059,-0.0251325033605099,-0.0216992255300283,-0.0183328781276941,-0.015759302303195,-0.0155556248500943,-0.0175033621490002,-0.0204469319432974,-0.0236746910959482,-0.0269150361418724,-0.0300833228975534,-0.0331989824771881,-0.0362821742892265,-0.0393397286534309,-0.0423878543078899,-0.0454171113669872,-0.0479194074869156,-0.0482378676533699,-0.0462443977594376,-0.0431124418973923,-0.039628840982914,-0.0361071228981018,-0.0326430127024651,-0.0292538832873106,-0.0264320392161608,-0.0258142314851284,-0.0275102108716965,-0.0303364619612694,-0.0335083827376366,-0.0367182157933712,-0.0398736968636513,-0.0429744757711887,-0.0460460372269154,-0.0490771383047104,-0.0520966574549675,-0.0551274456083775,-0.057778712362051,-0.0584968850016594,-0.0567627660930157,-0.0537255331873894,-0.0502417013049126,-0.046678576618433,-0.0431862100958824,-0.0397564843297005,-0.0367151647806168,-0.0356488563120365,-0.0370278507471085,-0.0397271662950516,-0.0428681001067162,-0.0460690930485725,-0.049211785197258,-0.05229726806283,-0.0553374476730824,-0.05836471170187,-0.0613759644329548,-0.0643637254834175,-0.0671476796269417,-0.0682078450918198,-0.0667563080787659,-0.0637974739074707,-0.0603128373622894,-0.0567358694970608,-0.0531935729086399,-0.0497297123074532,-0.0463068038225174,-0.0429195202887058,-0.0395426601171494,-0.0361731797456741,-0.0330368690192699,-0.031609483063221,-0.0327037610113621,-0.0353134423494339,-0.0384600609540939,-0.0417008846998215,-0.0449045225977898,-0.0480385646224022,-0.0510110408067703,-0.0525604337453842,-0.0515465214848518,-0.0488352552056313,-0.0454794019460678,-0.0419917404651642,-0.0385169647634029,-0.035109356045723,-0.031749714165926,-0.0284247193485498,-0.0251280032098293,-0.0218291264027357,-0.0185468029230833,-0.0152746643871069,-0.0121898744255304,-0.0106779951602221,-0.0117220319807529,-0.0143573060631752,-0.0175640229135752,-0.0208941958844662,-0.0241351686418056,-0.026174645870924,-0.0256607942283154,-0.0232625044882298,-0.0201262887567282,-0.0179384388029575,-0.0182790644466877,-0.0205689109861851,-0.023647915571928,-0.0269385203719139,-0.0302125662565231,-0.0334115959703922,-0.0365620106458664,-0.0396769680082798,-0.0427736192941666,-0.0458577051758766,-0.0489211678504944,-0.0519840717315674,-0.0550243481993675,-0.0580555275082588,-0.0610649399459362,-0.0631964653730392,-0.062882237136364,-0.0604793652892113,-0.057184424251318,-0.0536469370126724,-0.0501073226332664,-0.0466376841068268,-0.0432241000235081,-0.0398441553115845,-0.0365016311407089,-0.0342000685632229,-0.0344064086675644,-0.0365867912769318,-0.039583545178175,-0.0427889674901962,-0.0460018627345562,-0.0491380356252193,-0.0522133782505989,-0.0552807487547398,-0.0583058930933475,-0.0606945529580116,-0.0608053132891655,-0.058671522885561,-0.0554950684309006,-0.0520062707364559,-0.0484793521463871,-0.0450058802962303,-0.0416016131639481,-0.0382351316511631,-0.0348780304193497,-0.0315513014793396,-0.0282424204051495,-0.0255668610334396,-0.0251896027475595,-0.0270864777266979,-0.0300201699137688,-0.0332466512918472,-0.0365049801766872,-0.0397042669355869,-0.0428511723875999,-0.0455363541841507,-0.0461336523294449,-0.0443069338798523,-0.0412713475525379,-0.0378550849854946,-0.034383911639452,-0.0315106958150864,-0.0308893714100122,-0.0326014794409275,-0.0354542769491673,-0.0386636108160019,-0.0419076941907406,-0.0450886934995651,-0.0482132434844971,-0.051296304911375,-0.0543638914823532,-0.0574175156652927,-0.0604514591395855,-0.0634739920496941,-0.0664830654859543,-0.0692108795046806,-0.0700955390930176,-0.0684970542788506,-0.0654924511909485,-0.0620077438652515,-0.0584291703999043,-0.0549143999814987,-0.0514639988541603,-0.0480591468513012,-0.0446748919785023,-0.0416531339287758,-0.0406100824475288,-0.0419984757900238,-0.0447195805609226,-0.0478673800826073,-0.0510759837925434,-0.0542222261428833,-0.0573159754276276,-0.0603638663887978,-0.0633902996778488,-0.0662626773118973,-0.0675552114844322,-0.0662786066532135,-0.0634425356984138,-0.0600093677639961,-0.0564591884613037,-0.0531432181596756,-0.0516053922474384,-0.0526322200894356,-0.0551718212664127,-0.0582427904009819,-0.0614058449864388,-0.0645276755094528,-0.0675849467515945,-0.070594996213913,-0.0735672265291214,-0.0765381827950478,-0.079495407640934,-0.0824408382177353,-0.0853883847594261,-0.0882423967123032,-0.0897990465164185,-0.0888120532035828,-0.0860442817211151,-0.0825744792819023,-0.0789333134889603,-0.0753284096717834,-0.0717927739024162,-0.0682975500822067,-0.0648439973592758,-0.0614058002829552,-0.0579918324947357,-0.054656807333231,-0.0526327975094318,-0.0531800016760826,-0.0554977208375931,-0.0585043989121914,-0.0616990961134434,-0.0648632049560547,-0.0679493471980095,-0.0709662064909935,-0.0729497298598289,-0.0724163353443146,-0.0699230656027794,-0.0665987730026245,-0.063045859336853,-0.0595246367156506,-0.0560619160532951,-0.0526566430926323,-0.0492795258760452,-0.0459180846810341,-0.0425892136991024,-0.0392685234546661,-0.0359587036073208,-0.0327016673982143,-0.0305954907089472,-0.0310280006378889,-0.0333603136241436,-0.0364396646618843,-0.0397212915122509,-0.0429752841591835,-0.0454112254083157,-0.0454465597867966,-0.0433128401637077,-0.0401769541203976,-0.0367604345083237,-0.0333335734903812,-0.0299820192158222,-0.0266808606684208,-0.0234025605022907,-0.0201541129499674,-0.0169162303209305,-0.0136889312416315,-0.010470156557858,-0.0072765182703733,-0.0049930121749639,-0.0051451241597533,-0.0073655098676681,-0.0104843657463789,-0.0138379475101829,-0.0171947572380304,-0.0199710242450237,-0.0204832069575787,-0.018676221370697,-0.0157318376004696,-0.012430178001523,-0.009105241857469,-0.0058230329304933,-0.0025887668598443,0.0006041450542397,0.0037673492915928,0.0069250822998583,0.0100675262510777,0.0126829314976931,0.0131039777770638,0.0112067488953471,0.0081544518470764,0.0047585954889655,0.0013369441730901,-0.0020206365734338,-0.0053282319568097,-0.0082524269819259,-0.009212558157742,-0.0077049676328897,-0.0048926551826298,-0.0019864600617438,-0.0009842334548011,-0.0024610708933323,-0.0052829403430223,-0.0085612805560231,-0.0119193810969591,-0.0152273941785097,-0.0184548459947109,-0.0216676387935877,-0.0248428918421268,-0.028005339205265,-0.0311524402350187,-0.0342899560928345,-0.0374212674796581,-0.0405225045979023,-0.0436065979301929,-0.0464725308120251,-0.0476230755448341,-0.046250868588686,-0.0433808043599129,-0.0399897843599319,-0.0364811718463898,-0.0330140255391598,-0.029633492231369,-0.026289414614439,-0.0229785945266485,-0.0199633743613958,-0.0188028514385223,-0.0201226212084293,-0.0228355024009943,-0.0260379407554865,-0.0293245296925306,-0.0325539708137512,-0.0357205271720886,-0.0388614274561405,-0.0419710576534271,-0.0449456088244915,-0.046497642993927,-0.045490138232708,-0.0427814163267612,-0.0394476689398289,-0.0359701476991177,-0.0325258858501911,-0.0291591919958591,-0.0258279088884592,-0.0225254017859697,-0.0192281734198332,-0.0159477312117815,-0.012789199128747,-0.0110965510830283,-0.0119523955509067,-0.0144848916679621,-0.0176681187003851,-0.0210005566477776,-0.0242904964834452,-0.0275242105126381,-0.0306454375386238,-0.0325933732092381,-0.032025683671236,-0.0295824836939573,-0.0264168195426464,-0.0242093540728092,-0.024536645039916,-0.0268140323460102,-0.0298722125589848,-0.0331415720283985,-0.0363920331001282,-0.0395782589912415,-0.0427042320370674,-0.0457877703011036,-0.0488468445837498,-0.0519112274050713,-0.0549609623849392,-0.0579860508441925,-0.061001218855381,-0.0640107840299606,-0.0669959932565689,-0.0690993368625641,-0.068764328956604,-0.0663289576768875,-0.0630136951804161,-0.0594531521201134,-0.0559031777083874,-0.0524154752492905,-0.0489812679588795,-0.0455809384584427,-0.0422264449298382,-0.0399097055196762,-0.040106326341629,-0.042260829359293,-0.0452432036399841,-0.0484501644968987,-0.0516402497887611,-0.0547580309212208,-0.0578301213681698,-0.0608767457306385,-0.0639010444283485,-0.0662688091397285,-0.0663588419556618,-0.0642164349555969,-0.0610100366175175,-0.0581297017633915,-0.057517908513546,-0.0591985285282135,-0.0619625337421894,-0.0650777667760849,-0.0682058706879616,-0.0712723433971405,-0.0742734968662262,-0.0772386714816093,-0.0801897943019867,-0.0831258371472359,-0.086046576499939,-0.0889615714550018,-0.0918613597750664,-0.0947472080588341,-0.0976243764162064,-0.100495405495167,-0.103346362709999,-0.106191501021385,-0.109017215669155,-0.111396484076977,-0.111727938055992,-0.10967930406332,-0.106409385800362,-0.10275374352932,-0.099050760269165,-0.0953933224081993,-0.0918121412396431,-0.088264063000679,-0.0847402811050415,-0.0812393873929977,-0.0777626037597656,-0.0743057355284691,-0.0708608850836754,-0.0674394369125366,-0.0640183985233307,-0.060882106423378,-0.059594638645649,-0.0608040913939476,-0.063423179090023,-0.0665185749530792,-0.0696989968419075,-0.0728387087583542,-0.0759129375219345,-0.0786594897508621,-0.0795566588640213,-0.0779754742980003,-0.074984110891819,-0.0715196579694748,-0.0679701715707779,-0.0644646212458611,-0.0610216818749905,-0.0576243624091148,-0.0542500913143158,-0.0508894734084606,-0.0475485287606716,-0.0443539060652256,-0.0427566096186638,-0.0437245965003967,-0.0462755337357521,-0.0494221411645412,-0.052667073905468,-0.0558892264962196,-0.0590358041226864,-0.0621277689933777,-0.0652048513293266,-0.0682681202888489,-0.0713201761245728,-0.0743485912680626,-0.0773643553256989,-0.0801641419529915,-0.0812448114156723,-0.0797823742032051,-0.0768239796161652,-0.0733543559908867,-0.0697821602225304,-0.0663446187973022,-0.06426090747118,-0.0647569894790649,-0.0670429319143295,-0.0700410082936287,-0.0731938034296036,-0.076317310333252,-0.0793621093034744,-0.0822865813970566,-0.0839087963104248,-0.0829944610595703,-0.0802949965000153,-0.07686747610569,-0.0732815116643906,-0.06972985714674,-0.0662463009357452,-0.0628178492188454,-0.0594216734170914,-0.0560483112931252,-0.0526780970394611,-0.0493439137935638,-0.0470478534698486,-0.0472625903785229,-0.0494424141943455,-0.0524512082338333,-0.0556730479001999,-0.0588829964399338,-0.0620231106877327,-0.0651139467954636,-0.0681815594434738,-0.0712292119860649,-0.0742553025484085,-0.0772385820746422,-0.0791955888271332,-0.0786689519882202,-0.0761616006493568,-0.0728309750556946,-0.0692815408110619,-0.0657496005296707,-0.0622794330120087,-0.0588652715086937,-0.0562498420476913,-0.0560127384960651,-0.0579126849770546,-0.0607945583760738,-0.0639708936214447,-0.0671424567699432,-0.0702560767531395,-0.0733146443963051,-0.0763320773839951,-0.0793184041976929,-0.0814245790243149,-0.0810890272259712,-0.0786747857928276,-0.0753524154424667,-0.0718046799302101,-0.0682455450296402,-0.0647539496421814,-0.061320848762989,-0.0579145774245262,-0.0545423254370689,-0.0517092123627663,-0.0510938353836536,-0.0527781471610069,-0.0555815026164055,-0.0587399899959564,-0.0619516223669052,-0.0651008188724518,-0.0681944638490677,-0.0712411254644394,-0.0742701515555382,-0.077283188700676,-0.0802871957421303,-0.0827509462833405,-0.0830402076244354,-0.0809978470206261,-0.0778140053153038,-0.0742684155702591,-0.0706970691680908,-0.0671831369400024,-0.0637361109256744,-0.0606807731091976,-0.05959802120924,-0.060955960303545,-0.06364506483078,-0.0664198845624924,-0.0672957524657249,-0.0656924545764923,-0.0627315938472748,-0.0593020841479301,-0.0557945445179939,-0.0523480698466301,-0.0489701703190804,-0.0456304922699928,-0.0423187650740147,-0.0390234105288982,-0.0357362776994705,-0.0324530489742756,-0.0291900057345629,-0.0259513929486275,-0.0227135289460421,-0.019683888182044,-0.018382104113698,-0.0196118205785751,-0.0223203506320715,-0.0255742501467466,-0.0289234146475792,-0.0322357788681984,-0.0354836471378803,-0.0386682637035847,-0.0418339967727661,-0.0446980930864811,-0.0457234419882298,-0.0442660860717297,-0.0414040610194206,-0.0380480699241161,-0.0346158556640148,-0.0312289036810398,-0.0279117822647095,-0.0246431101113558,-0.0213951654732227,-0.0182701218873262,-0.0165898166596889,-0.0174648854881525,-0.0200447235256433,-0.0232484042644501,-0.026594091206789,-0.029747236520052,-0.0312674753367901,-0.0301872417330742,-0.0275220479816198,-0.024259464815259,-0.0208849348127842,-0.01754130423069,-0.0142644718289375,-0.0110352672636509,-0.0078204059973359,-0.004636060912162,-0.0014551533386111,0.0017201516311615,0.0048785763792693,0.0079680085182189,0.0098888613283634,0.0092827435582876,0.0068081617355346,0.0035828617401421,0.0001566761202411,-0.0032436591573059,-0.0065801716409623,-0.0098652821034193,-0.0131119918078184,-0.0162631310522556,-0.0181132610887289,-0.0174245312809944,-0.0149485906586051,-0.0117676975205541,-0.0084210941568017,-0.0051114037632942,-0.0018599338363856,0.0013369317166507,0.0045114834792912,0.0076717529445886,0.0099399788305163,0.0097423205152154,0.0074709416367113,0.004315935075283,0.0009167475509457,-0.0024761869572103,-0.0058031128719449,-0.0090817417949438,-0.0123179377987981,-0.0155415581539273,-0.0187569987028837,-0.0219625439494848,-0.0251409765332937,-0.0283063016831875,-0.0314616598188877,-0.0345829576253891,-0.0368102788925171,-0.0365859046578407,-0.0342851728200912,-0.031103078275919,-0.0283391270786524,-0.0278611537069082,-0.029645461589098,-0.0325202569365501,-0.035724151879549,-0.0389503948390484,-0.0421278513967991,-0.0452339984476566,-0.0483091026544571,-0.0513693541288376,-0.0536452494561672,-0.0535541325807571,-0.0513014942407608,-0.0480676107108593,-0.0445707738399506,-0.0410649329423904,-0.0376269482076168,-0.0342522896826267,-0.030914943665266,-0.0276027340441942,-0.0247228480875492,-0.0239424146711826,-0.0255604069679976,-0.0283923298120499,-0.0316112488508224,-0.0348768383264542,-0.0380864441394806,-0.0412298068404198,-0.0443452149629593,-0.0474407412111759,-0.0505205877125263,-0.0535966455936432,-0.0566527768969536,-0.0596839934587479,-0.0621657222509384,-0.0624611042439938,-0.060443215072155,-0.0572689287364483,-0.0537486113607883,-0.0502214655280113,-0.0470271483063698,-0.0457282215356827,-0.0469394475221634,-0.0495568066835403,-0.0526490658521652,-0.0558502674102783,-0.058988057076931,-0.0620541721582413,-0.0650710761547089,-0.0680661126971245,-0.0710648149251938,-0.0740434154868126,-0.0770128890872002,-0.0799665153026581,-0.0825758725404739,-0.0831965804100037,-0.0813746303319931,-0.07826828956604,-0.0747271478176117,-0.0711074396967888,-0.0677038058638573,-0.0659643784165382,-0.0668047666549683,-0.0692131146788597,-0.0722054615616798,-0.0753095597028732,-0.0783892944455147,-0.0813934877514839,-0.084352158010006,-0.0872965455055237,-0.0902154073119164,-0.0931105092167854,-0.0958441197872162,-0.0970135107636452,-0.0956455916166306,-0.0926833599805832,-0.089151605963707,-0.0855067819356918,-0.0818958953022957,-0.0783524811267853,-0.0749480873346329,-0.0728583037853241,-0.0733117759227753,-0.0755415931344032,-0.078464575111866,-0.0815564915537834,-0.0846419632434845,-0.0876476317644119,-0.0906116366386414,-0.0935458987951279,-0.0964550971984863,-0.099347360432148,-0.102230243384838,-0.105100184679031,-0.107848063111305,-0.109161108732224,-0.10792950540781,-0.105017617344856,-0.101453468203545,-0.0977542102336884,-0.0941145196557045,-0.091594897210598,-0.0916188582777977,-0.0936106145381927,-0.0963931679725647,-0.0983681231737137,-0.0978808850049973,-0.0953675657510757,-0.0919757261872292,-0.0883527025580406,-0.084741085767746,-0.0811983942985535,-0.0777071565389633,-0.0742563456296921,-0.0708185061812401,-0.0674113258719444,-0.0640019178390503,-0.0605997107923031,-0.057228822261095,-0.0538699552416801,-0.0505225174129009,-0.0479643642902374,-0.0477796196937561,-0.0497387312352657,-0.0526793599128723,-0.0551335588097572,-0.055243007838726,-0.0531478673219681,-0.0500290021300316,-0.0466191172599792,-0.0431999862194061,-0.0398342907428741,-0.036525547504425,-0.0332493558526039,-0.029991602525115,-0.02674201130867,-0.0235096253454685,-0.0202862825244665,-0.0170657634735107,-0.013867131434381,-0.0106953838840127,-0.0080633647739887,-0.0076311123557388,-0.009507748298347,-0.0125145213678479,-0.0158784165978432,-0.0192670356482267,-0.0219775009900331,-0.0223077386617661,-0.020375082269311,-0.0173935033380985,-0.0140957422554493,-0.0107693318277597,-0.0075124390423297,-0.0043078637681901,-0.0011167450575158,0.0020501103717833,0.0052031874656677,0.0083536561578512,0.0114732971414924,0.014574758708477,0.0173178520053625,0.0181036684662104,0.0164320971816778,0.0134473061189055,0.0100452583283186,0.0065777227282524,0.003174252808094,-0.0001723433088045,-0.0034783508162945,-0.0067545888014137,-0.0100248949602246,-0.013272900134325,-0.0164950825273991,-0.0197163354605436,-0.0224695280194283,-0.0231240540742874,-0.0214029774069786,-0.0184627454727888,-0.0151404561474919
0.0484031848609447,0.0444842241704464,0.040635634213686,0.0368620865046978,0.0331280902028084,0.0294145457446575,0.0257081538438797,0.0220355354249477,0.0183861535042524,0.0147534804418683,0.0120041165500879,0.0119606275111437,0.0143076255917549,0.0177272260189056,0.0214515384286642,0.0252029038965702,0.0283656511455774,0.0290634389966726,0.0270723290741444,0.0237596109509468,0.0205191224813461,0.0195799842476845,0.0213484466075897,0.0245255995541811,0.0281810015439987,0.0318941026926041,0.0355432145297527,0.0391046777367592,0.0426254123449326,0.0461237765848637,0.0496150217950344,0.0530769675970078,0.0565159395337105,0.059954009950161,0.0633772611618042,0.066785953938961,0.0698548257350922,0.070838138461113,0.069011352956295,0.0656401067972183,0.0617321543395519,0.0577470287680626,0.0538138933479786,0.0499505400657654,0.0461501255631447,0.0423701368272305,0.0390162616968155,0.0379128232598305,0.0395688004791737,0.0426666811108589,0.0462320074439049,0.049864798784256,0.0534389242529869,0.0569506138563156,0.0604101531207561,0.0638497173786163,0.0670928061008453,0.0685106441378593,0.0670625120401382,0.063868910074234,0.0600285157561302,0.056056022644043,0.0521359220147133,0.0483027882874012,0.0445181950926781,0.0407459288835526,0.0369970947504044,0.0332818701863289,0.0297677144408226,0.0280349552631378,0.029177688062191,0.0320872478187084,0.0356416441500187,0.0393403209745884,0.042980931699276,0.0465603247284889,0.0499737411737442,0.0518793761730194,0.0509065091609955,0.0479553677141666,0.0442338585853577,0.0403303764760494,0.0366151593625546,0.0345989018678665,0.0355039611458778,0.0382752418518066,0.0417697764933109,0.0454238094389439,0.0490334704518318,0.0525817014276981,0.0560745373368263,0.0595293305814266,0.0629550665616989,0.066373735666275,0.0698023214936256,0.0731934979557991,0.0765417218208313,0.0786948353052139,0.0780311822891235,0.0751918405294418,0.0714422613382339,0.0674504116177559,0.0634656921029091,0.0595587156713009,0.0557187050580978,0.0519053637981415,0.0481730438768864,0.0457936748862267,0.0462609641253948,0.0488104820251465,0.0522044263780117,0.0558318458497524,0.059422928839922,0.0629311874508858,0.066378727555275,0.069800466299057,0.0732031092047691,0.0757074058055878,0.0755310580134392,0.0729410797357559,0.0692736357450485,0.065306268632412,0.0613566190004349,0.0584970861673355,0.0584339201450348,0.0606985464692116,0.063972994685173,0.067519374191761,0.0710673630237579,0.074544183909893,0.077961839735508,0.0813344791531563,0.0846797227859497,0.0880173072218895,0.0913404375314713,0.0946543738245964,0.0979541167616844,0.10062001645565,0.100789457559586,0.0983854681253433,0.0947204530239105,0.0906866863369942,0.086625337600708,0.0826267823576927,0.0786920636892319,0.0748116075992584,0.0709579735994339,0.0671286061406136,0.0633142665028572,0.0601338557898998,0.0594111829996109,0.0613039657473564,0.0644687041640282,0.0680128261446953,0.0715934857726097,0.0751077383756638,0.0785463973879814,0.0815287083387375,0.0822746679186821,0.080266073346138,0.0768183991312981,0.0729072913527489,0.0689276084303856,0.0650127530097961,0.0611733421683311,0.0573835410177708,0.0536142438650131,0.0498499684035778,0.0460965372622013,0.0423810556530952,0.0386665165424347,0.0354904681444168,0.0346872173249722,0.0365422703325748,0.0397450551390648,0.043388444930315,0.04709492623806,0.0504681468009949,0.0518103949725628,0.0502958297729492,0.047127291560173,0.0433764532208443,0.039531271904707,0.0357301831245422,0.0320159159600735,0.0283364672213793,0.0246742479503155,0.0210326295346022,0.0173995103687048,0.0137919019907713,0.0101975919678807,0.0069387210533022,0.0057925004512071,0.0074399970471859,0.0106311440467834,0.0143665336072445,0.0181904118508101,0.021801482886076,0.0237035471946001,0.0226634237915277,0.0197491887956858,0.0161531511694193,0.0124023724347353,0.008678987622261,0.0050364276394248,0.0014569642953574,-0.0021044879686087,-0.0056463624350726,-0.0091745052486658,-0.0125438319519162,-0.0142766889184713,-0.013147683814168,-0.0101453820243478,-0.0064434744417667,-0.0025790589861571,0.0012530556414276,0.0050019202753901,0.0086369095370173,0.0108973728492856,0.0103012286126614,0.00762176560238,0.0041642361320555,0.0018052516970783,0.0023394646123051,0.005002902355045,0.008540941402316,0.0123221892863512,0.0160898249596357,0.0197670254856348,0.0233741942793131,0.0269653964787722,0.0305252783000469,0.0340859219431877,0.0376125574111938,0.0411283150315285,0.0446347594261169,0.0481094047427177,0.0515511259436607,0.0539746917784214,0.0536011196672916,0.0509413033723831,0.047295618802309,0.04338413849473,0.039476465433836,0.0356483832001686,0.0318883433938026,0.02816491574049,0.0244975332170725,0.0220241900533438,0.0223756209015846,0.0249082818627357,0.0283507816493511,0.0320407450199127,0.0357076674699783,0.039300225675106,0.0428324416279793,0.0463339015841484,0.0498215109109879,0.0525344908237457,0.0526585355401039,0.0502812974154949,0.0467523857951164,0.0428759939968586,0.038969948887825,0.03512904047966,0.0313538610935211,0.0276278518140316,0.0239414498209953,0.0202532410621643,0.0165953896939754,0.0136684374883771,0.0133782848715782,0.0155858006328344,0.0189577359706163,0.0226712189614773,0.0263884291052818,0.030047420412302,0.033645648509264,0.0366971082985401,0.0373334735631943,0.0353040881454945,0.0319360494613647,0.028660960495472,0.0276771560311317,0.0293990522623062,0.0325443223118782,0.0361535586416721,0.0398194715380669,0.0434256941080093,0.0469572246074677,0.0504463240504265,0.0539049133658409,0.0573563724756241,0.0607891641557217,0.0642039254307747,0.0676076486706734,0.0709922760725021,0.0743559598922729,0.0773776844143867,0.0782944932579994,0.0764313340187073,0.0730347633361816,0.0691113695502281,0.0651042759418488,0.0611488595604897,0.0572740808129311,0.0534516423940659,0.0496521815657616,0.0462678149342537,0.0451203063130379,0.0467456802725792,0.049819141626358,0.053359255194664,0.0569857582449913,0.0605504587292671,0.0640330240130424,0.067463792860508,0.0708726868033409,0.0740891769528389,0.0754864066839218,0.0740102231502533,0.0707886517047882,0.0671203881502151,0.0650970563292503,0.0659712180495262,0.0686898753046989,0.0720905512571335,0.0756251215934753,0.0791250616312027,0.0825444310903549,0.0859112441539764,0.0892458036541939,0.0925616174936295,0.0958675146102905,0.0991642326116562,0.102452300488949,0.105712123215199,0.108961626887321,0.112201899290085,0.115434423089027,0.118655733764172,0.121857717633247,0.124951884150505,0.126534715294838,0.125259041786194,0.12203311920166,0.118049472570419,0.113875173032284,0.109743744134903,0.105697184801102,0.101704858243465,0.0977373123168945,0.093807652592659,0.0898918285965919,0.0859932452440262,0.0821163058280945,0.0782641097903252,0.0744209438562393,0.070628821849823,0.0680264085531235,0.0682551190257072,0.0706726908683777,0.0740006342530251,0.0775645077228546,0.0811253637075424,0.0845989361405373,0.0879791602492332,0.0901356264948845,0.0894725471735001,0.0866320878267288,0.0828948467969894,0.0789249464869499,0.0749522596597672,0.0710553303360939,0.0672295540571213,0.0634440779685974,0.0596621707081795,0.0559063777327538,0.0521799921989441,0.0493315793573856,0.0491708740592003,0.0514314584434032,0.0547681637108326,0.0584106743335724,0.0620563365519047,0.0656343400478363,0.0691503062844276,0.0726215541362762,0.0760743692517281,0.079507552087307,0.082925833761692,0.0863282456994057,0.0897026360034943,0.0919991880655289,0.0915463045239449,0.0888040363788605,0.0850754156708717,0.0810657441616058,0.0770732760429382,0.0737841129302979,0.0730379521846771,0.0748868063092232,0.0779998302459717,0.0815032571554184,0.0850533694028854,0.0885312333703041,0.0919384136795998,0.0946699678897858,0.0948983132839203,0.0925383940339088,0.0889305174350739,0.0849597305059433,0.0809582024812698,0.0770177617669106,0.0731417089700699,0.0693119019269943,0.0655114352703094,0.0617322623729706,0.0579584613442421,0.0546068735420704,0.0534892305731773,0.0551500469446182,0.0582571774721146,0.0618123337626457,0.0654392838478088,0.0690058171749115,0.0725108310580254,0.0759627595543861,0.0793864727020264,0.0827807262539864,0.0861730128526688,0.0891249775886536,0.0898338109254837,0.0878260582685471,0.084385946393013,0.0804592967033386,0.07646793872118,0.0725358799099922,0.0686639621853828,0.0651040300726891,0.0635244697332382,0.0647649541497231,0.0676502585411072,0.0711311027407646,0.0747238770127296,0.0782690122723579,0.0817390829324722,0.0851450860500336,0.0885340571403503,0.0915609747171402,0.0924592763185501,0.0905954241752625,0.0871927738189697,0.0832552388310432,0.079243466258049,0.0752910673618317,0.0714182481169701,0.067580945789814,0.0637774989008904,0.0601401589810848,0.058119997382164,0.0590168237686157,0.0617674104869366,0.0652255415916443,0.0688475370407104,0.0724216103553772,0.0759174227714539,0.0793541371822357,0.0827755555510521,0.0861894711852074,0.089573085308075,0.0927989482879639,0.0943564847111702,0.0930521935224533,0.0898848623037338,0.0860246270895004,0.0820027142763138,0.078026607632637,0.0741252452135086,0.0703452974557877,0.0679142847657204,0.0683474093675613,0.0708459764719009,0.0741293579339981,0.0763044580817223,0.0755723789334297,0.0727191790938377,0.069000355899334,0.0650758370757103,0.061169970780611,0.057335190474987,0.0535481534898281,0.0498132966458797,0.0460935719311237,0.0423955842852592,0.0387236326932907,0.0350562743842602,0.0314052067697048,0.0277618020772934,0.0241555888205767,0.0215717367827892,0.0217797458171844,0.0242608040571213,0.0277382712811232,0.0314933434128761,0.0352435931563377,0.0389081612229347,0.0425136126577854,0.0460884869098663,0.0495906211435795,0.0518897883594036,0.0513651371002197,0.0486631393432617,0.0450677201151848,0.0412248224020004,0.0373985506594181,0.0336476638913155,0.0299507286399603,0.0262858346104622,0.0226586982607841,0.0198008920997381,0.0195050854235888,0.0217213202267885,0.0251031313091516,0.0288320686668158,0.0325670577585697,0.0353359207510948,0.0353532657027245,0.0329586155712605,0.0295032858848572,0.0257349610328674,0.0219551529735327,0.0182426758110523,0.014598473906517,0.0110030891373754,0.0074337939731776,0.0038723535835743,0.0003121151530649,-0.0032271235249936,-0.0067472546361386,-0.0097643500193953,-0.0103901298716664,-0.0083579570055007,-0.0049823354929685,-0.0011728942627087,0.0026919639203697,0.0064935171976685,0.0102177737280726,0.0138918375596404,0.0175283700227737,0.0205152947455645,0.0209888033568859,0.0188954100012779,0.0155667215585709,0.0118410941213369,0.0080860909074544,0.0043945000506937,0.0007817957084625,-0.0027808165177702,-0.0063495757058262,-0.0095568560063839,-0.0106694605201483,-0.0089989276602864,-0.0057685375213623,-0.0020108993630856,0.0018360632238909,0.0056067639961838,0.0093126883730292,0.0129662491381168,0.0165844559669495,0.0202017482370138,0.0237991642206907,0.0273809805512428,0.0309544429183006,0.034509751945734,0.0380441024899483,0.041218027472496,0.0422737412154675,0.0405622608959675,0.0372975021600723,0.0336812026798725,0.0317958332598209,0.0328171923756599,0.0356596261262894,0.0391713865101337,0.0428187847137451,0.0464251004159451,0.0499559976160526,0.0534357950091362,0.0568783767521381,0.0600427612662315,0.0612275451421738,0.0595865249633789,0.0563212260603905,0.0524800419807434,0.0485307946801186,0.044638630002737,0.0408356115221977,0.0370705798268318,0.033338837325573,0.0297307074069977,0.0276041403412819,0.0283401496708393,0.0310645177960396,0.0345700643956661,0.0382489375770092,0.0418932139873505,0.0454707741737366,0.0489939078688622,0.0524863079190254,0.0559613481163979,0.0594043955206871,0.0628326386213303,0.0662588626146317,0.0695032775402069,0.0710936933755875,0.0698205158114433,0.0666906535625458,0.062865674495697,0.0588910356163979,0.0549891293048859,0.0523278452455997,0.0525296404957771,0.0549378395080566,0.058265395462513,0.0618242397904396,0.0653815045952797,0.0688799545168877,0.0722992196679115,0.0756816938519478,0.0790509060025215,0.0824098214507103,0.0857570171356201,0.089091993868351,0.0923689231276512,0.094276525080204,0.0932967737317085,0.0902504473924637,0.0863931626081467,0.0823366791009903,0.0783142447471619,0.0752304792404175,0.0748910307884216,0.0769789963960648,0.0801476389169693,0.0836135223507881,0.0870861262083054,0.090503454208374,0.0938640609383583,0.0971815511584282,0.100473500788212,0.103762298822403,0.10702108591795,0.109371587634087,0.10902826488018,0.106309205293655,0.102535396814346,0.0984544083476067,0.0943689793348312,0.0903464108705521,0.0864005014300346,0.0831343680620193,0.0823720023036003,0.0841834470629692,0.0872544273734093,0.0907058790326118,0.0942005291581154,0.0976297929883003,0.100997798144817,0.104306153953075,0.10760585963726,0.110886752605438,0.114158853888512,0.117412716150284,0.120645441114902,0.123117581009865,0.122963391244411,0.120318427681923,0.116535753011703,0.112426251173019,0.108287401497364,0.104627870023251,0.103271245956421,0.104703940451145,0.107587978243828,0.110502779483795,0.111250370740891,0.109232865273952,0.105726704001427,0.101736262440681,0.0976662710309029,0.0936598926782608,0.0897290483117104,0.0858403742313385,0.081987589597702,0.0781521946191788,0.074322834610939,0.0705166012048721,0.0667384043335915,0.0629720836877823,0.0592095628380775,0.0557299554347992,0.054207518696785,0.0555152595043182,0.0584790781140327,0.0617724023759365,0.0632093697786331,0.0617281384766102,0.0585792176425457,0.0548366904258728,0.0509869530797005,0.0471826493740082,0.0434500873088837,0.0397518649697304,0.0360970795154572,0.0324648916721344,0.0288362689316273,0.0252213031053543,0.0216252245008945,0.0180425420403481,0.0144703537225723,0.0110317692160606,0.0092370342463254,0.0103675983846188,0.0133445300161839,0.0170026570558548,0.0208259802311659,0.0244019366800785,0.0260978937149048,0.0248988941311836,0.0219170320779085,0.0183121860027313,0.0145656866952777,0.010877538472414,0.0072620520368218,0.0036938274279236,0.000142310076626,-0.0033865966834127,-0.0068874317221343,-0.0103838415816426,-0.0138809513300657,-0.0172846224159002,-0.019365357235074,-0.0185963269323111,-0.0157483983784914,-0.0120705869048834,-0.0081772059202194,-0.0042982441373169,-0.0005066242301836,0.0032244464382529,0.0069187963381409,0.0105779767036438,0.0142238046973944,0.017867386341095,0.0214962288737297,0.0250072553753853,0.0269768014550209,0.0260666906833649,0.023202208802104,0.0195770841091871,0.0157868973910809,0.012033456005156,0.0093847149983048,0.0095744896680116,0.0120531227439642,0.0155207058414817,0.019251860678196,0.0229851417243481,0.0266509875655174,0.0302462037652731,0.0338093750178814,0.0373383909463882,0.0408521555364132,0.0443561002612114,0.0478447079658508,0.0513238310813904,0.0547807179391384,0.0582101792097092,0.0605917796492577,0.0601794198155403,0.0574931204319,0.053849920630455,0.0506629534065723,0.0500676706433296,0.05202966183424,0.0552013702690601,0.0587349981069565,0.0623007491230965,0.0658057257533073,0.0692391842603683,0.0726285725831985,0.0759919434785843,0.0784581080079079,0.0782188102602959,0.0755667760968208,0.0718686729669571,0.0678811371326447,0.0638801902532578,0.0599673204123974,0.0561103597283363,0.0522991567850113,0.0485163070261478,0.0452503003180027,0.0443842932581902,0.0461868420243263,0.0493231415748596,0.0528874024748802,0.0565080344676971,0.060069166123867,0.0635554790496826,0.0669922307133675,0.0704050362110138,0.073161780834198,0.0734158977866173,0.0710946172475815,0.0675414651632309,0.0636106953024864,0.0596450567245483,0.0557489320635796,0.0519293881952763,0.0481488332152367,0.0443851426243782,0.0409663021564484,0.0396595597267151,0.041143637150526,0.0441906079649925,0.0477747321128845,0.0514242500066757,0.055027924478054,0.0585474073886871,0.0620187781751156,0.0654837042093277,0.0689168572425842,0.0723351091146469,0.0754070654511452,0.0763407349586487,0.0744936540722847,0.0711177363991737,0.0672219395637512,0.063243106007576,0.0593210831284523,0.0554722175002098,0.0518610589206219,0.0500881634652615,0.0511884391307831,0.0540330857038498,0.0574938468635082,0.0611055456101894,0.0644176229834557,0.065691165626049,0.0640613362193108,0.0607964359223843,0.0569758638739586,0.0530425980687141,0.0491770878434181,0.0453667491674423,0.0416126810014248,0.037896316498518,0.0341917835175991,0.0305161960422993,0.0268587544560432,0.0232037417590618,0.0196504350751638,0.0176144447177649,0.0184417273849249,0.0212612319737673,0.0248428527265787,0.0286013446748257,0.0323246791958809,0.0359811410307884,0.0395703017711639,0.0431274510920048,0.0466644279658794,0.0501885414123535,0.0535958483815193,0.0554769784212112,0.0544864982366562,0.0515380725264549,0.0478220358490944,0.0439258702099323,0.0400695353746414,0.0362936593592167,0.032613217830658,0.030147347599268,0.0304960645735264,0.0330179035663605,0.0364145785570145,0.0388572812080383,0.0384728796780109,0.0358507260680199,0.0322848632931709,0.0284798815846443,0.0246935430914164,0.0209685023874044,0.0173169821500778,0.0136898411437869,0.0100913913920522,0.006503318902105,0.0029279617592692,-0.0006438140408135,-0.0042005339637398,-0.0077302418649196,-0.0112212197855115,-0.0138546712696552,-0.0137974452227354,-0.0113229993730783,-0.0077700978145003,-0.0039311992004513,-0.0001140708045568,0.0025878632441163,0.0024797332007437,6.6823347879108e-05,-0.0033326675184071,-0.0070121129974722,-0.0106718055903912,-0.014260308817029,-0.0177792031317949,-0.0212765317410231,-0.0247627906501293,-0.028229309245944,-0.0316773690283298,-0.0351215973496437,-0.0385546758770943,-0.0413362011313438,-0.0416326373815536,-0.0393627732992172,-0.0358474664390087,-0.0319423079490662,-0.0279991831630468,-0.024128332734108,-0.0203404668718576,-0.0172284301370382,-0.0166352316737175,-0.0186137389391661,-0.0218320563435555,-0.0254433490335941,-0.0290799476206303,-0.0326438173651695,-0.0361420214176178,-0.0396106168627739,-0.0430526249110699,-0.0464831441640854,-0.0499023422598839,-0.0528966598212719,-0.0536564365029335,-0.0516479648649693,-0.0482085421681404,-0.0443157963454723,-0.0403441339731216,-0.0364427156746387,-0.0326168164610863,-0.0292602181434631,-0.0281708799302578,-0.0298498645424843,-0.0329327471554279,-0.0364805534482002,-0.0401097647845745,-0.0436644963920116,-0.0471445210278034,-0.0505927242338657,-0.0540201924741268,-0.057414848357439,-0.0608044788241386,-0.0639298260211945,-0.0650919079780579,-0.0634339898824692,-0.0601435899734497,-0.0562636218965054,-0.0522751919925213,-0.0483188889920712,-0.0444563403725624,-0.0409082062542439,-0.0393682420253754,-0.0406625904142857,-0.0435873791575432,-0.0470797307789326,-0.0506909936666489,-0.0542405731976032,-0.0577033497393131,-0.0611264556646347,-0.0645369440317154,-0.067938819527626,-0.0713112279772758,-0.074543334543705,-0.0761148408055305,-0.0747817009687424,-0.0716005861759186,-0.0677321702241898,-0.0637180805206299,-0.0597408562898636,-0.055852685123682,-0.0520156733691692,-0.0482101291418076,-0.044418103992939,-0.0406420156359673,-0.0370345897972584,-0.0351032540202141,-0.0360296107828617,-0.0388154089450836,-0.0423101745545864,-0.0459559001028538,-0.0495646819472313,-0.0530800260603428,-0.0564798526465893,-0.0585225149989128,-0.0577252730727196,-0.0548508614301682,-0.0511197149753571,-0.0471931882202625,-0.0432804487645626,-0.0394473597407341,-0.0356709733605385,-0.0319291204214096,-0.0282078199088573,-0.0245179962366819,-0.0208350121974945,-0.0171820987015963,-0.0136401224881411,-0.0116290366277099,-0.0124796498566866,-0.0152938906103373,-0.0188754536211491,-0.0226203314960003,-0.0263139326125383,-0.0289144162088633,-0.0286826379597187,-0.026154350489378,-0.0226598847657442,-0.0199448391795158,-0.0199832618236542,-0.0223616771399975,-0.0257657058537006,-0.0294541046023369,-0.0331468544900417,-0.0367532260715961,-0.0403000861406326,-0.0438025370240211,-0.0472871921956539,-0.0507517606019974,-0.0542052797973156,-0.0576444864273071,-0.0610727071762085,-0.0644766613841057,-0.0678627118468285,-0.0704728662967682,-0.0704984366893768,-0.0680402144789696,-0.064429447054863,-0.0604672506451607,-0.0564778111875057,-0.0525663793087006,-0.0487338714301586,-0.0449414476752281,-0.0411782264709473,-0.0383288040757179,-0.0381847359240055,-0.0404415503144264,-0.0437517091631889,-0.0473553389310837,-0.050965316593647,-0.0545121431350708,-0.0580002777278423,-0.0614369548857212,-0.0648649930953979,-0.0677766427397728,-0.0682809948921204,-0.0661212503910065,-0.0626371577382088,-0.0587221011519432,-0.0547540709376335,-0.0508639290928841,-0.0470328144729137,-0.0432428419589996,-0.0394680462777615,-0.0357175506651402,-0.0319942981004715,-0.0288201570510864,-0.0280404314398766,-0.0299088899046183,-0.0331247858703136,-0.036766916513443,-0.0404490195214748,-0.0440549738705158,-0.0475917048752308,-0.0507664680480957,-0.0518116652965546,-0.05007728561759,-0.0468059964478016,-0.0429991073906422,-0.0391000434756279,-0.0357164368033409,-0.0346541367471218,-0.036328949034214,-0.039445087313652,-0.0430329740047455,-0.0466932319104671,-0.0502733588218689,-0.0537767894566059,-0.0572467856109142,-0.0606827735900879,-0.064110241830349,-0.0675309076905251,-0.07093246281147,-0.0743236765265465,-0.0775093734264374,-0.0788710042834282,-0.0773704946041107,-0.0741247683763504,-0.0702420100569725,-0.0662175938487053,-0.0622467920184135,-0.0583747886121273,-0.0545400232076645,-0.0507267378270626,-0.0472063422203064,-0.0456759408116341,-0.0469648092985153,-0.0498949438333511,-0.0533887445926666,-0.056996189057827,-0.0605566948652267,-0.0640455186367035,-0.0674799382686615,-0.0708845108747482,-0.0741728693246841,-0.0759692415595055,-0.0748958885669708,-0.0718372389674187,-0.0680358409881592,-0.0640496164560318,-0.0602386966347694,-0.0581973008811474,-0.0590636283159256,-0.06179104372859,-0.0652134716510773,-0.0687793865799904,-0.072294756770134,-0.0757328271865845,-0.0791194587945938,-0.0824937075376511,-0.0858521983027458,-0.089200995862484,-0.0925179794430733,-0.0958233550190926,-0.09908277541399,-0.101130127906799,-0.100378915667534,-0.0974398851394653,-0.093596987426281,-0.0895222947001457,-0.0854630172252655,-0.0814787447452545,-0.0775522142648697,-0.0736773088574409,-0.0698224008083344,-0.0659744888544083,-0.0622038394212723,-0.0596246905624866,-0.0598757080733776,-0.0623231418430805,-0.0656741112470627,-0.0692522153258324,-0.0728088468313217,-0.0762861520051956,-0.0796931460499763,-0.082198403775692,-0.0820144787430763,-0.0794058293104172,-0.0757452845573425,-0.0717873424291611,-0.0678214430809021,-0.0639213770627975,-0.0600976198911667,-0.0563080087304115,-0.052540510892868,-0.0487887933850288,-0.0450499802827835,-0.0413285978138447,-0.0376519784331322,-0.0350362062454224,-0.0351864546537399,-0.0376276709139347,-0.0410543456673622,-0.044748067855835,-0.0484273433685303,-0.0513964965939522,-0.0518144927918911,-0.0496421381831169,-0.0462049245834351,-0.0423855222761631,-0.0385335013270378,-0.0347406379878521,-0.0310312695801258,-0.0273545887321234,-0.0236977227032185,-0.0200598426163197,-0.016431113705039,-0.0128154475241899,-0.009228833951056,-0.0064230225980281,-0.0062536317855119,-0.0085391048341989,-0.0119661018252373,-0.0157181061804295,-0.019506236538291,-0.0228218398988247,-0.0238223727792501,-0.0220363847911358,-0.0188219286501408,-0.0151382610201836,-0.0113664660602808,-0.007660761475563,-0.0040218811482191,-0.0004339627921581,0.0031362741719931,0.0066879512742161,0.0102228401228786,0.0133039085194468,0.0141359847038984,0.0122480262070894,0.0089331902563571,0.0051371939480304,0.0012724375119432,-0.0025257603265345,-0.0062590898014605,-0.0096589252352714,-0.0110859544947743,-0.009685032069683,-0.0066366451792419,-0.0032761057373136,-0.0017770087579265,-0.0031699149403721,-0.0062409676611423,-0.0099023254588246,-0.013669840991497,-0.0173960439860821,-0.0210407301783562,-0.0246289689093828,-0.0282028298825026,-0.0317575037479401,-0.0352933630347252,-0.0388063788414001,-0.0423075519502163,-0.0458003543317318,-0.0492597557604313,-0.0525782071053982,-0.0542324110865593,-0.0529845394194126,-0.0498844832181931,-0.0460958406329155,-0.042169488966465,-0.0382748022675514,-0.0344486348330975,-0.0306949373334646,-0.0269661284983158,-0.0234529078006744,-0.0217828080058098,-0.0229810513556004,-0.0259075034409761,-0.0294677913188934,-0.0331653729081154,-0.036800354719162,-0.0403563044965267,-0.0438630916178226,-0.0473533272743225,-0.0507516525685787,-0.0528022646903992,-0.0520138666033745,-0.0491482615470886,-0.0454536080360413,-0.0415432266891003,-0.0376570634543896,-0.0338468216359615,-0.0301044136285782,-0.0263757221400738,-0.0226713120937347,-0.0189922414720058,-0.015376990661025,-0.0131419505923986,-0.0137965753674507,-0.0165031533688307,-0.0200312081724405,-0.0237525776028633,-0.0274557359516621,-0.0310877058655024,-0.0346589535474777,-0.0371426716446877,-0.036836251616478,-0.0342620573937893,-0.0307341050356627,-0.0279739983379841,-0.0279804691672325,-0.0303226336836815,-0.0336843580007553,-0.0373277813196182,-0.0409683436155319,-0.0445430688560009,-0.0480443723499775,-0.0515303760766983,-0.0549961850047112,-0.0584292337298393,-0.0618561021983624,-0.0652799308300018,-0.0686670765280724,-0.0720517337322235,-0.0754164382815361,-0.0780063420534134,-0.0780118852853775,-0.075523667037487,-0.0718752443790436,-0.0678809583187103,-0.0638774856925011,-0.0599387735128403,-0.0560695305466652,-0.0522335954010487,-0.0484302639961243,-0.0455585159361362,-0.0453996621072292,-0.0476523712277412,-0.0509482882916927,-0.054527685046196,-0.0581298321485519,-0.0616460666060448,-0.0650981813669205,-0.068526104092598,-0.0719347968697548,-0.0748070180416107,-0.0752873495221138,-0.0731040686368942,-0.0696010738611221,-0.0661988407373428,-0.0651346370577812,-0.066756896674633,-0.0697768181562424,-0.0732515454292297,-0.0767781063914299,-0.0802385285496712,-0.0836352556943893,-0.0869835317134857,-0.0903165489435196,-0.0936353951692581,-0.0969384387135506,-0.100218407809734,-0.103487238287926,-0.106753081083298,-0.110010907053947,-0.113238319754601,-0.116457372903824,-0.119679823517799,-0.122870318591595,-0.125722035765648,-0.126458615064621,-0.124422430992126,-0.12085447460413,-0.116776876151562,-0.112604290246964,-0.108491249382496,-0.104446746408939,-0.100461170077324,-0.0965120419859886,-0.092574879527092,-0.0886581391096115,-0.0847719833254814,-0.0808956474065781,-0.0770333558320999,-0.0731864273548126,-0.0695575326681137,-0.0677780658006668,-0.0688542574644089,-0.0716777071356773,-0.0751304253935814,-0.0787028521299362,-0.0822262689471245,-0.0856681913137436,-0.0888789445161819,-0.0902438387274742,-0.0887543857097626,-0.0855266898870468,-0.0816604793071747,-0.0776675343513489,-0.0737196132540703,-0.0698585361242294,-0.0660345107316971,-0.0622365064918995,-0.0584594458341599,-0.0547009110450745,-0.0510625205934048,-0.0489534884691238,-0.0497219748795033,-0.0524595938622952,-0.055946983397007,-0.0595811642706394,-0.0631797462701797,-0.066714346408844,-0.070205882191658,-0.0736575648188591,-0.077098548412323,-0.0805254653096199,-0.0839351788163185,-0.0873241126537323,-0.0905415043234825,-0.0920922607183456,-0.0907851830124855,-0.087619349360466,-0.0837543979287148,-0.0797378569841385,-0.0758135542273521,-0.0731731578707695,-0.0733859539031982,-0.0757761746644974,-0.079069972038269,-0.0825956463813782,-0.086105115711689,-0.0895494371652603,-0.0928837358951569,-0.0950037688016891,-0.0943037122488022,-0.0914255902171135,-0.0876438617706299,-0.083614856004715,-0.079602986574173,-0.0756810531020164,-0.0718194842338562,-0.067983977496624,-0.0641667395830154,-0.0603800639510155,-0.0566140711307526,-0.0537690632045269,-0.0536368675529957,-0.0558989569544792,-0.0592194832861423,-0.0628278106451035,-0.0664303153753281,-0.0699762403964996,-0.0734330713748932,-0.0768683478236198,-0.080292597413063,-0.0837068557739258,-0.0870899334549904,-0.0895491167902946,-0.0893149077892303,-0.0866968110203743,-0.0830306708812714,-0.0790382027626038,-0.0750506073236465,-0.0711522996425629,-0.0673177987337112,-0.0641675963997841,-0.0635374337434769,-0.06546650826931,-0.0686364248394966,-0.0721694901585579,-0.0757420808076859,-0.0792387127876282,-0.0826765522360802,-0.0860843062400818,-0.0894479751586914,-0.0920285135507584,-0.0920045599341393,-0.0895122066140175,-0.0858699083328247,-0.0818757861852646,-0.0778678208589554,-0.0739359557628632,-0.0700695812702179,-0.066235788166523,-0.0624350234866142,-0.0590665079653263,-0.0579897202551365,-0.0596627779304981,-0.062738262116909,-0.0662676766514778,-0.0698762685060501,-0.0734020471572876,-0.0768641754984856,-0.0802876800298691,-0.0836934596300125,-0.0870729386806488,-0.0904406756162643,-0.0933674946427345,-0.0940308198332787,-0.0919724106788635,-0.0884865894913673,-0.0845366045832634,-0.0805171877145767,-0.0765669494867325,-0.0726835802197456,-0.0691106617450714,-0.0675546899437904,-0.0688106715679169,-0.0716989412903786,-0.0749040842056274,-0.076259508728981,-0.0747284293174744,-0.0715150758624077,-0.0676928386092186,-0.0637681260704994,-0.0598907545208931,-0.0560704246163368,-0.0523079410195351,-0.0485742315649986,-0.0448519885540009,-0.0411467328667641,-0.037459634244442,-0.033801905810833,-0.0301518701016903,-0.0265078749507666,-0.0229997076094151,-0.0211988650262356,-0.0222898591309786,-0.0252256207168102,-0.0288469530642033,-0.0326100066304207,-0.0363277867436409,-0.0399764738976955,-0.043558020144701,-0.0471215173602104,-0.0504649206995964,-0.0519606396555901,-0.0506087467074394,-0.047518752515316,-0.0437829867005348,-0.0399251542985439,-0.0361184775829315,-0.0323866903781891,-0.0287017021328211,-0.0250470153987408,-0.0214766375720501,-0.0192809365689754,-0.0199461728334427,-0.022670105099678,-0.0262125413864851,-0.0299698654562235,-0.0335958823561668,-0.0356319025158882,-0.0347617715597153,-0.031913373619318,-0.028301989659667,-0.0245008487254381,-0.0207440201193094,-0.0170531589537859,-0.0134146995842457,-0.0098138079047203,-0.0062254704535007,-0.0026544616557657,0.0009103819611482,0.0044515300542116,0.0079619875177741,0.010414463467896,0.0100853629410267,0.0074878111481666,0.0039065065793693,6.18652848061174e-05,-0.0037722594570368,-0.0075332783162593,-0.0112268812954426,-0.0148724317550659,-0.0184685885906219,-0.0208412297070026,-0.0204020664095879,-0.0177818927913904,-0.0142621621489525,-0.0104971919208765,-0.0067507396452128,-0.0030813876073807,0.0005268697277642,0.0040969671681523,0.0076515348628163,0.0104230828583241,0.0105843264609575,0.0082528749480843,0.0047870748676359,0.0009771278128027,-0.0028362066950649,-0.0065796631388366,-0.0102675417438149,-0.0139100085943937,-0.0175246689468622,-0.0211350694298744,-0.0247212443500757,-0.0282935407012701,-0.031851451843977,-0.0353723764419556,-0.038873128592968,-0.0416081249713898,-0.0417344346642494,-0.0393925532698631,-0.0358740985393524,-0.0325560048222542,-0.0316297933459282,-0.0333982445299625,-0.0365358740091324,-0.0401141718029976,-0.0437451750040054,-0.0473055280745029,-0.0507997535169125,-0.0542579963803291,-0.0576855801045895,-0.0604556500911713,-0.06072998046875,-0.058432400226593,-0.054904542863369,-0.050996221601963,-0.0470369830727577,-0.0431599095463753,-0.0393479987978935,-0.0355865955352783,-0.0318592414259911,-0.0284889526665211,-0.0272447392344475,-0.0287951156497002,-0.0318706035614014,-0.0354598313570023,-0.0391286015510559,-0.0427323989570141,-0.0462737381458282,-0.0497649386525154,-0.0532415844500065,-0.0566945597529411,-0.060132808983326,-0.0635649263858795,-0.0669791102409363,-0.0699387937784195,-0.0706387683749199,-0.0686318054795265,-0.0651820078492165,-0.0612626299262047,-0.0572803467512131,-0.0535831525921822,-0.051797166466713,-0.0528923459351063,-0.0557333640754223,-0.0591903924942017,-0.0627613291144371,-0.0662934929132462,-0.0697461888194084,-0.0731601268053055,-0.0765279978513718,-0.0798882022500038,-0.0832443982362747,-0.086590588092804,-0.0899238735437393,-0.0929926261305809,-0.0940446779131889,-0.092268317937851,-0.0888777822256088,-0.0849177837371826,-0.0808557718992233,-0.0769581198692322,-0.0746468752622604,-0.0752617791295052,-0.0778370648622513,-0.0811658725142479,-0.0846543908119202,-0.0880998522043228,-0.0914889276027679,-0.0948425456881523,-0.0981505364179611,-0.101440168917179,-0.104724004864693,-0.107891410589218,-0.109537370502949,-0.108318358659744,-0.105144575238228,-0.101214572787285,-0.0971096232533455,-0.093022495508194,-0.0890220105648041,-0.0851423814892769,-0.0825031846761703,-0.0826898068189621,-0.0850222259759903,-0.0882678255438805,-0.0917253270745277,-0.0952029004693031,-0.098590761423111,-0.101934678852558,-0.105253994464874,-0.108537048101425,-0.111812844872475,-0.115065589547157,-0.118310123682022,-0.121486477553844,-0.123267255723476,-0.122195884585381,-0.11907871067524,-0.115138918161392,-0.111009985208511,-0.106894716620445,-0.103776976466179,-0.103438057005405,-0.105506278574467,-0.1086066365242,-0.11109060049057,-0.110894195735455,-0.108272820711136,-0.104527562856674,-0.100458920001984,-0.0963943898677826,-0.092409186065197,-0.0884950011968613,-0.0846190229058266,-0.0807539373636246,-0.0769146531820297,-0.073084719479084,-0.0692860260605812,-0.0655038580298424,-0.0617339052259922,-0.0579983666539192,-0.0549128577113152,-0.054339274764061,-0.0563242956995964,-0.0595430545508862,-0.062528483569622,-0.0630345866084099,-0.060907781124115,-0.0574994869530201,-0.0536780916154385,-0.0498228594660759,-0.0460271127521992,-0.042307835072279,-0.0386260375380516,-0.0349742844700813,-0.0313297882676125,-0.0276873558759689,-0.0240669921040535,-0.0204582773149014,-0.0168758668005466,-0.0133011555299163,-0.010146395303309,-0.0092866318300366,-0.0111710876226425,-0.0144586358219385,-0.0182043295353651,-0.0220256708562374,-0.0252552703022957,-0.0260219089686871,-0.0241065453737974,-0.0208408869802952,-0.0171495247632265,-0.0134036727249622,-0.0097320601344108,-0.0061250608414411,-0.0025540953502059,0.0009847413748502,0.0045116594992578,0.0080260233953595,0.0115364771336317,0.0150345023721457,0.0182416290044785,0.0194608047604561,0.0178616531193256,0.0146297570317984,0.0108311492949724,0.0069416407495737,0.0030966012272983,-0.0006653704331256,-0.0043713902123272,-0.0080603566020727,-0.0117221940308809,-0.0153653081506491,-0.0189955420792103,-0.0226027891039848,-0.0258588306605816,-0.0269711278378963,-0.0253064073622227,-0.0221141614019871,-0.0183962043374777,-0.0145929241552949,-0.0109915202483535,-0.0091637494042515,-0.0102452160790563,-0.0131572149693966,-0.0167513489723206,-0.020493445917964,-0.0241854917258024,-0.0278099048882723,-0.0313650481402874,-0.0349089615046978,-0.0384363494813442,-0.041938778012991,-0.0454332232475281,-0.0489211603999138,-0.0523715019226074,-0.0558105260133743,-0.0591240338981152,-0.0607523284852505,-0.0594784170389175,-0.0563625395298004,-0.0526313856244087,-0.0501134693622589,-0.0504803135991096,-0.0529652759432793,-0.0563232377171516,-0.0598845072090626,-0.063415490090847,-0.066885232925415,-0.0702955275774002,-0.073678582906723,-0.0769439935684204,-0.0787017568945885,-0.0775624141097069,-0.0744653195142746,-0.0706249177455902,-0.0666164830327034,-0.0626335963606834,-0.0587310306727886,-0.0548937059938908,-0.0510903224349022,-0.0473291128873825,-0.0446424819529057,-0.0447376854717731,-0.047100193798542,-0.0504455864429474,-0.0540375411510468,-0.0576371923089027,-0.0611646510660648,-0.0646328777074814,-0.0680644959211349,-0.0714370831847191,-0.0735925883054733,-0.0729252099990845,-0.0700947642326355,-0.0663814842700958,-0.0624289475381374,-0.0584781356155872,-0.0546156391501427,-0.0507869906723499,-0.0470085069537163,-0.0432638898491859,-0.0403067693114281,-0.0399778038263321,-0.0421232581138611,-0.0454127602279186,-0.0490391552448273,-0.0526775494217873,-0.0562487319111824,-0.0597513765096664,-0.0632136613130569,-0.0666470155119896,-0.0700700059533119,-0.0734724774956703,-0.0760888680815697,-0.0760943442583084,-0.0736239105463028,-0.0700146108865738,-0.0660605281591415,-0.0620902180671692,-0.0581927113234997,-0.0543559156358242,-0.051101591438055,-0.050269678235054,-0.0520762540400028,-0.0552091747522354,-0.0587583146989346,-0.0623561665415764,-0.065273642539978,-0.0655912011861801,-0.0633065775036812,-0.0597907081246376,-0.0558879375457764,-0.0519621670246124,-0.0481080189347267,-0.0443149320781231,-0.0405698716640472,-0.0368457175791264,-0.033137321472168,-0.029439490288496,-0.0257661566138268,-0.0221117362380028,-0.0188129246234894,-0.0176470875740051,-0.0192707162350416,-0.0224385336041451,-0.0261289663612843,-0.0298829283565283,-0.0335869081318378,-0.0372154712677002,-0.0407791696488857,-0.0443092994391918,-0.0478223152458668,-0.0513414554297924,-0.0545013882219791,-0.0555075481534004,-0.0537520498037338,-0.0504700392484665,-0.046663910150528,-0.0427707098424435,-0.0389265567064285,-0.0351617485284805,-0.0316429995000362,-0.0299942828714848,-0.0312032848596573,-0.0341340601444244,-0.037496592849493,-0.0391753204166889,-0.0379529856145382,-0.0349348224699497,-0.0312496107071638,-0.0274118911474943,-0.0236270427703857,-0.0199137814342976,-0.0162597466260195,-0.0126334922388196,-0.0090434700250625,-0.0054477243684232,-0.0018560888711363,0.0017003293614834,0.0052405847236514,0.0087626595050096,0.0121799390763044,0.0140821496024728,0.0131030306220055,0.0101467296481133,0.0064396536909043,0.0025743469595909,-0.0011120944982394,-0.0030630249530077,-0.0020906922873109,0.0007479692576453,0.0042823930270969,0.0079751517623662,0.0116336960345507,0.0152134401723742,0.0187378190457821,0.0222439300268888,0.0257280059158802,0.029189832508564,0.0326457023620605,0.036093108355999,0.0394744612276554,0.0416372716426849,0.0409906320273876,0.0381742082536221,0.0344726070761681,0.0305302385240793,0.0265950616449118,0.0227570235729218,0.0190163999795914,0.0165238510817289,0.0168475657701492,0.0193479582667351,0.0227472689002752,0.0263889916241169,0.0300249811261892,0.0335811600089073,0.0370781384408474,0.0405356511473656,0.0439861863851547,0.0474195554852486,0.0508381351828575,0.0533324480056763,0.0530860982835293,0.0504804067313671,0.0468357093632221,0.0428823977708817,0.0389312244951725,0.0350635759532452,0.0312601253390312,0.0283881910145283,0.0282575748860836,0.030518539249897,0.0338254496455193,0.0374380350112915,0.0410511121153831,0.044599425047636,0.0480810515582561,0.0515160262584686,0.0549407005310059,0.0583449751138687,0.0617339164018631,0.0644571855664253,0.0646605640649796,0.0623207315802574,0.0587575696408749,0.0548020824790001,0.0508181639015675,0.0469098649919033,0.0430775061249733,0.039924718439579,0.0392997562885284,0.0412467420101166,0.0444287993013859,0.0480022095143795,0.0516017004847527,0.0551247484982014,0.0585917681455612,0.0620187819004059,0.0654116198420525,0.0687889158725739,0.072155199944973,0.0750934630632401,0.0757464841008186,0.0736614912748337,0.0701765790581703,0.0662306547164917,0.0622069984674454,0.0582493245601654,0.0543807931244373,0.0505370683968067,0.0467396788299084,0.0429587550461292,0.0391920059919357,0.0358761921525002,0.0348361469805241,0.0365156419575214,0.0396300628781319,0.0432200059294701,0.0468701981008053,0.0504723824560642,0.0539970099925995,0.0571916252374649,0.0583721250295639,0.0567299909889698,0.0534900166094303,0.0496637150645256
